{
  "poids_LS": 0.62,
  "poids_EM": 0.38,
  "mae_validation": 6.79397198726703,
  "matrice_de_transition": [
    [
      0.2669243068097567,
      0.0022303467487118315,
      0.008082918742074285,
      0.05187694930959664,
      0.0052151249174775885,
      0.031749430120363256,
      0.1096439895864676,
      0.06434295905128584,
      0.07013775759068928,
      0.057854160299524074,
      0.012794184664582561,
      0.1543521153731253,
      0.018847747805685995,
      0.030638814208180834,
      0.005738724415054828,
      0.04197896512713035,
      0.05488234005734613,
      0.004826208366827095,
      0.00788295680611987
    ],
    [
      0.005443555435499306,
      0.5703867172722734,
      0.0018676910842568577,
      0.009898454909897037,
      0.03263976466964637,
      0.0064877957923325305,
      0.04596954711302446,
      0.015353306619175033,
      0.05750555851955194,
      0.014090498028973619,
      0.0021652762689140966,
      0.0289871480766079,
      0.010073815343045904,
      0.0001374392480941607,
      0.02927351717603264,
      0.05528864507586993,
      0.06691377107861796,
      0.010547278360907875,
      0.036970219927278995
    ],
    [
      0.017577914779655042,
      0.014996939173846525,
      0.38598023740199916,
      0.0173091303644894,
      0.027697537095428496,
      0.013620585674217643,
      0.06634280486318143,
      0.17246973435120028,
      0.015423855834598174,
      0.023925433027299298,
      0.005235474901262482,
      0.09127474316247183,
      0.017000399968111684,
      0.025475933790131303,
      0.015559898734192112,
      0.02469792965350439,
      0.06092564290027455,
      0.0006606270345392006,
      0.003825177289596914
    ],
    [
      0.0171826900592086,
      0.013151184226078364,
      0.019412920867809182,
      0.21497936693146733,
      0.009418786313808845,
      0.02419032215616069,
      0.09711850779586827,
      0.06197650453753719,
      0.08613204834004434,
      0.0843251864497566,
      0.02487708284030424,
      0.10207970762027604,
      0.05221888018833143,
      0.02888946332554381,
      0.05266784479521784,
      0.05912478932029904,
      0.02467756321559924,
      0.016650365830783102,
      0.010926785185905933
    ],
    [
      0.005426903156766561,
      0.042258776466944384,
      0.007956007638714423,
      0.020797961211966382,
      0.4291482564243963,
      0.012679316747695873,
      0.07913574864838757,
      0.035945359393956475,
      0.09535902478232822,
      0.03362666370127987,
      0.0019769686165453724,
      0.03163670755266781,
      0.0117636873699345,
      0.002508054490273639,
      0.0003452327565622705,
      0.00827325423258249,
      0.03403932202860163,
      0.0660967929356362,
      0.08102596184476016
    ],
    [
      0.014190440491084814,
      0.005829274058575945,
      0.02583278571650754,
      0.011027320097335251,
      0.01000638035748738,
      0.40553387898525467,
      0.04833948889456966,
      0.011810991932183842,
      0.03949421264339354,
      0.06164715048085127,
      0.012306496883151642,
      0.08698333776463614,
      0.026147329786667662,
      0.034358790134261595,
      0.043174671273793076,
      0.04988609713145912,
      0.05710989706741236,
      0.04058221518746975,
      0.015739241113904734
    ],
    [
      0.012866154105322875,
      0.0060829764012809125,
      0.032494126060986304,
      0.005715795777938532,
      0.02032677923361708,
      0.027446871333965145,
      0.35279619186919864,
      0.03927900831560195,
      0.04934652401539326,
      0.05319253912465507,
      0.04024855086236491,
      0.07373565237668045,
      0.07740176876790951,
      0.008581768600191659,
      0.04890163908741077,
      0.08446040174862997,
      0.035362447622557906,
      0.020241486087310703,
      0.011519318608984348
    ],
    [
      0.008753478342249408,
      0.017546311920448997,
      0.03262266260669768,
      0.01820202243254244,
      0.017446163350014563,
      0.015802366109047415,
      0.016716306499942733,
      0.5368092573243143,
      0.004775134048694389,
      0.03752811981133332,
      0.046992537610945476,
      0.05744977253305181,
      0.013690226514290383,
      0.028488121634318114,
      0.013745531123764324,
      0.03945583813584917,
      0.03950472713674911,
      0.022734767071249492,
      0.03173665579449677
    ],
    [
      0.0038982583185583988,
      0.00810773175153654,
      0.013033462672419309,
      0.01708428070788301,
      0.02980339466766144,
      0.00536781874873861,
      0.08837636520265467,
      0.038787597666096574,
      0.4268217444627387,
      0.06717783958662794,
      0.0011828291187850012,
      0.05143610663452044,
      0.06475461400465386,
      0.01131407448481195,
      0.016531985379725406,
      0.04742499048041551,
      0.04535086694963322,
      0.02340918995545841,
      0.04013684920708104
    ],
    [
      0.011486175146743745,
      0.005465772898329323,
      0.006445698276908866,
      0.015169664699993078,
      0.0076724913501721136,
      0.03489965430319308,
      0.07298114128623019,
      0.0591098141997454,
      0.024648076771083917,
      0.4567954387405951,
      0.026389340169611596,
      0.061297389205663536,
      0.033806577959111656,
      0.006058880985488646,
      0.04375209084330643,
      0.04298440560866944,
      0.07747612803217963,
      0.011199732017091823,
      0.002361527505882431
    ],
    [
      0.021418686967067693,
      0.004814301906963352,
      0.00836274450650107,
      0.031857790086565516,
      0.02323372278750595,
      0.008839110140843967,
      0.03874337973418759,
      0.11619019606335526,
      0.006814168836100865,
      0.009199869336443393,
      0.5269941258758277,
      0.1033349048759108,
      0.004403301678420985,
      0.023672808085598043,
      0.0073435889185769565,
      0.04293211830633353,
      0.01748887511797343,
      0.0009474559433747113,
      0.0034088508324492854
    ],
    [
      0.033230964126399774,
      0.0001078278286097318,
      0.022137574619245034,
      0.016311369129788447,
      0.0036344138882581033,
      0.0031268238923207814,
      0.06214035934037193,
      0.06500423390087402,
      0.047377391092278766,
      0.07155060128976141,
      0.034180306597459416,
      0.48097005655394137,
      0.05299021804941608,
      0.023320205213872486,
      0.014881980749848499,
      0.02496822293181484,
      0.03608089058707464,
      0.005925115556970327,
      0.0020614446516944427
    ],
    [
      0.030560156149031337,
      0.015253459065527938,
      0.027500201618775467,
      0.00025061039912073176,
      0.022360693734823762,
      0.011971803079232483,
      0.08291292429772984,
      0.05166908467284091,
      0.09584500973976927,
      0.04867856075137239,
      0.03031135042278003,
      0.054254714457955364,
      0.4222406178106101,
      0.03900357713595245,
      0.020512045693273865,
      0.025740380395413272,
      0.0065342011450191355,
      0.012502878033256552,
      0.001897731397515294
    ],
    [
      0.013299333798503354,
      0.0028412365872907018,
      0.008084628085284354,
      0.017262732927268955,
      0.008008031572022123,
      0.017840105772441307,
      0.05154285090628131,
      0.03519255650974336,
      0.02254146362220776,
      0.024690802112866034,
      0.005732977574343822,
      0.04632611782069462,
      0.01353174621132293,
      0.6662765961243211,
      0.019255534524502363,
      0.02787158267861195,
      0.01600747522473696,
      0.002243853624430225,
      0.0014503743231266191
    ],
    [
      0.023473144297648345,
      0.0011851906689842272,
      0.009786447363461641,
      0.03841709926290626,
      0.019535841213713295,
      0.030989523914208974,
      0.11760607792052406,
      0.06739056438189359,
      0.05116585007010829,
      0.09713407468611479,
      0.014549639327946017,
      0.10983387325983898,
      0.044719516129516454,
      0.0351556934336864,
      0.25891710503341986,
      0.0451206115132623,
      0.012333632537905778,
      0.014115282234371439,
      0.0085708327504894
    ],
    [
      0.011463066000136518,
      0.0314839476235569,
      0.0171177519884155,
      0.015291373245511233,
      0.033545277597619834,
      0.005690734432516253,
      0.04717592854682412,
      0.03283047507215867,
      0.08157110398260776,
      0.05880418578347303,
      0.008317559925749576,
      0.07360607282987726,
      0.09801593982682916,
      0.004619309793977159,
      0.007155411944636808,
      0.3679685373992815,
      0.02218861923397023,
      0.04302650008229977,
      0.04012820469055873
    ],
    [
      0.007118924683929198,
      0.06027357138066784,
      0.008498643468252602,
      0.006914083073224972,
      0.0044691557816438215,
      0.008309870699151343,
      0.05476644529061175,
      0.058026624233577004,
      0.0365914960536453,
      0.016214949938279086,
      0.012282983941489974,
      0.034452190057741,
      0.023736483282475622,
      0.016502762126487894,
      0.011915107089738025,
      0.07848659106621851,
      0.46243237425033773,
      0.004089549589995963,
      0.09491819399253246
    ],
    [
      0.007439798426016348,
      0.007263856102006324,
      0.004807940443668324,
      0.009675092978733866,
      0.07170246278450122,
      0.02006060659818373,
      0.07431821624123632,
      0.011710099747278801,
      0.10157484024722709,
      0.05103842870163094,
      0.007145157526181497,
      0.04345383943132046,
      0.015929414852494446,
      0.003986707046560549,
      0.011939775667018131,
      0.04512019146239169,
      0.07185461617643034,
      0.3686786472807928,
      0.07230030828632704
    ],
    [
      0.002574118515913843,
      0.07454277720274974,
      0.0034643206089135176,
      0.002867300888640111,
      0.04312789976227926,
      0.008890842424075514,
      0.06029061570348532,
      0.012907110136243094,
      0.034085563452363084,
      0.024351178528149973,
      0.0038577966331691123,
      0.03784537365530533,
      0.0004620243981073124,
      0.0003593267303275404,
      0.0214961493102768,
      0.04292330237801352,
      0.0937901535135294,
      0.0522094413079395,
      0.47995470485051794
    ]
  ]
}