{
  "poids_LS": 0.835,
  "poids_EM": 0.16500000000000004,
  "mae_validation": 6.226594117867673,
  "matrice_de_transition": [
    [
      0.31228186028211613,
      0.0009684400356248744,
      0.0035096884011638356,
      0.03290451793355716,
      0.0022644621352205323,
      0.013785936762789313,
      0.13362163675720623,
      0.07645620553209885,
      0.08058958951678107,
      0.0639023655705771,
      0.005555369656989798,
      0.13871359399031735,
      0.008183890494574185,
      0.01330369564302589,
      0.002491814548642228,
      0.03968489806988923,
      0.06626358137064667,
      0.00209559047506966,
      0.0034228628237099445
    ],
    [
      0.002363649070677331,
      0.6349565630794987,
      0.0008109711286904778,
      0.004298013316139504,
      0.014172529396030663,
      0.002817069225618073,
      0.05458910849443192,
      0.008627502745579056,
      0.05629474529530125,
      0.014940627589558114,
      0.0009401857483442791,
      0.03800709771734049,
      0.007025005515747383,
      5.9677568251411886e-05,
      0.02965827450035084,
      0.04624957337550466,
      0.05337390906965035,
      0.008060285275983927,
      0.022755211887301702
    ],
    [
      0.007632515628008111,
      0.006511828851801782,
      0.45874694202910415,
      0.013949519570690279,
      0.032121914099547774,
      0.009163568241834367,
      0.07535144766856913,
      0.1750324333756654,
      0.019962470011446857,
      0.013898707105647886,
      0.0022732983123902885,
      0.07724763555344831,
      0.007381752617732706,
      0.011061918619399121,
      0.006756271818793945,
      0.022349470723793334,
      0.058610522315593744,
      0.0002868512123657056,
      0.0016609322441670815
    ],
    [
      0.007460904894130051,
      0.005710382624481395,
      0.0084292945873382,
      0.2588079901933984,
      0.004089736162574894,
      0.010503692515175038,
      0.12054395569621582,
      0.08220198762184351,
      0.10205544580758845,
      0.09301902111169129,
      0.010801891233290003,
      0.11747013174078082,
      0.043036253352860473,
      0.01254410907556508,
      0.03055394355866598,
      0.059946773268174165,
      0.020850197298979953,
      0.007229764110734769,
      0.004744525146511787
    ],
    [
      0.0023564184759644283,
      0.018349205571173224,
      0.0034545822641786315,
      0.0090306936841433,
      0.49761789764474723,
      0.0055054927983416305,
      0.09530488677602385,
      0.04035429664474149,
      0.0869861704413405,
      0.04302335252393737,
      0.0008584205834999644,
      0.04088266635672751,
      0.005107916884313665,
      0.0010890236602503962,
      0.00014990369692835433,
      0.003592334074673977,
      0.029473826303575357,
      0.05424683349215418,
      0.0626160781232851
    ],
    [
      0.0061616386342868285,
      0.00253113215701324,
      0.01121686748216775,
      0.004788178463316623,
      0.004344875681540574,
      0.5031229593532569,
      0.06417188439099497,
      0.007397904539180209,
      0.03895854895390584,
      0.0661507838600819,
      0.005343610488736898,
      0.08777132977533844,
      0.011353445828421488,
      0.014918948347771485,
      0.032714604013866014,
      0.0415107380228828,
      0.056445272165003106,
      0.024978054707500044,
      0.016119223134734927
    ],
    [
      0.0055866195457323015,
      0.0026412923847667124,
      0.014109291579112478,
      0.002481858693052258,
      0.016268945772069696,
      0.011917720447642763,
      0.47289489600149415,
      0.03271661977071891,
      0.03981962585708837,
      0.07054648566115891,
      0.021007302484834928,
      0.08656452121638772,
      0.07154133097481606,
      0.003726294260609537,
      0.029598626043099995,
      0.07622651239117878,
      0.02856118119284523,
      0.008789066327384912,
      0.0050018093960063625
    ],
    [
      0.0038008524380819804,
      0.007618793333879172,
      0.014165103500276627,
      0.00886860685930738,
      0.007575307770401061,
      0.006861553705244273,
      0.011590206342708598,
      0.6788566244681445,
      0.002657143066866598,
      0.0308302390749323,
      0.020404654488963173,
      0.04605619417367614,
      0.015863801267165047,
      0.01537082310088568,
      0.017817038268547546,
      0.03193373704581666,
      0.045339395440487276,
      0.009871675175674123,
      0.02451825047894167
    ],
    [
      0.001692664796216147,
      0.003520462471061919,
      0.005659266686708385,
      0.007418174517896572,
      0.01294094768464247,
      0.002330763404057555,
      0.10910812715048322,
      0.0406317807527209,
      0.4929887187910434,
      0.0793163730409386,
      0.0005135968542092769,
      0.06761016985351068,
      0.05359072128067165,
      0.004912690236826243,
      0.007178362072775506,
      0.04323568968844166,
      0.03419888104534731,
      0.01016451669118589,
      0.022988092981262698
    ],
    [
      0.009044642114360037,
      0.002373296126906154,
      0.0027987900412893767,
      0.016052209166575904,
      0.0033314765073115763,
      0.015153797263228574,
      0.0819516545177795,
      0.048660022339434186,
      0.01733071437358863,
      0.5474841642759748,
      0.01145852928417346,
      0.06261799571768104,
      0.017517134888170714,
      0.006383530255379947,
      0.01899761839248832,
      0.03761448167060635,
      0.09534150143007566,
      0.00486304153373724,
      0.0010254001012384242
    ],
    [
      0.022153176721947207,
      0.0020904205648656663,
      0.0036311916936123075,
      0.023376321286340877,
      0.030107830248237603,
      0.0038380346664190915,
      0.03891898444707564,
      0.12484192666312857,
      0.002958783836728008,
      0.0039946801066135795,
      0.5575651455170522,
      0.0937301768623868,
      0.0019119599393143758,
      0.010278982458220204,
      0.0031886636093821003,
      0.054206207634947996,
      0.021315959485804323,
      0.00041139534383375633,
      0.0014801589140898215
    ],
    [
      0.014429234423305166,
      4.681997821212039e-05,
      0.00961236792677745,
      0.007082568174776564,
      0.0015781007672699663,
      0.0013576998479813923,
      0.06650333367502954,
      0.07970771836154751,
      0.06321012797409561,
      0.07470682119902206,
      0.01484144891731791,
      0.5257305351295544,
      0.0446405788726818,
      0.010125878579707792,
      0.006461912694013165,
      0.0266939175018598,
      0.046362470676889506,
      0.006013364332775295,
      0.0008951009671831135
    ],
    [
      0.01326954148576361,
      0.006623212488979237,
      0.011940877018678823,
      0.00010881767330242301,
      0.009709248595384004,
      0.005198282915982527,
      0.08635547272196054,
      0.05981731365059927,
      0.08704774863821223,
      0.058223696167325055,
      0.013161507420417648,
      0.06365136811625266,
      0.5273457004866609,
      0.016935763756400407,
      0.00890654615628997,
      0.019754377931069534,
      0.004566986094624283,
      0.006559523733175955,
      0.0008240149489211146
    ],
    [
      0.00577471072829751,
      0.0012336948339551734,
      0.0035104306159787334,
      0.007593127160335358,
      0.00773677158016965,
      0.01366474403349973,
      0.0632101386987683,
      0.0352320551528403,
      0.024069440222500717,
      0.02309519279075524,
      0.0024893192099124497,
      0.04754018106256373,
      0.005875626644390221,
      0.6849566980656542,
      0.01924187746148261,
      0.03287669788203349,
      0.0202952211954233,
      0.00097430486323944,
      0.0006297677981997163
    ],
    [
      0.010192286339768363,
      0.000514622264164204,
      0.00424937846045045,
      0.01668110889047246,
      0.008482667895428144,
      0.013455977489064425,
      0.1421469588796505,
      0.07253267372844445,
      0.06015368010369922,
      0.10423155542214114,
      0.006317606550292351,
      0.12662938746061897,
      0.035262423891016775,
      0.01526497214883752,
      0.3073086309895476,
      0.05335098854423251,
      0.013374531014534133,
      0.006129004128082337,
      0.003721545799554609
    ],
    [
      0.004977383921111911,
      0.013670661468123393,
      0.007432708100233046,
      0.0066396752250246155,
      0.019829462993826787,
      0.002470976793066268,
      0.0540066560619588,
      0.03985552252775544,
      0.07521811985780545,
      0.0629110310742832,
      0.0036115720730228434,
      0.08976813416371232,
      0.10295878511304724,
      0.0020057529368585035,
      0.0037641622859327,
      0.4540781710148878,
      0.014519961389928369,
      0.018682559246261745,
      0.023598703753159603
    ],
    [
      0.003091112033811363,
      0.0467000173757913,
      0.0036902004533202093,
      0.0053151311648040375,
      0.0019405544841348175,
      0.0036082333298946626,
      0.06026092759695633,
      0.06892690352082248,
      0.02575410771834711,
      0.007040701946884342,
      0.005333400921962752,
      0.04358864713632099,
      0.02754858628428246,
      0.013445555881621307,
      0.005173664920544143,
      0.06609574184046668,
      0.5286168151817561,
      0.0017757254798666685,
      0.08209397272841243
    ],
    [
      0.003230438790243941,
      0.0031540427811343258,
      0.0020876583505401937,
      0.004201027214450232,
      0.031133964103796593,
      0.008710526549211358,
      0.09292036358572754,
      0.009016814116759031,
      0.08095154685007513,
      0.058982063898166716,
      0.003102502610052493,
      0.053773155860912615,
      0.006916719607004168,
      0.0017310701649539228,
      0.005853078003115884,
      0.04088154513222177,
      0.049908112912912084,
      0.4744045721810441,
      0.06904079728767779
    ],
    [
      0.0011177093555941688,
      0.03628095266994412,
      0.001504244474922975,
      0.0012450122279621537,
      0.018726588054673893,
      0.003860497368348579,
      0.07500261436969971,
      0.01641070860956921,
      0.03878376948843403,
      0.028249924112220975,
      0.0016750959065076412,
      0.04755147252672324,
      0.000200615857072912,
      0.0001560234486948531,
      0.022227774463785203,
      0.028985666403531722,
      0.08318823869155031,
      0.029092796639611434,
      0.5657402953311529
    ]
  ]
}