{
  "poids_LS": 0.985,
  "poids_EM": 0.015000000000000013,
  "mae_validation": 5.841619059475924,
  "matrice_de_transition": [
    [
      0.3439266650302738,
      8.8040003238625e-05,
      0.00031906258192398524,
      0.019667937903762173,
      0.00020586019411095762,
      0.0012532669784353929,
      0.15035022780655874,
      0.08490730772801491,
      0.08788156527917068,
      0.06812204366666062,
      0.0005050336051808911,
      0.12780299767673045,
      0.0007439900449612899,
      0.0012094268766387182,
      0.0002265285953311118,
      0.03808438616948845,
      0.07420398228690286,
      0.00019050822500633283,
      0.0003111693476099952
    ],
    [
      0.00021487718824339386,
      0.6800052927124465,
      7.372464806277077e-05,
      0.0003907284832854097,
      0.0012884117632755156,
      0.0002560972023289159,
      0.060602755969832486,
      0.003935081438419071,
      0.05544999188303334,
      0.015533741236477529,
      8.547143166766179e-05,
      0.04430008583878184,
      0.00489792889205074,
      5.425233477401084e-06,
      0.029926709842898424,
      0.03994324428222656,
      0.04392749371455667,
      0.006325173821385826,
      0.012837764417550097
    ],
    [
      0.000693865057091647,
      0.0005919844410728896,
      0.509514410373596,
      0.011605605063388563,
      0.035208688753584474,
      0.006054021195985569,
      0.08163654730023498,
      0.1768203629276178,
      0.02312894501855059,
      0.006903316927751553,
      0.00020666348294457184,
      0.06746128140761795,
      0.0006710684197938828,
      0.0010056289653999208,
      0.0006142065289812681,
      0.020711011005390273,
      0.0569953219076769,
      2.607738294233689e-05,
      0.00015099384037882567
    ],
    [
      0.0006782640812845506,
      0.0005191256931346727,
      0.0007662995079398368,
      0.28938609944590843,
      0.00037179419659771787,
      0.000954881137743186,
      0.13688729144064438,
      0.09631278977368514,
      0.11316479287796807,
      0.09908448715490152,
      0.0009819901121172737,
      0.128207636941133,
      0.03662976951415981,
      0.0011403735523240989,
      0.015125640370373977,
      0.06052025044111029,
      0.01817994200831533,
      0.0006572512827940704,
      0.00043132046786470825
    ],
    [
      0.00021421986145131182,
      0.0016681095973793852,
      0.0003140529331071485,
      0.0008209721531039369,
      0.5453874147752247,
      0.0005004993453037849,
      0.1065856808185608,
      0.043430299377847315,
      0.08114464415693046,
      0.04957918193509376,
      7.803823486363318e-05,
      0.04733333528979242,
      0.00046435608039215173,
      9.900215093185427e-05,
      1.3627608811668586e-05,
      0.0003265758249703618,
      0.026288596727975625,
      0.04597941992693417,
      0.04977197320132575
    ],
    [
      0.0005601489667533484,
      0.00023010292336484014,
      0.0010197152256516144,
      0.00043528895121060235,
      0.0003949886983218706,
      0.5712083642611654,
      0.0752177417140824,
      0.004319006358014884,
      0.03858483010077488,
      0.06929285365954511,
      0.0004857827717033547,
      0.08832109164327027,
      0.0010321314389474087,
      0.0013562680316155905,
      0.025416882669730845,
      0.035667464226201644,
      0.05598158037262456,
      0.014091431116823495,
      0.016384326870197852
    ],
    [
      0.0005078745041574823,
      0.00024011748952424675,
      0.001282662870828408,
      0.00022562351755020543,
      0.013437899170990125,
      0.0010834291316038883,
      0.5566846895821654,
      0.028138209158009807,
      0.03317295272338729,
      0.08265389022151043,
      0.007583175709814005,
      0.09551489482548581,
      0.06745265344475088,
      0.0003387540236917763,
      0.01613140764009247,
      0.07048193842086399,
      0.023816111590720106,
      0.0007990060297622652,
      0.00045470994509148784
    ],
    [
      0.0003455320398256348,
      0.0006926175758071979,
      0.0012877366818433308,
      0.002356921575655011,
      0.0006886643427637334,
      0.0006237776095676616,
      0.008013857395801061,
      0.7779594387545378,
      0.001179474940009999,
      0.026157299026280414,
      0.001854968589905744,
      0.038107186015972176,
      0.01738024876917063,
      0.00621921947290956,
      0.020657624648628865,
      0.026685759541142804,
      0.049410094257048794,
      0.0008974250159703755,
      0.019482153747159038
    ],
    [
      0.00015387861783783166,
      0.00032004204282381105,
      0.0005144787897007626,
      0.0006743795016269616,
      0.0011764497895129526,
      0.00021188758218705056,
      0.12357214711408455,
      0.04191842011548205,
      0.5391517241363722,
      0.08778511731138788,
      4.66906231099343e-05,
      0.07889440000629457,
      0.04580195891510265,
      0.0004466082033478405,
      0.0006525783702523192,
      0.04031292169404129,
      0.026418425763287373,
      0.0009240469719259907,
      0.011023844451621995
    ],
    [
      0.007341246975487685,
      0.00021575419335510506,
      0.0002544354582990344,
      0.01666793786419183,
      0.000302861500664689,
      0.0013776179330207805,
      0.08821015212118599,
      0.041369469878751945,
      0.012225577817196565,
      0.6107553681378677,
      0.0010416844803794061,
      0.06353934909815837,
      0.006152407164258425,
      0.006610029746001785,
      0.0017270562174989395,
      0.033868023109167,
      0.1078057154286078,
      0.0004420946848852039,
      9.3218191021675e-05
    ],
    [
      0.02266561143465385,
      0.00019003823316960617,
      0.0003301083357829373,
      0.01745901747223066,
      0.03490371917432945,
      0.00034891224240173583,
      0.039041499363044053,
      0.13087801777924948,
      0.0002689803487934554,
      0.0003631527369648711,
      0.5788937638713949,
      0.08702920382969564,
      0.00017381453993767064,
      0.0009344529507472919,
      0.0002898785099438275,
      0.06207185135258599,
      0.023986018347081688,
      3.739957671215969e-05,
      0.00013455990128089296
    ],
    [
      0.0013117485839368342,
      4.256361655647311e-06,
      0.0008738516297070415,
      0.0006438698340705971,
      0.00014346370611545157,
      0.00012342725890739938,
      0.0695472692573488,
      0.08996596333411042,
      0.07425622347303762,
      0.07690883508920389,
      0.0013492226288470835,
      0.5569587759962612,
      0.038815249214495084,
      0.0009205344163370727,
      0.0005874466085466518,
      0.027897890457705122,
      0.05353566608838825,
      0.006074933246127598,
      8.137281519846492e-05
    ],
    [
      0.0012063219532512381,
      0.0006021102262708402,
      0.0010855342744253483,
      9.892515754765735e-06,
      0.0008826589632167282,
      0.00047257117418023005,
      0.08875725069235406,
      0.0655021245653144,
      0.08091012461387011,
      0.06488309296915251,
      0.0011965006745834233,
      0.07020717299413451,
      0.6006748279350683,
      0.0015396148869454927,
      0.0008096860142081796,
      0.015578097141992504,
      0.0031945104780697333,
      0.0024129974773057688,
      7.491044990191957e-05
    ],
    [
      0.0005249737025725012,
      0.00011215407581410674,
      0.0003191300559980669,
      0.0008468905787537742,
      0.007547520423063273,
      0.01075170095981956,
      0.07135010692608482,
      0.03525961234569863,
      0.025135470408751612,
      0.02198197698463143,
      0.0002263017463556774,
      0.04838720192898404,
      0.0005341478767627477,
      0.6979893273270494,
      0.019232349277980457,
      0.03636863872162992,
      0.023286671872646332,
      8.857316938540369e-05,
      5.725161801815607e-05
    ],
    [
      0.0009265714854334882,
      4.678384219674585e-05,
      0.000386307132768223,
      0.0015164644445884066,
      0.0007711516268571045,
      0.0012232706808240395,
      0.15926850373485502,
      0.07612019187720087,
      0.0664242591969022,
      0.10918328616820604,
      0.0005743278682083959,
      0.13834718806581428,
      0.028664452561830946,
      0.0013877247408034118,
      0.3410701607263809,
      0.05909311205421173,
      0.01410073925404229,
      0.0005571821934620309,
      0.0003383223454140556
    ],
    [
      0.00045248944737381034,
      0.0012427874061930366,
      0.0006757007363848229,
      0.0006036068386386018,
      0.010260290014436286,
      0.00022463425391511545,
      0.05877227990972717,
      0.04475671842700899,
      0.07078580535212942,
      0.06577627197484845,
      0.0003283247339111678,
      0.10104399090824841,
      0.1064072818243622,
      0.0001823411760780459,
      0.001398174151953088,
      0.5141546595839155,
      0.009169734987108465,
      0.0016984144769328872,
      0.012066493796834627
    ],
    [
      0.0002810101848919423,
      0.037230095977040224,
      0.00033547276848365563,
      0.004199583321719664,
      0.00017641404401225625,
      0.00032802121180860593,
      0.06409428734556884,
      0.07653174953517979,
      0.01819313911232511,
      0.0006400638133531224,
      0.00048485462926934144,
      0.049962919516725636,
      0.030208193029729092,
      0.011312621292179501,
      0.0004703331745949224,
      0.057450963310872384,
      0.5747920065292572,
      0.00016142958907878815,
      0.07314684161391008
    ],
    [
      0.0002936762536585403,
      0.0002867311619213025,
      0.00018978712277638136,
      0.00038191156495002136,
      0.0028303603730724194,
      0.0007918660499283057,
      0.10589860591909352,
      0.00713777763034989,
      0.06656320261950402,
      0.06452413496551725,
      0.0002820456918229541,
      0.06097267895132575,
      0.0006287926915458339,
      0.00015737001499581128,
      0.0016065447492305922,
      0.03792435001814972,
      0.03459659900813189,
      0.548166845367266,
      0.06676671984675972
    ],
    [
      0.00010160994141765178,
      0.009586656484265774,
      0.00013674949772027054,
      0.00011318292981474132,
      0.001702417095879446,
      0.00035095430621350746,
      0.08526679948566322,
      0.01885507963747115,
      0.04206158765313469,
      0.030969979170875163,
      0.0001522814460461493,
      0.05432316941375899,
      1.823780518844656e-05,
      1.4183949881350291e-05,
      0.022738210617395716,
      0.019261734328311856,
      0.07579155393203002,
      0.01296490501054534,
      0.6255907072943865
    ]
  ]
}