{
  "poids_LS": 0.2075,
  "poids_EM": 0.7925,
  "mae_validation": 7.916944280534016,
  "matrice_de_transition": [
    [
      0.179901093752323,
      0.004651446837774017,
      0.016857139744983873,
      0.08827754439153286,
      0.010876280255528918,
      0.06621427202733653,
      0.06364036420074815,
      0.04110242801251669,
      0.050084824244117844,
      0.046250045535294416,
      0.026682608807057053,
      0.18435625523548932,
      0.039307474042121454,
      0.06389805331574555,
      0.011968260786660396,
      0.04638037285323249,
      0.03304623753764159,
      0.010065184554501243,
      0.01644011386539473
    ],
    [
      0.011352678112192632,
      0.4465027107816669,
      0.0038951189059830515,
      0.020643488200245794,
      0.06807108815972301,
      0.01353046885637771,
      0.02943201655567292,
      0.028257465213864994,
      0.05982863040328872,
      0.01245943549994523,
      0.004515740639774794,
      0.011681430742644201,
      0.01592327605821167,
      0.00028663316872269034,
      0.02853531998402678,
      0.07263105008238471,
      0.09289141330512558,
      0.015318834861052654,
      0.0642432004690959
    ],
    [
      0.03665920384967532,
      0.031276511303350976,
      0.24636969945464665,
      0.023754895259569114,
      0.01920890679682756,
      0.022171840050301834,
      0.04905878087610038,
      0.1675529280833311,
      0.006716049565062912,
      0.04316275601651422,
      0.010918720682238202,
      0.11818721706350532,
      0.035454781512443447,
      0.0531307303386291,
      0.03245057828117697,
      0.029203693879112806,
      0.06536744402204589,
      0.0013777550654534645,
      0.007977507900014617
    ],
    [
      0.03583495229453372,
      0.02742714078728185,
      0.04048615733615467,
      0.1308895664870647,
      0.019643126720246075,
      0.05044955344409828,
      0.05217433449868977,
      0.02317179861997273,
      0.05558134389650039,
      0.06764515483092842,
      0.05188181092352924,
      0.07255156831930756,
      0.06983671074475825,
      0.060249736014456504,
      0.09509567856302086,
      0.057547727094724686,
      0.032020765264926955,
      0.034724776107620016,
      0.022788098052185398
    ],
    [
      0.01131794934667763,
      0.08813179039487744,
      0.016592463299161,
      0.043374695422324624,
      0.29778208431558345,
      0.026443048743549944,
      0.04811356503141097,
      0.02748635187791546,
      0.11142322206445582,
      0.015598132820599794,
      0.004123020075295283,
      0.013897367986739302,
      0.02453347958071866,
      0.005230613640899629,
      0.0007199919988831563,
      0.01725408941926743,
      0.04279870336150089,
      0.08883218023999123,
      0.11634725038014833
    ],
    [
      0.02959453707680188,
      0.012157104451109043,
      0.053874954421926906,
      0.022997766255626804,
      0.020868569561338812,
      0.21829901548850622,
      0.017963381256079235,
      0.020277961930388486,
      0.04052193948950367,
      0.053006458532327404,
      0.025665523104993884,
      0.08547149262782357,
      0.05453094435772138,
      0.0716561610036903,
      0.06324340497016478,
      0.06595510007233228,
      0.05838504949645336,
      0.07052043006183024,
      0.015010205841381682
    ],
    [
      0.026832702969653625,
      0.012686207363197692,
      0.06776735500876749,
      0.011920442510569175,
      0.0281121573865859,
      0.05724117245307204,
      0.12237425952235267,
      0.05186963750055198,
      0.06762487513307125,
      0.01989717658368839,
      0.07716489949367243,
      0.04912212495166067,
      0.0886456319755888,
      0.0178975042517155,
      0.08593648969568148,
      0.10025798016699562,
      0.048411389028401995,
      0.042214151905772976,
      0.024023842099000253
    ],
    [
      0.018255609437454356,
      0.03659329525514692,
      0.06803542135738924,
      0.03610915696258645,
      0.03638443277601721,
      0.032956250372158095,
      0.026551266103938456,
      0.26427651803673297,
      0.008838721397550037,
      0.05037870494512599,
      0.09800417383335339,
      0.07930954496673769,
      0.009519995883775032,
      0.053655031611252436,
      0.005933918578540699,
      0.05388777627370226,
      0.028310305391204937,
      0.04741395501043479,
      0.045585921806898994
    ],
    [
      0.008129920309098764,
      0.016908887929191332,
      0.027181629389190266,
      0.035629717002624434,
      0.062155763879267606,
      0.011194727258882495,
      0.048600310302751026,
      0.03524933941850341,
      0.29987347976308437,
      0.04388879284289238,
      0.002466821254308193,
      0.020404473714364737,
      0.08617371050996858,
      0.023595800076877553,
      0.034477890561664164,
      0.05546260246501652,
      0.06674711897529806,
      0.04882048168342313,
      0.07303853266359296
    ],
    [
      0.016170511778642715,
      0.011399013215594707,
      0.013442673380132306,
      0.013476410781549281,
      0.016001182618451053,
      0.0727841474612645,
      0.05577027287686233,
      0.07915883346662154,
      0.03868720230116209,
      0.2827996281203897,
      0.05503566338004524,
      0.05876366740935088,
      0.06505957919987043,
      0.00543600738627859,
      0.09124613682452722,
      0.05328716665262767,
      0.043199539536216275,
      0.02335733585143492,
      0.004925027758978491
    ],
    [
      0.020009491507124434,
      0.010040353319127516,
      0.01744072374053184,
      0.04813037557536861,
      0.010045028240753368,
      0.018434196806891692,
      0.038406463715274446,
      0.09959094549402278,
      0.014211128427920883,
      0.019186569602977342,
      0.4683404254013854,
      0.12176258071581147,
      0.009183201526706923,
      0.04937026423114854,
      0.015315247942032205,
      0.021301598082829044,
      0.010146213249460675,
      0.0019759443029591017,
      0.007109248117673838
    ],
    [
      0.06930405018466268,
      0.00022487777414003274,
      0.04616849443618865,
      0.03401778956672985,
      0.007579665806433018,
      0.006521073512274261,
      0.05376953648899397,
      0.03679406022632606,
      0.01700062847018828,
      0.06549506309176134,
      0.07128392889075418,
      0.3950923941704978,
      0.06900987460942953,
      0.04863490166314196,
      0.031036762484881405,
      0.021657297303240203,
      0.016354603205453098,
      0.005755801045251495,
      0.004299197069652226
    ],
    [
      0.06373400986344036,
      0.03181149028797603,
      0.05735239416547252,
      0.0005226545823767893,
      0.04663381522328377,
      0.024967510369188796,
      0.07630803487914764,
      0.0360358546573743,
      0.11272347580671008,
      0.03036521954634691,
      0.06321511897382415,
      0.036226251043780314,
      0.22058551732748938,
      0.08134298652695346,
      0.04277841108399878,
      0.0372251525653751,
      0.010308509090544146,
      0.02390582523689956,
      0.00395776876981808
    ],
    [
      0.027736110619247124,
      0.0059254736721786345,
      0.016860704625231187,
      0.03581488352661831,
      0.008528472254064659,
      0.02585097422506177,
      0.029157938281160894,
      0.03511677422938294,
      0.01960988061001779,
      0.027752145579706518,
      0.011956275599124945,
      0.043996810438038776,
      0.02822081282229848,
      0.6304368656554844,
      0.019281737029133283,
      0.018268745369721773,
      0.007780985862373623,
      0.0046796157825288245,
      0.0030247938186259097
    ],
    [
      0.04895386014706925,
      0.0024717463293947367,
      0.020409893514587763,
      0.0801198714890874,
      0.04074251095228365,
      0.06462946763687002,
      0.07052182956871167,
      0.05752488947281344,
      0.033921757563800115,
      0.08351681513443635,
      0.030343655703676888,
      0.07760992159555183,
      0.06286393728477747,
      0.07331812380578019,
      0.16607289825712823,
      0.029329771860819445,
      0.010336559879258349,
      0.029437792554577277,
      0.01787469724937592
    ],
    [
      0.023906525802916294,
      0.06566060129386538,
      0.03569952223899811,
      0.031890561308072767,
      0.05986050329094371,
      0.011868176415181921,
      0.03407046296546108,
      0.019352186349211396,
      0.09375996887321689,
      0.050924773306918615,
      0.017346490108306682,
      0.04259746678240302,
      0.08853257387071303,
      0.009633692136123416,
      0.01366187931308074,
      0.20275819383445542,
      0.03690174184172496,
      0.08973289819795412,
      0.0718417820704524
    ],
    [
      0.014846704768457604,
      0.08631585522723328,
      0.01772414460155312,
      0.009981839641706998,
      0.009320541991980864,
      0.017330454023887998,
      0.04422470598192736,
      0.037113297694094396,
      0.05738415972020578,
      0.033816704805489935,
      0.02561648624639685,
      0.01692294101162823,
      0.016422564732497383,
      0.02236833224745286,
      0.02484926939109838,
      0.10225973202260283,
      0.33545059804470956,
      0.008528863289662634,
      0.1195228045574139
    ],
    [
      0.0155158954016262,
      0.015148963054842136,
      0.010027086320018808,
      0.020177661014859443,
      0.14953737304399267,
      0.041836922971212116,
      0.03862804982447989,
      0.01687745008490394,
      0.14114278688129767,
      0.03579773326641695,
      0.014901414051312727,
      0.023655150932684353,
      0.03322121387000486,
      0.008314382458945354,
      0.02361774211520268,
      0.05325247802608982,
      0.11396127941457584,
      0.16583239601868263,
      0.07855402124885175
    ],
    [
      0.005368391904899265,
      0.14795209171336518,
      0.007224931796220954,
      0.005979831458545495,
      0.08994436989896398,
      0.01854208584494696,
      0.03206410663458564,
      0.0061850898095127576,
      0.025071563499436268,
      0.016871027116850956,
      0.008045536399438214,
      0.01922320721595701,
      0.0009635640407895923,
      0.000749385352064673,
      0.020092449887847887,
      0.06966411558486815,
      0.11413103660221019,
      0.09656114328787126,
      0.31536607195162547
    ]
  ]
}