{
  "poids_LS": 0.895,
  "poids_EM": 0.10499999999999998,
  "mae_validation": 6.071313248287257,
  "matrice_de_transition": [
    [
      0.3249397821813792,
      0.0006162800226703743,
      0.0022334380734678944,
      0.02760988592163916,
      0.001441021358776702,
      0.008772868849047741,
      0.14031307317694722,
      0.07983664641046528,
      0.08350637982173692,
      0.06559023680901051,
      0.0035352352362662334,
      0.13434935546488258,
      0.0052079303147290245,
      0.008465988136471017,
      0.0015857001673177812,
      0.039044693309728914,
      0.06943974173714915,
      0.0013335575750443285,
      0.0021781854332699638
    ],
    [
      0.0015041403177037554,
      0.6529760549326777,
      0.0005160725364393948,
      0.002735099382997865,
      0.0090188823429286,
      0.0017926804163024093,
      0.056994567484592154,
      0.006750534222715061,
      0.05595684393039408,
      0.01517787304832588,
      0.0005983000216736319,
      0.04052429296591704,
      0.006174174866268726,
      3.797663434180755e-05,
      0.029765648637369874,
      0.04372704173819342,
      0.049595342927612876,
      0.007366240694144687,
      0.018788232899401056
    ],
    [
      0.004857055399641524,
      0.004143891087510223,
      0.4790539293669009,
      0.01301195376776959,
      0.03335662396116246,
      0.007919749423494847,
      0.07786548752123547,
      0.1757476051964464,
      0.02122906001428835,
      0.011100551034489353,
      0.0014466443806120013,
      0.07333309389511616,
      0.004697478938557175,
      0.007039402757799438,
      0.004299445702868872,
      0.02169408683643211,
      0.057964442152427006,
      0.00018254168059635804,
      0.0010569568826517787
    ],
    [
      0.004747848568991849,
      0.003633879851942705,
      0.005364096555578852,
      0.27103923389440243,
      0.0026025593761840222,
      0.006684167964202295,
      0.12708128999398724,
      0.08784630848258017,
      0.1064991846357403,
      0.09544520752897538,
      0.006873930784820907,
      0.12176513382092169,
      0.04047365981738021,
      0.007982614866268684,
      0.024382622283349177,
      0.06017616413734861,
      0.019782095182714104,
      0.004600758979558488,
      0.003019243275052955
    ],
    [
      0.0014995390301591812,
      0.011676767181655683,
      0.0021983705317500375,
      0.0057468050717275525,
      0.5167257044969382,
      0.0035034954171264906,
      0.09981720439303864,
      0.04158469773798382,
      0.08464955992757646,
      0.04564568428839993,
      0.0005462676440454317,
      0.04346293392995348,
      0.0032504925627450587,
      0.0006930150565229792,
      9.539326168168e-05,
      0.00228603077479253,
      0.028199734473335465,
      0.050939868066066166,
      0.057478436154501364
    ],
    [
      0.0039210427672734345,
      0.0016107204635538793,
      0.007138006579561293,
      0.0030470226584742134,
      0.0027649208882530914,
      0.5303571213164202,
      0.06859022732022994,
      0.006166345266714078,
      0.03880906141265346,
      0.06740761177986719,
      0.0034004794019234794,
      0.08799123452251117,
      0.007224920072631853,
      0.009493876221309124,
      0.02979551547621194,
      0.039173428504210336,
      0.056259795448051694,
      0.02062340527122942,
      0.0162252646289201
    ],
    [
      0.0035551215291023727,
      0.0016808224266697256,
      0.008978640095798846,
      0.0015793646228514364,
      0.015136527131637868,
      0.007584003921227209,
      0.5064108134337626,
      0.03088525552563527,
      0.037160956603607936,
      0.07538944748529952,
      0.015637651774826553,
      0.09014467066002696,
      0.06990585996278999,
      0.002371278165842432,
      0.02421173868189698,
      0.07392868280305286,
      0.026663153351995178,
      0.005593042208335851,
      0.0031829696156404114
    ],
    [
      0.002418724278779441,
      0.0048483230306503805,
      0.009014156772903304,
      0.0062639327458464305,
      0.004820650399346128,
      0.004366443266973627,
      0.010159666763945582,
      0.7184977501827019,
      0.002066075816123958,
      0.02896106305547154,
      0.012984780129340194,
      0.04287659091059455,
      0.01647038026796728,
      0.011710181649695228,
      0.018953272820580073,
      0.029834546043947113,
      0.046967674967111885,
      0.006281975111792622,
      0.022503811786228615
    ],
    [
      0.0010771503248648204,
      0.002240294299766675,
      0.0036013515279053345,
      0.004720656511388726,
      0.00823514852659066,
      0.0014832130753093524,
      0.11489373513592376,
      0.04114643649782536,
      0.511453920929175,
      0.08270387074911832,
      0.00032683436176953975,
      0.07212386191462423,
      0.050475216334444045,
      0.0031262574234348804,
      0.00456804859176623,
      0.04206658249068151,
      0.031086698932523332,
      0.006468328803481928,
      0.018202393569406415
    ],
    [
      0.008363284058811097,
      0.0015102793534857337,
      0.001781048208093239,
      0.016298500645622275,
      0.0021200305046528206,
      0.009643325531145453,
      0.0844550535591421,
      0.04574380135516129,
      0.015288659751031802,
      0.5727926458207321,
      0.007291791362655835,
      0.06298653706987198,
      0.012971243798605795,
      0.006474130051628682,
      0.012089393522492563,
      0.036115898246030606,
      0.10032718702948852,
      0.003094662794196424,
      0.0006525273371517243
    ],
    [
      0.022358150607029868,
      0.0013302676321872418,
      0.0023107583504805586,
      0.02100939976069679,
      0.03202618581867434,
      0.0024423856968121484,
      0.03896799041346301,
      0.12725636310957694,
      0.0018828624415541861,
      0.0025420691587540955,
      0.5660965928587892,
      0.09104978764931033,
      0.0012167017795636933,
      0.006541170655231037,
      0.00202914956960679,
      0.0573524651220032,
      0.022383983030315267,
      0.0002617970369851176,
      0.0009419193089662498
    ],
    [
      0.00918224008755783,
      2.979453158953115e-05,
      0.006116961407949284,
      0.004507088838494175,
      0.00100424594280816,
      0.0008639908123517947,
      0.06772090790795723,
      0.08381101635057267,
      0.06762856617367241,
      0.07558762675509478,
      0.009444558401929575,
      0.5382218314762371,
      0.042310447009407115,
      0.006443740914359501,
      0.004112126259826558,
      0.027175506684197933,
      0.04923174884148901,
      0.006037991898116216,
      0.0005696097063892538
    ],
    [
      0.008444253672758657,
      0.004214771583895877,
      0.007598739920977431,
      6.924761028336007e-05,
      0.006178612742517091,
      0.0033079982192616066,
      0.08731618391011796,
      0.06209123801648533,
      0.08459269902847537,
      0.06088745488805604,
      0.008375504722083954,
      0.0662736900674054,
      0.5566773514660239,
      0.010777304208618436,
      0.005667802099457251,
      0.01808386561543872,
      0.004017995848002462,
      0.004900913230827879,
      0.0005243731493134364
    ],
    [
      0.003674815918007505,
      0.0007850785306987464,
      0.002233910391986466,
      0.004894632527702722,
      0.007661071117327099,
      0.012499526804027663,
      0.06646612598969491,
      0.03524307802998364,
      0.024495852297001075,
      0.022649906468305715,
      0.0015841122244897399,
      0.04787898940913186,
      0.00373903513733923,
      0.6901697497702123,
      0.019238066188081746,
      0.034273474217872066,
      0.021491801466312514,
      0.0006200121856978251,
      0.00040076132612709204
    ],
    [
      0.0064860003980344106,
      0.0003274868953772206,
      0.0027041499293775583,
      0.010615251112118834,
      0.005398061387999725,
      0.008562894765768268,
      0.1489955768217323,
      0.07396768098794702,
      0.0626619117409804,
      0.1062122477205671,
      0.004020295077458767,
      0.1313165077026971,
      0.03262323535934244,
      0.009714073185623872,
      0.3208132428842809,
      0.0556478379482242,
      0.013665014310337396,
      0.0039002753542342126,
      0.0023682564178983865
    ],
    [
      0.003167426131616669,
      0.008699511843351247,
      0.004729905154693755,
      0.004225247870470209,
      0.016001793802070584,
      0.0015724397774058065,
      0.05591290560106615,
      0.041816000887456864,
      0.07344519405553503,
      0.0640571274345093,
      0.002298273137378172,
      0.09427847686152675,
      0.10433818379757323,
      0.00127638823254632,
      0.0028177670323408545,
      0.4781087664424989,
      0.012379870828800406,
      0.011888901338530197,
      0.01898581977062961
    ],
    [
      0.001967071294243594,
      0.04291204881629087,
      0.002348309379385587,
      0.004868912027570288,
      0.0012348983080857925,
      0.002296148482660239,
      0.061794271496401335,
      0.07196884192656541,
      0.02272972027593831,
      0.004480446693471852,
      0.0033939824048853868,
      0.04613835608848285,
      0.028612428982461115,
      0.012592382045844584,
      0.0032923322221644537,
      0.06263783042862896,
      0.5470868917207565,
      0.001130007123551516,
      0.07851512028261148
    ],
    [
      0.00205573377560978,
      0.0020071181334491155,
      0.0013285098594346683,
      0.0026733809546501466,
      0.019812522611506914,
      0.005543062349498135,
      0.09811166051907394,
      0.008265199522195375,
      0.0751962091578467,
      0.06119889232510693,
      0.0019743198427606763,
      0.05665296509707787,
      0.004401548840820833,
      0.0011015901049706777,
      0.004154464701561765,
      0.03969866708659294,
      0.043783507351,
      0.5039094814555329,
      0.06813116631131055
    ],
    [
      0.0007112695899235618,
      0.025603234195672772,
      0.0009572464840418929,
      0.0007922805087031884,
      0.01191691967115611,
      0.0024566801434945493,
      0.07910828841608511,
      0.01738845702072999,
      0.0400948967543143,
      0.02933794613568265,
      0.001065970122323044,
      0.050260151281537546,
      0.00012766463631912577,
      9.928764916945193e-05,
      0.02243194892522941,
      0.02509609357344378,
      0.0802295647877422,
      0.02264163998798499,
      0.5896804601164463
    ]
  ]
}