{
  "poids_LS": 0.205,
  "poids_EM": 0.795,
  "mae_validation": 7.923848396834648,
  "matrice_de_transition": [
    [
      0.17937368033985368,
      0.004666120171647121,
      0.016910316841971206,
      0.08849815405869611,
      0.010910590287880745,
      0.06642314985707577,
      0.0633615543499256,
      0.04096157630925143,
      0.04996329131474469,
      0.046179717567026365,
      0.0267667810745872,
      0.18453809850738245,
      0.039431472382948335,
      0.06409962446185201,
      0.012006015552548916,
      0.0464070480515725,
      0.03291389752237065,
      0.010096935925335632,
      0.016491975423329728
    ],
    [
      0.011388490976899864,
      0.44575189862111775,
      0.003907406347326847,
      0.020708609614126697,
      0.06828582345360228,
      0.013573151723432531,
      0.029331789097749583,
      0.028335672235650994,
      0.05984270962682653,
      0.012449550272496572,
      0.004529985878386071,
      0.011576547607286845,
      0.015958727335273284,
      0.00028753737430225725,
      0.02853084606165099,
      0.07273615556727268,
      0.09304885356104381,
      0.015347753385295957,
      0.06440849126025842
    ],
    [
      0.03677484802585726,
      0.03137517537686312,
      0.24552357498223845,
      0.023793960501357476,
      0.019157460552593618,
      0.022223665834399314,
      0.048954029215572625,
      0.16752312925746524,
      0.006663274981611183,
      0.043279345852812484,
      0.010953164596062298,
      0.11835032296593583,
      0.035566626249075764,
      0.053298335166195754,
      0.03255294603600718,
      0.02923100154108619,
      0.0653943640288445,
      0.001382101295943854,
      0.008002673540077755
    ],
    [
      0.035947996308081154,
      0.02751366173613763,
      0.04061387392081131,
      0.13037993133285622,
      0.01970509241967903,
      0.05060870030038881,
      0.05190194556961597,
      0.0229366185841087,
      0.05539618811199407,
      0.06754406373020824,
      0.05204547594221546,
      0.0723726098993017,
      0.06994348547540327,
      0.06043979827317719,
      0.0953528169494924,
      0.05753816914184242,
      0.03206526951977136,
      0.0348343179880857,
      0.02285998479682952
    ],
    [
      0.011353652656919516,
      0.08840980866110734,
      0.01664480545467886,
      0.04351152411450862,
      0.29698592569674215,
      0.026526465301100578,
      0.04792555179736868,
      0.027435085165697037,
      0.11152058083586265,
      0.01548886899708052,
      0.004136026447772555,
      0.013789856837854886,
      0.02461087226078402,
      0.005247113999388271,
      0.0007222632670184345,
      0.01730851872342916,
      0.042851790521094224,
      0.08896997046607824,
      0.11656131879551433
    ],
    [
      0.02968789523792744,
      0.012195454938336518,
      0.05404490695953552,
      0.023070314414161908,
      0.020934401011059124,
      0.2171642587400411,
      0.017779283634027775,
      0.020329276900074574,
      0.040528168137055856,
      0.05295409070233635,
      0.02574648690027778,
      0.08546232993002473,
      0.054702966264212616,
      0.07188220567562624,
      0.0633650336592337,
      0.06605248796894364,
      0.058392777692993,
      0.07070187378834153,
      0.015005787445790633
    ],
    [
      0.02691734872034654,
      0.012726226944785068,
      0.06798113215390557,
      0.011958046430160877,
      0.028159341496603894,
      0.057421743975006025,
      0.1209777629626748,
      0.051945944344097134,
      0.06773565301863294,
      0.01969538650768253,
      0.07738863493992279,
      0.0489729520581757,
      0.0887137766010899,
      0.01795396325566413,
      0.08616094333573159,
      0.10035372306650088,
      0.04849047352177075,
      0.042347319577400025,
      0.024099627089848835
    ],
    [
      0.01831319811075863,
      0.03670873151778146,
      0.06825004413769648,
      0.03621768505064733,
      0.036499210166477836,
      0.03306021330708604,
      0.026610871919720253,
      0.26262480446529307,
      0.008863349199664314,
      0.050456587279270194,
      0.09831333526500435,
      0.07944202843603276,
      0.009494721758741605,
      0.053807558338385374,
      0.00588657547220601,
      0.053975242565446835,
      0.028242460410928913,
      0.04756352584642986,
      0.04566985675242871
    ],
    [
      0.00815556674540507,
      0.01696222826966197,
      0.027267375854140397,
      0.03574211358622893,
      0.062351838844186436,
      0.011230041855913671,
      0.04835924330335767,
      0.03522789542912406,
      0.29910409634066226,
      0.04374764710505155,
      0.002474603024826516,
      0.020216403211818335,
      0.08630352321606141,
      0.023670234777435527,
      0.03458665362337289,
      0.0555113152649232,
      0.06687679322999907,
      0.04897448951207747,
      0.07323793680575365
    ],
    [
      0.016198901697623922,
      0.011434972247820559,
      0.013485079289848812,
      0.013466148636589018,
      0.016051659535228503,
      0.0730137504501013,
      0.05566596458347222,
      0.07928034267429959,
      0.03877228791043529,
      0.2817451080560248,
      0.05520927746010847,
      0.058748311519676265,
      0.06524899132860232,
      0.005432232394768226,
      0.09153397952744372,
      0.05334960762865166,
      0.042991802636240736,
      0.02343101829891579,
      0.004940564124148771
    ],
    [
      0.020000950928579325,
      0.010072026357989119,
      0.01749574179649566,
      0.04822899730560378,
      0.009965096758651837,
      0.018492348847291985,
      0.038404421800008304,
      0.09949034397542075,
      0.014255958486053127,
      0.019247095059138155,
      0.467984948428813,
      0.12187426359968967,
      0.009212170616696536,
      0.04952600638960643,
      0.015363561027022844,
      0.02117050402086841,
      0.010101712268439386,
      0.001982177565744462,
      0.007131674767887321
    ],
    [
      0.06952267494865215,
      0.0002255871677493073,
      0.04631413637447316,
      0.034125101205741616,
      0.007603576424118927,
      0.006541644722092161,
      0.05371880422928865,
      0.036623089476783346,
      0.016816526878539247,
      0.06545836286025833,
      0.07150879932889537,
      0.3945719234893861,
      0.06910696343706599,
      0.04878832406586481,
      0.031134670252972518,
      0.02163723108730945,
      0.016235049948594787,
      0.005754774896695624,
      0.004312759205518637
    ],
    [
      0.06393506352231557,
      0.0319118419923545,
      0.05753331654454341,
      0.0005243033350025836,
      0.04678092505048655,
      0.02504627223155217,
      0.07626800524630775,
      0.03594110780879571,
      0.11282576954044912,
      0.030254229599649792,
      0.06341453575292139,
      0.03611698762914896,
      0.21936336520334926,
      0.08159958900811104,
      0.04291335875303348,
      0.03729475724519305,
      0.010331383684153388,
      0.023974934007830736,
      0.003970253844801734
    ],
    [
      0.027823606236342543,
      0.0059441660181476525,
      0.01691389296789753,
      0.03592732080297801,
      0.008531626440016432,
      0.025899524942956442,
      0.029022272144038956,
      0.0351163149428353,
      0.019592113440246944,
      0.02777069917647525,
      0.01199399255685089,
      0.04398269342359844,
      0.028309837468425605,
      0.6302196551677945,
      0.019281895832191656,
      0.018210546355728503,
      0.007731128351086573,
      0.004694377977426392,
      0.0030343357549622693
    ],
    [
      0.04910828872797483,
      0.002479543636427528,
      0.020474278036715803,
      0.08037261556318548,
      0.040871036223426506,
      0.06483334608367404,
      0.07023647048779161,
      0.0574650975036675,
      0.03381724791224673,
      0.0834342862886686,
      0.03043937701504496,
      0.07741462491879858,
      0.06297390347359724,
      0.07354941126258077,
      0.16551020609484768,
      0.029234069802319795,
      0.01032445640859988,
      0.02953065625348762,
      0.01793108430694493
    ],
    [
      0.02398194071081193,
      0.06586773252823089,
      0.035812139028395584,
      0.03199116244784587,
      0.06001998950726689,
      0.011905615457501108,
      0.03399103590133161,
      0.019270499750890506,
      0.0938338407816448,
      0.0508770192919092,
      0.01740121089729188,
      0.04240953583666075,
      0.08847509892552445,
      0.009664082332136425,
      0.013701312448647068,
      0.20175691902497161,
      0.03699091228177197,
      0.09001596727744295,
      0.0720339855697245
    ],
    [
      0.014893539799272928,
      0.08647368725054581,
      0.01778005672963373,
      0.010000432105758406,
      0.009349944332649573,
      0.0173851242258561,
      0.044160816652783826,
      0.03698655026052178,
      0.05751017586363949,
      0.03392338210771546,
      0.025697295351275077,
      0.016816703138621485,
      0.016378237953406607,
      0.022403881157276893,
      0.02492765825353087,
      0.10240381166476276,
      0.3346810115222512,
      0.008555768221175765,
      0.11967192340932228
    ],
    [
      0.015564841443902624,
      0.01519675158182902,
      0.010058717507148205,
      0.020241312942351115,
      0.1500090997728381,
      0.04196890064620017,
      0.03841174578559045,
      0.01690876735967743,
      0.14138259261847386,
      0.03570536541529444,
      0.014948421666616554,
      0.023535158881177465,
      0.033326012651929166,
      0.00834061079477799,
      0.0236885176694341,
      0.05330176461132435,
      0.11421647131298887,
      0.16460302479891226,
      0.07859192253953373
    ],
    [
      0.0053853268951355405,
      0.14839699664979317,
      0.007247723379174333,
      0.005998695280181285,
      0.09022810608161055,
      0.01860057822931588,
      0.031893036882652916,
      0.006144350292381059,
      0.02501693319669126,
      0.01682569286587339,
      0.008070916640445907,
      0.019110345601173084,
      0.0009666036749876668,
      0.0007517493437115648,
      0.020083942618621047,
      0.06982618111945516,
      0.11425431468153553,
      0.09682994148168902,
      0.31436856508557165
    ]
  ]
}