{
  "poids_LS": 0.57,
  "poids_EM": 0.43000000000000005,
  "mae_validation": 6.928008976692182,
  "matrice_de_transition": [
    [
      0.2563760385603708,
      0.002523813426173915,
      0.009146460681820904,
      0.05628914265286164,
      0.005901325564514114,
      0.0359269867151479,
      0.10406779257001675,
      0.06152592498598049,
      0.06770709900322608,
      0.0564476009341629,
      0.014477630015185532,
      0.1579889808109876,
      0.021327714622223628,
      0.034670237130309894,
      0.0064938197328252,
      0.04251246909393061,
      0.05223553975192739,
      0.005461235783514871,
      0.008920187964819854
    ],
    [
      0.006159812729643953,
      0.5553704740612908,
      0.0021134399111327603,
      0.01120088318751507,
      0.036934470547231424,
      0.007341453133428917,
      0.043964997954557605,
      0.01691744705489503,
      0.05778714299030792,
      0.013892793480000483,
      0.002450181041139636,
      0.026889485369460783,
      0.010782840884278118,
      0.00015552335968549764,
      0.029184038728516777,
      0.0573907547736293,
      0.07006257619698253,
      0.011125648845773908,
      0.04027603575052953
    ],
    [
      0.019890798303293863,
      0.016970220644089488,
      0.3690577479538352,
      0.01809043520025664,
      0.026668612210749593,
      0.01465710135616724,
      0.06424777165262616,
      0.17187375783388278,
      0.014368364165563597,
      0.026257229753264742,
      0.005924353177744388,
      0.09453686121108196,
      0.01923729470075796,
      0.02882803034146437,
      0.01760725383079634,
      0.025244082892972076,
      0.061464043036246835,
      0.0007475516443469903,
      0.004328490090859666
    ],
    [
      0.0194435703301571,
      0.01488160320319394,
      0.02196725256094197,
      0.20478666384729732,
      0.010658100302467903,
      0.02737325928197131,
      0.09167072921439207,
      0.05727290382025664,
      0.0824289326499178,
      0.08230336443535317,
      0.028150383214028487,
      0.09850053922015864,
      0.054354374801231654,
      0.03269070849995748,
      0.057810612524648516,
      0.05893363026265366,
      0.02556764831248745,
      0.018841203440096668,
      0.012364520078788294
    ],
    [
      0.006140969361604267,
      0.047819141791542334,
      0.009002850749071584,
      0.023534535055646174,
      0.4132250840475705,
      0.01434764789870849,
      0.07537548396754191,
      0.03492002514958787,
      0.09730620021046489,
      0.03144138723089441,
      0.0022370960660908165,
      0.029486484574979502,
      0.013311540971241672,
      0.002838061660046487,
      0.0003906581192678325,
      0.00936184031581703,
      0.035101065220468214,
      0.06885259745737621,
      0.08530733015207993
    ],
    [
      0.016057603713595974,
      0.006596283803125412,
      0.02923183646867959,
      0.012478283268037259,
      0.011323009351893615,
      0.3828387440159518,
      0.044657536453540515,
      0.012837291325905616,
      0.0396187855944372,
      0.06059979388103019,
      0.01392577278882949,
      0.08680008380865886,
      0.02958776791649236,
      0.03887968357298023,
      0.04560724505517147,
      0.05183385506368617,
      0.05726446099820521,
      0.04421108971769527,
      0.015650873202083755
    ],
    [
      0.014559069119181148,
      0.006883368033028402,
      0.03676966896374767,
      0.00646787416977255,
      0.02127046143397694,
      0.03105830177264477,
      0.32486626067564156,
      0.040805145186504986,
      0.051562081726626956,
      0.04915673760453789,
      0.044723259787371884,
      0.07075219450698107,
      0.07876466127793125,
      0.009710948679164248,
      0.053390711888413295,
      0.08637525973873489,
      0.03694413748993295,
      0.022904839519851585,
      0.013035018425955974
    ],
    [
      0.009905251808334858,
      0.019855037173139658,
      0.036915118212842116,
      0.020372584193759896,
      0.01974171115922701,
      0.017881624807606286,
      0.017908422815578577,
      0.5037749858955165,
      0.0052676900909799235,
      0.039085766494217286,
      0.053175766243964626,
      0.060099441918953125,
      0.013184744013621855,
      0.03153865617697682,
      0.012798668997070552,
      0.04120516397074046,
      0.0381478275312286,
      0.025726183791150742,
      0.03341535470509098
    ],
    [
      0.004411187044684504,
      0.009174538560949243,
      0.01474839197142185,
      0.01933221237997288,
      0.03372489396603795,
      0.006074110689362111,
      0.08355502521478755,
      0.03835871787850953,
      0.41143407601429577,
      0.0643549248298115,
      0.001338464529151449,
      0.04767469658359247,
      0.0673508681265102,
      0.012802768495971418,
      0.018707246613899803,
      0.04839924647854897,
      0.0479443520436532,
      0.026489346528545045,
      0.044124932050294614
    ],
    [
      0.012053973526367863,
      0.00618495354284634,
      0.007293816471238981,
      0.014964421800787768,
      0.008682029685721076,
      0.03949171407992901,
      0.07089497541842801,
      0.06153999835330615,
      0.026349788956547944,
      0.4357050374532975,
      0.029861621770876284,
      0.06099027141217109,
      0.03759482053374908,
      0.005983381155281366,
      0.04950894490163623,
      0.04423322512914922,
      0.07332139003266891,
      0.012673380966709169,
      0.0026722548092880144
    ],
    [
      0.021247875396165482,
      0.005447762684195372,
      0.009463105625777528,
      0.03383022469126892,
      0.021635093145475334,
      0.010002150948849754,
      0.03870254142886478,
      0.11417816569131495,
      0.007710769998745717,
      0.010410378459659631,
      0.5198845864243802,
      0.10556856255347451,
      0.0049826834782132215,
      0.02678765125475568,
      0.008309850618389715,
      0.04031023706712086,
      0.01659885549754764,
      0.0010721211990819103,
      0.0038573838367189283
    ],
    [
      0.03760345940618922,
      0.00012201570079522283,
      0.02505041338493517,
      0.01845760191002377,
      0.004112626241976275,
      0.0035382480886787795,
      0.06112571414626551,
      0.061584818910019726,
      0.0436953592592981,
      0.0708165966597008,
      0.038677715360283034,
      0.47056064293170574,
      0.054931994602144985,
      0.026388653268329395,
      0.01684013611167067,
      0.02456689861319973,
      0.033689825449908395,
      0.005904592585852894,
      0.002332687369022659
    ],
    [
      0.03458122932653546,
      0.017260493153097405,
      0.031118649200193294,
      0.0002835854516366175,
      0.02530289027887952,
      0.013547040326499917,
      0.08211233164093198,
      0.0497741477012692,
      0.09789088441454998,
      0.0464587618174299,
      0.03429968600472477,
      0.05206944616532808,
      0.3977975753278076,
      0.04413562675910409,
      0.023210999073967797,
      0.027132473991772283,
      0.006991693017203987,
      0.01388505345187995,
      0.002147432897188359
    ],
    [
      0.015049246140411691,
      0.0032150835066710576,
      0.009148394938611243,
      0.01951147845446282,
      0.008071115291057581,
      0.018811120130334695,
      0.04882952816384247,
      0.03518337077879058,
      0.022186120226790795,
      0.02506187404824064,
      0.006487316728862746,
      0.046043777531887854,
      0.015312239133865422,
      0.6619323863705228,
      0.019258710585669747,
      0.02670760239874647,
      0.015010324998995947,
      0.0025390975223815704,
      0.001641213049853806
    ],
    [
      0.026561715915759974,
      0.0013411368096400468,
      0.011074137806022384,
      0.04347198074486762,
      0.02210634663657031,
      0.035067092850289104,
      0.11189889630212255,
      0.06619472499897477,
      0.04907565703904063,
      0.09548349777075983,
      0.016464065555307335,
      0.10592793972477388,
      0.04691883990591174,
      0.039781442569697775,
      0.24766326178780873,
      0.04320657034326922,
      0.012091563124736391,
      0.015972556212578207,
      0.009698573901869586
    ],
    [
      0.01297136415804922,
      0.03562657231086702,
      0.019370087776364908,
      0.01730339604097324,
      0.036735001924083334,
      0.006439515278899971,
      0.045587387264234655,
      0.03119674310574082,
      0.08304854215116644,
      0.05784910548328461,
      0.00941197570545347,
      0.06984745391503189,
      0.09686644092305749,
      0.005227113714237312,
      0.007944074655963347,
      0.34794304120960556,
      0.0239720280349102,
      0.048687881672076064,
      0.043972274676000386
    ],
    [
      0.008055625300235672,
      0.0634302118469182,
      0.009616886029864788,
      0.007285932354253097,
      0.005057202595018009,
      0.009403274738513363,
      0.053488658707740916,
      0.055491675562124566,
      0.0391118189223193,
      0.018348495982789495,
      0.013899166039054445,
      0.03232743259760612,
      0.022849947700660074,
      0.017213740322968497,
      0.013482884338387766,
      0.08136818390941661,
      0.44704064380117065,
      0.00462764822025859,
      0.0979005710306999
    ],
    [
      0.008418719271544816,
      0.008219626641743999,
      0.005440564186256262,
      0.010948131528567271,
      0.0811369973614093,
      0.02270016009794475,
      0.06999213546344765,
      0.012336445242748517,
      0.10637095499075079,
      0.049191071679180756,
      0.008085309832258011,
      0.04105399840118275,
      0.018025390490980557,
      0.004511273763213253,
      0.013355286751646564,
      0.04610592316708237,
      0.07695845414469041,
      0.34409122288538546,
      0.0730583340999664
    ],
    [
      0.002912818320639349,
      0.0834408759313092,
      0.003920152267981086,
      0.003244577321355915,
      0.048802623415210744,
      0.010060690111453873,
      0.056869220664830814,
      0.012092319793609113,
      0.032992957397462865,
      0.023444493508598577,
      0.004365401453322943,
      0.03558814135962674,
      0.0005228170820688009,
      0.00040660656326537467,
      0.02132600392573996,
      0.04616461306975349,
      0.09625571510003617,
      0.05758540518429487,
      0.4600045675294401
    ]
  ]
}