{
  "poids_LS": 0.5525,
  "poids_EM": 0.4475,
  "mae_validation": 6.97510507602671,
  "matrice_de_transition": [
    [
      0.2526841446730857,
      0.0026265267632856436,
      0.009518700360732218,
      0.05783341032300439,
      0.006141495790976897,
      0.03738913152332252,
      0.10211612361425895,
      0.06053996306312362,
      0.06685636849761395,
      0.055955305156286494,
      0.01506683588789657,
      0.15926188371423938,
      0.022195703008011797,
      0.03608123515305506,
      0.00675810309404483,
      0.0426991954823107,
      0.051309159645030834,
      0.005683495379355591,
      0.009283218870364847
    ],
    [
      0.006410502782594578,
      0.5501147889374469,
      0.0021994520005393257,
      0.01165673308468138,
      0.03843761760438619,
      0.007640233202812651,
      0.04326340574909421,
      0.017464896207397027,
      0.05788569755507251,
      0.013823596887859883,
      0.0025498977114185744,
      0.026155303421959295,
      0.011030999823709394,
      0.00016185279874246554,
      0.029152721271886225,
      0.05812649316784508,
      0.07116465798841012,
      0.01132807851547702,
      0.04143307128866722
    ],
    [
      0.02070030753656745,
      0.017660869158674524,
      0.36313487664697786,
      0.018363891892775173,
      0.02630848850111198,
      0.0150198818448496,
      0.06351451002893181,
      0.17166516605282167,
      0.013998942081401495,
      0.027073358607352646,
      0.0061654605745130545,
      0.09567860252809549,
      0.020020207857184155,
      0.030001264134430945,
      0.018323828114607817,
      0.025435236526785768,
      0.06165248308383714,
      0.0007779752577797166,
      0.004504649571301629
    ],
    [
      0.020234878424989076,
      0.01548724984518439,
      0.022861268653538443,
      0.20121921776783783,
      0.011091860198498574,
      0.028487287276005024,
      0.08976400671087542,
      0.055626643569208455,
      0.0811328421583735,
      0.08159572673031198,
      0.02929603834483197,
      0.09724783028011758,
      0.05510179791574673,
      0.034021144311002255,
      0.05961058122994925,
      0.058866724592477784,
      0.025879178096398323,
      0.019607996603356416,
      0.012867727291297119
    ],
    [
      0.006390892533297463,
      0.049765269655151614,
      0.00936924583769659,
      0.024492335900934095,
      0.4076519737156815,
      0.014931563801562903,
      0.07405939132924594,
      0.03456115816405886,
      0.09798771161031272,
      0.030676540466259495,
      0.0023281406734317212,
      0.028733906532788595,
      0.01385328973169918,
      0.002953564169466983,
      0.0004065569962147791,
      0.009742845444949117,
      0.035472675337621516,
      0.06981712903998522,
      0.08680580905964186
    ],
    [
      0.01671111084147488,
      0.006864737213717725,
      0.030421504231939803,
      0.01298612037778296,
      0.011783829499935797,
      0.37489544677669584,
      0.043368853099180316,
      0.013196496113708238,
      0.03966238612730247,
      0.06023321907109282,
      0.014492519355816736,
      0.0867359449240668,
      0.030791921261930998,
      0.04046199627653175,
      0.046458645878653906,
      0.052515570339965637,
      0.0573185583739827,
      0.0454811958032742,
      0.015619944432946415
    ],
    [
      0.015151589374031544,
      0.007163505104140022,
      0.038266108979714136,
      0.006731101606914456,
      0.02160075020410289,
      0.032322302426182635,
      0.3150907847578966,
      0.04133929309132105,
      0.05233752692555875,
      0.04774420707249688,
      0.046289407911124326,
      0.0697079842525863,
      0.07924167365643886,
      0.010106161706804652,
      0.054961887368764166,
      0.08704546003527162,
      0.03749772894351421,
      0.023837013221240894,
      0.013565513361896042
    ],
    [
      0.010308372521464763,
      0.020663091011581387,
      0.038417477674992664,
      0.02113228081018601,
      0.02054515289245136,
      0.01860936535210189,
      0.018325663526051125,
      0.49221299089543735,
      0.0054400847057798594,
      0.03963094283322667,
      0.05533989626552132,
      0.061026826204018586,
      0.01300782513838787,
      0.03260634326690737,
      0.012467267252727732,
      0.04181742801295241,
      0.03767291266929643,
      0.02677317964311618,
      0.03400289932379895
    ],
    [
      0.004590712098828641,
      0.009547920944243688,
      0.015348617226072739,
      0.020118988465204334,
      0.035097418720469724,
      0.006321312868580336,
      0.08186755621903408,
      0.038208609952854064,
      0.4060483920573408,
      0.06336690466492576,
      0.0013929369227797053,
      0.046358203065767684,
      0.06825955706915991,
      0.01332381139987723,
      0.019468588045860838,
      0.04874023607789568,
      0.04885207182656019,
      0.027567401329125364,
      0.045520761045419356
    ],
    [
      0.012252702959236306,
      0.0064366667684272955,
      0.00759065783925452,
      0.014892586786065911,
      0.009035368103163213,
      0.04109893500178658,
      0.07016481736469726,
      0.0623905628070524,
      0.026945388221460347,
      0.4283233970027433,
      0.03107692033131892,
      0.06088278018444874,
      0.03892070543487218,
      0.005956956214708819,
      0.05152384382205165,
      0.04467031196131714,
      0.07186723173284015,
      0.013189158099075239,
      0.0027810093654799684
    ],
    [
      0.021188091346349705,
      0.005669473956226579,
      0.009848232017524288,
      0.034520576802915114,
      0.02107557277076462,
      0.010409215231651777,
      0.0386882480220018,
      0.11347395506110086,
      0.008024580405671415,
      0.010834056652785314,
      0.5173962476163736,
      0.1063503427406218,
      0.005185467108140503,
      0.027877846363960852,
      0.00864804221332418,
      0.03939257863339644,
      0.016287348630398615,
      0.0011157540385794298,
      0.004014370388213303
    ],
    [
      0.03913383275411552,
      0.00012698145606014467,
      0.026069906952926717,
      0.01920878338310613,
      0.004280000565777635,
      0.0036822465574040783,
      0.06077058832832827,
      0.06038802366322073,
      0.04240664811775487,
      0.07055969503917958,
      0.04025180842727129,
      0.46691734816392333,
      0.0556116163956001,
      0.02746261008738931,
      0.01752549048830843,
      0.024426435101684442,
      0.032852952651900205,
      0.005897409545961792,
      0.0024276223200875345
    ],
    [
      0.035988604938661906,
      0.017962955083746717,
      0.03238510585368953,
      0.0002951267200171775,
      0.026332659069299037,
      0.014098373363043516,
      0.08183212421105274,
      0.049110919761219105,
      0.09860694055072322,
      0.04568183219055004,
      0.03569560345840543,
      0.05130460226290854,
      0.3892425104588267,
      0.045931844127207154,
      0.02415563275721067,
      0.027619706750497935,
      0.007151815172468683,
      0.014368814848398139,
      0.0022348284220739317
    ],
    [
      0.015661715460079606,
      0.0033459299284541817,
      0.009520713337275654,
      0.02029853938898067,
      0.008093194592719993,
      0.019150975155597383,
      0.04787986520398888,
      0.035180155772957106,
      0.022061750038394855,
      0.02519174922562175,
      0.006751335432944369,
      0.04594495843080548,
      0.015935411656755293,
      0.6604119129566933,
      0.019259822207078333,
      0.026300209300793558,
      0.014661322419986595,
      0.0026424328866645414,
      0.0017080066042083212
    ],
    [
      0.02764271598209904,
      0.0013957179588695832,
      0.011524829460918644,
      0.04524118926355409,
      0.023006023534570264,
      0.03649424197791715,
      0.10990138273568203,
      0.06577618121495321,
      0.04834408947816695,
      0.0949057958503856,
      0.017134114734883795,
      0.10456086298750109,
      0.04768860322765008,
      0.04140045476730175,
      0.24372441665184486,
      0.04253665593377165,
      0.012006838830127108,
      0.016622602104950576,
      0.01009328330485265
    ],
    [
      0.013499268513318664,
      0.03707649095142556,
      0.020158405302147197,
      0.018007604019384938,
      0.03785140543834556,
      0.0067015885751342714,
      0.04503139781532835,
      0.030624936917494575,
      0.08356564551016199,
      0.05751482737821867,
      0.009795021228349831,
      0.06853193729483602,
      0.09646411630673742,
      0.005439845086328364,
      0.008220106604927634,
      0.34093411754321906,
      0.024596221115239188,
      0.050669365228497756,
      0.04531769917090497
    ],
    [
      0.008383470515942936,
      0.06453503601010582,
      0.010008270926429051,
      0.0074160796026129395,
      0.005263018979698973,
      0.009785966152290068,
      0.05304143340373611,
      0.054604443527116214,
      0.0399939319263552,
      0.019095237098368134,
      0.014464829773202008,
      0.03158376748655891,
      0.022539660247024636,
      0.017462582691736707,
      0.014031606375415175,
      0.08237674140453595,
      0.4416535381439622,
      0.004815982740850509,
      0.09894440299405852
    ],
    [
      0.008761341567479779,
      0.008554146330652185,
      0.00566198249616204,
      0.01139369502100896,
      0.0844390844633271,
      0.023624003822861103,
      0.06847800719122163,
      0.012555666166162917,
      0.10804959515098408,
      0.048544496721323195,
      0.00841436313938479,
      0.04021405404063455,
      0.018758981964450694,
      0.004694872114041699,
      0.013850715631266513,
      0.046450929263724114,
      0.07874479743358143,
      0.3354856243469929,
      0.07332364313474019
    ],
    [
      0.0030313632522932757,
      0.08655521048630499,
      0.004079693348654734,
      0.0033766240728064466,
      0.050788776693736756,
      0.010470136802036296,
      0.055671732401301736,
      0.011807143173687222,
      0.03261054527824779,
      0.02312715375175559,
      0.004543063140376784,
      0.03479811005613924,
      0.0005440945214553218,
      0.00042315450479361665,
      0.021266453041152066,
      0.047299071811862464,
      0.09711866165531352,
      0.05946699254101924,
      0.4530220194670629
    ]
  ]
}