{
  "poids_LS": 0.29,
  "poids_EM": 0.71,
  "mae_validation": 7.689717366047078,
  "matrice_de_transition": [
    [
      0.19730573636380971,
      0.00416722681996158,
      0.015102295544401956,
      0.0809974253751456,
      0.009744049187918652,
      0.059321303645941875,
      0.07284108927789204,
      0.04575053422027052,
      0.054095410913432125,
      0.04857086848814035,
      0.023904923978562153,
      0.1783554272630165,
      0.03521552879483436,
      0.05724620549423261,
      0.010722353512339283,
      0.04550009130801206,
      0.03741345804158249,
      0.009017389316966412,
      0.014728682453539758
    ],
    [
      0.010170853576853966,
      0.47127951207978824,
      0.003489633341637813,
      0.018494481542176044,
      0.060984823461707686,
      0.012121934243568675,
      0.03273952266714323,
      0.025676633494927,
      0.059364016026541365,
      0.012785648005750907,
      0.0040456477656026545,
      0.01514257420943694,
      0.014753383915178516,
      0.00025679438459698444,
      0.02868295942242795,
      0.06916256908108176,
      0.08769588485982405,
      0.014364523561023697,
      0.05878860436073252
    ],
    [
      0.032842946035671255,
      0.028020596877450083,
      0.27429180704411715,
      0.022465742280553168,
      0.020906632856547747,
      0.020461589175084994,
      0.05251558567351659,
      0.16853628933690493,
      0.008457610818969964,
      0.03931529141867123,
      0.009782071526043058,
      0.11280472228329862,
      0.031763905203577095,
      0.04759977102892954,
      0.02907244237178,
      0.028302541033991123,
      0.06447908379769163,
      0.0012343294592706117,
      0.007147041777931076
    ],
    [
      0.032104499847468694,
      0.02457194947504115,
      0.03627151004248557,
      0.1477075265759452,
      0.01759825863895863,
      0.04519770718651076,
      0.061163169158125474,
      0.03093273980348562,
      0.06169148478520918,
      0.07098116115469405,
      0.046480865306884236,
      0.07845719617950125,
      0.06631314463347289,
      0.053977681476673964,
      0.08661011180946024,
      0.057863139539839556,
      0.030552124855061407,
      0.031109894052252635,
      0.020415835478929504
    ],
    [
      0.010139740108695417,
      0.07895718760929082,
      0.014865172167071682,
      0.03885934858025298,
      0.324055318737346,
      0.02369030234437913,
      0.05431800175480628,
      0.029178153381123666,
      0.10821038260803029,
      0.019203838996735806,
      0.003693809783545301,
      0.017445235899925,
      0.021979521138561827,
      0.004686101810774431,
      0.0006450401504189792,
      0.015457922381930443,
      0.041046827094921044,
      0.08428510277912023,
      0.10928299267307069
    ],
    [
      0.026513717759658467,
      0.010891538372602424,
      0.048266520680843035,
      0.02060367702396849,
      0.018696131720568523,
      0.25574598818785593,
      0.02403860278377732,
      0.01858456793074756,
      0.040316394120281644,
      0.054734596922032176,
      0.022993717860625432,
      0.08577386165518609,
      0.048854221443510634,
      0.06419668682980456,
      0.059229658230890436,
      0.06274129948415766,
      0.058130019010645156,
      0.06453278708695816,
      0.015156012895886292
    ],
    [
      0.024039393196787474,
      0.011365561170814336,
      0.06071270921921126,
      0.010679513164043046,
      0.026555081755992138,
      0.05128231222925066,
      0.16845864599172183,
      0.04935151166356197,
      0.06396920490953564,
      0.02655624909188172,
      0.06978162976741094,
      0.05404483043666462,
      0.08639685933405294,
      0.01603435712141073,
      0.07852951957402733,
      0.09709846448332249,
      0.045801600747233176,
      0.03781961874208052,
      0.02152293740099707
    ],
    [
      0.016355183218413366,
      0.032783898588207336,
      0.06095286960725093,
      0.03252773005657765,
      0.03259677889081668,
      0.029525473519535956,
      0.024584274183139312,
      0.3187830658942492,
      0.008026003927778906,
      0.04780858791836746,
      0.0878018465888718,
      0.07493759048000051,
      0.010354042009878103,
      0.04862164961586558,
      0.007496241087585424,
      0.05100138864613164,
      0.030549189740313773,
      0.04247811742259773,
      0.04281606860441855
    ],
    [
      0.007283587910990692,
      0.015148656693660374,
      0.024351996045836075,
      0.03192062974367615,
      0.055685290036946375,
      0.010029345556853718,
      0.05655552128273175,
      0.03595699106802204,
      0.3252631327030152,
      0.04854660219163948,
      0.0022100228272035546,
      0.026610800298395874,
      0.08188989120890564,
      0.02113945495846443,
      0.030888709525276413,
      0.05385508006809632,
      0.06246786857016509,
      0.04373822333783019,
      0.06645819597229058
    ],
    [
      0.015233644452262921,
      0.01021236515214163,
      0.012043278359487618,
      0.01381506156523804,
      0.014335444364795264,
      0.06520724882965022,
      0.0592124465587359,
      0.07514902961324631,
      0.03587937719514646,
      0.3175987902444308,
      0.04930639873795851,
      0.05927041176861341,
      0.058808978951718674,
      0.005560582106120602,
      0.08174732762828306,
      0.05122661444383602,
      0.05005485723540894,
      0.0209258150845663,
      0.004412327708359279
    ],
    [
      0.020291330599113085,
      0.008995143036694683,
      0.015625127893725683,
      0.044875858477607986,
      0.012682767150103883,
      0.016515179473682147,
      0.03847384691905707,
      0.10291079560788927,
      0.01273173650955688,
      0.017189229549670552,
      0.4800711654962738,
      0.11807704554783133,
      0.008227221557049736,
      0.04423077300203844,
      0.013720916137341155,
      0.02562770212752994,
      0.011614745623163225,
      0.0017702466310422237,
      0.006369168660628927
    ],
    [
      0.062089432973010096,
      0.00020146778503397255,
      0.041362310472799924,
      0.030476505479341567,
      0.006790615422798035,
      0.005842223588283565,
      0.05544370105926956,
      0.042436094961235654,
      0.023075980994606376,
      0.06670617073136136,
      0.06386320443209523,
      0.4122679266471865,
      0.06580594329742684,
      0.043571962373288066,
      0.027805806137874825,
      0.02231948242895513,
      0.02029986068177741,
      0.005789663947595261,
      0.003851646586060669
    ],
    [
      0.057099239120558545,
      0.02849988404348641,
      0.051381955656133106,
      0.0004682457457255777,
      0.041779190925591764,
      0.022368368911197534,
      0.07762901276286407,
      0.039162500660467614,
      0.10934778259332192,
      0.03402788778735201,
      0.056634365263615316,
      0.03983194372661532,
      0.2609165374241135,
      0.07287510464875326,
      0.0383251380058538,
      0.03492819813138273,
      0.009553647501439144,
      0.02162523579617096,
      0.003545761295357523
    ],
    [
      0.02484875525509837,
      0.005308626255201047,
      0.01510548931724182,
      0.03210445340674844,
      0.00842438411765615,
      0.024248800534537675,
      0.03363492080618498,
      0.03513193068545502,
      0.020196197212455785,
      0.02713987688633842,
      0.010711615994168719,
      0.04446267191456994,
      0.02528299950010337,
      0.6376048117492518,
      0.0192764965282071,
      0.020189312831499807,
      0.009426283734846289,
      0.004192463350909104,
      0.0027099099195260516
    ],
    [
      0.04385771697718507,
      0.002214435197312635,
      0.01828520428436254,
      0.07177931704385118,
      0.03650117700456958,
      0.057901478892337814,
      0.07993867923907416,
      0.05949802445462946,
      0.03737057606506175,
      0.08624026704477203,
      0.027184852428530713,
      0.08405471192840926,
      0.05923505305372527,
      0.06568563773136143,
      0.18464173961238656,
      0.03248793979130801,
      0.010735974410987833,
      0.02637329049053611,
      0.016013924349598616
    ],
    [
      0.02141783384236034,
      0.058825270559803675,
      0.03198316818888158,
      0.02857072369556046,
      0.05459745815227894,
      0.010632688018648787,
      0.03669155608173369,
      0.022047844093800853,
      0.09132219589509505,
      0.0525006558022295,
      0.015540704071795261,
      0.04879918799189786,
      0.09042924706193625,
      0.008630815667694164,
      0.012360585839391954,
      0.2358002625474206,
      0.03395911732017401,
      0.08039161857482326,
      0.06549906659447366
    ],
    [
      0.013301148751551922,
      0.0811073984579202,
      0.015879044374893018,
      0.009368288328010592,
      0.008350264749913454,
      0.015526337358940665,
      0.046333053843664235,
      0.04129596300199092,
      0.05322562698689368,
      0.030296353832047766,
      0.022949785785415473,
      0.020428790820850782,
      0.01788534844249303,
      0.021195218223259867,
      0.02226243693082631,
      0.09750510383132596,
      0.36084695328583516,
      0.007641000549729299,
      0.11460188244443761
    ],
    [
      0.013900676006504228,
      0.013571941664274974,
      0.00898325714474871,
      0.018077147407634327,
      0.1339703909920944,
      0.03748165969660644,
      0.045766083107831174,
      0.01584398001737891,
      0.13322919755448354,
      0.03884587235345975,
      0.013350162746286481,
      0.02761488863241157,
      0.029762854066502777,
      0.0074488473764683935,
      0.02128214882556577,
      0.05162602071335019,
      0.10553994676694674,
      0.20640164627110463,
      0.07730327865634681
    ],
    [
      0.00480953722710218,
      0.1332702288112421,
      0.006472809558759466,
      0.005357325344564417,
      0.08058107587162704,
      0.01661183716077267,
      0.03770940844836558,
      0.007529493874858824,
      0.02687436349002163,
      0.018367057399110757,
      0.0072079884461843935,
      0.022947640503826673,
      0.0008632561122531363,
      0.0006713736277172464,
      0.02037318977233367,
      0.06431595294349722,
      0.11006285998447402,
      0.0876908028918849,
      0.348283798531404
    ]
  ]
}