{
  "poids_LS": 0.5025,
  "poids_EM": 0.49750000000000005,
  "mae_validation": 7.110126707945161,
  "matrice_de_transition": [
    [
      0.24213587642369983,
      0.002919993440747727,
      0.010582242300478837,
      0.06224560366626939,
      0.006827696438013423,
      0.04156668811810717,
      0.0965399265978081,
      0.057722928997818265,
      0.06442570991015074,
      0.05454874579092532,
      0.01675028123849954,
      0.16289874915210173,
      0.024675669824549433,
      0.04011265807518412,
      0.007513198411815203,
      0.043232699449110956,
      0.048662359339612105,
      0.0063185227960433675,
      0.01032045002906483
    ],
    [
      0.007126760076739224,
      0.5350985457264643,
      0.002445200827415228,
      0.012959161362299413,
      0.042732323481971236,
      0.008493890543909036,
      0.041258856590627356,
      0.019029036643117024,
      0.05816728202582848,
      0.013625892338886746,
      0.002834802483644114,
      0.02405764071481218,
      0.01174002536494161,
      0.0001799369103338025,
      0.02906324282437036,
      0.06022860286560445,
      0.07431346310677468,
      0.011906449000343055,
      0.04473888711191775
    ],
    [
      0.023013191060206273,
      0.01963415062891749,
      0.3462123871988139,
      0.01914519672854241,
      0.02527956361643308,
      0.0160563975267992,
      0.061419476818376534,
      0.17106918953550418,
      0.012943450412366917,
      0.029405155333318094,
      0.00685433885099496,
      0.09894072057670561,
      0.022257102589830432,
      0.033353360685764014,
      0.020371183211212045,
      0.025981389766253454,
      0.06219088321980942,
      0.0008648998675875062,
      0.005007962372564382
    ],
    [
      0.022495758695937576,
      0.017217668822299963,
      0.025415600346671233,
      0.1910265146836678,
      0.012331174187157633,
      0.03167022440181564,
      0.08431622812939923,
      0.05092304285192791,
      0.07742972646824697,
      0.07957390471590857,
      0.03256933871855622,
      0.09366866188000017,
      0.057237292528646955,
      0.037822389485415914,
      0.06475334895937991,
      0.05867556553483241,
      0.026769263193286527,
      0.021798834212669982,
      0.01430546218417948
    ],
    [
      0.007104958738135169,
      0.055325634979749565,
      0.01041608894805375,
      0.027228909744613887,
      0.3917288013388557,
      0.01659989495257552,
      0.0702991266484003,
      0.03353582391969025,
      0.09993488703844941,
      0.02849126399587403,
      0.0025882681229771652,
      0.02658368355510029,
      0.015401143333006352,
      0.0032835713392398306,
      0.00045198235892034106,
      0.010831431528183657,
      0.03653441852948809,
      0.07257293356172521,
      0.09108717736696165
    ],
    [
      0.01857827406398604,
      0.007631746958267192,
      0.03382055498411185,
      0.014437083548484967,
      0.013100458494342031,
      0.352200311807393,
      0.03968690065815118,
      0.014222795507430013,
      0.039786959078346125,
      0.05918586247127175,
      0.016111795261494585,
      0.08655269096808954,
      0.034232359391755694,
      0.044982889715250385,
      0.04889121966003229,
      0.05446332827219269,
      0.057473122304775554,
      0.04911007033349972,
      0.01553157652112544
    ],
    [
      0.016844504387889817,
      0.00796389673588751,
      0.042541651882475495,
      0.007483179998748474,
      0.022544432404462748,
      0.03593373286486226,
      0.28716085356433946,
      0.04286542996222409,
      0.05455308463679245,
      0.0437084055523797,
      0.0507641168361313,
      0.06672452638288694,
      0.08060456616646058,
      0.01123534178577724,
      0.05945096016976668,
      0.08896031802537654,
      0.039079418810889256,
      0.026500366653781776,
      0.015081213178867669
    ],
    [
      0.011460145987550213,
      0.022971816264272048,
      0.0427099332811371,
      0.023302842571403467,
      0.022840700701663805,
      0.020688624050660763,
      0.01951777984168697,
      0.4591787194666396,
      0.005932640748065392,
      0.04118858951611063,
      0.06152312489854046,
      0.06367649558991992,
      0.012502342637719342,
      0.03565687780956608,
      0.011520405126033957,
      0.0435667538478437,
      0.036316013063775916,
      0.02976459636301743,
      0.035681598234393166
    ],
    [
      0.0051036408249547464,
      0.010614727753656392,
      0.01706354652507528,
      0.022366920137294206,
      0.03901891801884623,
      0.007027604809203838,
      0.07704621623116695,
      0.037779730165267006,
      0.39066072360889775,
      0.060543989908109316,
      0.001548572333146153,
      0.04259679301483972,
      0.07085581119101625,
      0.0148125054110367,
      0.021643849280035238,
      0.04971449207602914,
      0.051445556920580185,
      0.030647557902212002,
      0.04950884388863293
    ],
    [
      0.012820501338860422,
      0.007155847412944312,
      0.008438776033584635,
      0.014687343886860603,
      0.010044906438712177,
      0.045690994778522516,
      0.0680786514968951,
      0.06482074696061314,
      0.02864710040692437,
      0.40723299571544563,
      0.03454920193258361,
      0.0605756623909563,
      0.04270894800950961,
      0.005881456384501538,
      0.05728069788038145,
      0.04591913148179694,
      0.06771249373332945,
      0.014662807048692586,
      0.0030917366688855514
    ],
    [
      0.02101727977544749,
      0.0063029347334586,
      0.010948593136800746,
      0.03649301140761852,
      0.019476943128734006,
      0.011572256039657563,
      0.03864740971667899,
      0.11146192468906056,
      0.008921181568316266,
      0.01204456577600155,
      0.510286708164926,
      0.10858400041818553,
      0.005764848907932738,
      0.03099268953311849,
      0.009614303913136937,
      0.03677069739418377,
      0.015397329009972828,
      0.0012404192942866287,
      0.004462903392482946
    ],
    [
      0.043506328033904966,
      0.0001411693282456357,
      0.028982745718616854,
      0.021355016163341456,
      0.004758212919495807,
      0.004093670753762076,
      0.05975594313422185,
      0.05696860867236642,
      0.0387246162847742,
      0.06982569040911897,
      0.0447492171900949,
      0.45650793454168775,
      0.05755339294832901,
      0.03053105814184622,
      0.019483645850130602,
      0.024025110783069337,
      0.030461887514733957,
      0.0058768865748443574,
      0.002698865037415751
    ],
    [
      0.04000967811616603,
      0.019969989171316184,
      0.03600355343510736,
      0.0003281017725330633,
      0.029274855613354796,
      0.015673610610310952,
      0.08103153155425491,
      0.04721598278964739,
      0.10065281522550393,
      0.04346203325660755,
      0.039683939040350176,
      0.04911933397028126,
      0.3647994679760242,
      0.0510638937503588,
      0.026854586137904604,
      0.029011800346856943,
      0.0076093070446535335,
      0.015750990267021533,
      0.002484529921746997
    ],
    [
      0.017411627801987944,
      0.0037197768478345375,
      0.010584480190602543,
      0.022547284916174533,
      0.00815627831175545,
      0.02012198951349077,
      0.04516654246155004,
      0.035170970042004326,
      0.02170640664297789,
      0.025562821160996355,
      0.007505674587463294,
      0.04566261814199872,
      0.017715904579297784,
      0.656067703202895,
      0.019262998268245714,
      0.02513622902092808,
      0.013664172194245584,
      0.0029376767846158868,
      0.001898845330935508
    ],
    [
      0.030731287600210665,
      0.0015516640995254028,
      0.012812519903479386,
      0.050296070745515446,
      0.025576528957427277,
      0.04057181091399728,
      0.10419420111728053,
      0.0645803418320344,
      0.04625389644709929,
      0.09325521893503064,
      0.019048540962245116,
      0.10065492945243597,
      0.04988792700404536,
      0.04602620390331312,
      0.23247057340623373,
      0.040622614763778576,
      0.011764769416957721,
      0.018479876083157345,
      0.011221024456232834
    ],
    [
      0.015007566671231366,
      0.04121911563873568,
      0.02241074109009661,
      0.020019626814846946,
      0.041041129764809066,
      0.00745036942151799,
      0.04344285653273889,
      0.028991204951076724,
      0.08504308367872067,
      0.056559747078030256,
      0.010889437008053724,
      0.06477331837999065,
      0.09531461740296576,
      0.0060476490065885175,
      0.009008769316254172,
      0.32090862135354314,
      0.026379629916179155,
      0.05633074681827405,
      0.049161769156346624
    ],
    [
      0.009320171132249411,
      0.06769167647635618,
      0.011126513488041235,
      0.007787928883641064,
      0.005851065793073161,
      0.010879370191652088,
      0.05176364682086528,
      0.05206949485566378,
      0.0425142547950292,
      0.021228783142878543,
      0.01608101187076648,
      0.029459010026424027,
      0.021653124665209092,
      0.01817356088821731,
      0.015599383624064916,
      0.08525833424773405,
      0.42626180769479516,
      0.005354081371113136,
      0.10192678003222597
    ],
    [
      0.009740262413008245,
      0.00950991687038986,
      0.006294606238749978,
      0.012666733570842366,
      0.09387361904023517,
      0.026263557322622123,
      0.06415192641343297,
      0.01318201166163263,
      0.1128457098945078,
      0.046697139698873014,
      0.009354515445461302,
      0.03781421301049684,
      0.02085495760293681,
      0.005219438830694403,
      0.015266226715894945,
      0.0474366609684148,
      0.0838486354018415,
      0.31089819995158563,
      0.07408166894837953
    ],
    [
      0.0033700630570187816,
      0.09545330921486445,
      0.004535525007722303,
      0.003753900505522251,
      0.05646350034666824,
      0.011639984489414654,
      0.052250337362647226,
      0.010992352831053242,
      0.03151793922334757,
      0.022220468732204193,
      0.005050667960530615,
      0.032540877760460656,
      0.0006048872054168103,
      0.0004704343377314509,
      0.02109630765661523,
      0.050540382503602425,
      0.09958422324182029,
      0.06484295641737461,
      0.4330718821459849
    ]
  ]
}