{
  "poids_LS": 0.375,
  "poids_EM": 0.625,
  "mae_validation": 7.456833001761205,
  "matrice_de_transition": [
    [
      0.21523779238776575,
      0.003668333468276039,
      0.013294274246832707,
      0.07349669669159511,
      0.00857750808795656,
      0.05221945743480799,
      0.08232062420585846,
      0.05053949213128962,
      0.05822753051211958,
      0.050962019409254336,
      0.02104306688253711,
      0.1721727560186506,
      0.030999585206720387,
      0.05039278652661321,
      0.00943869147212965,
      0.044593134564451624,
      0.04191301856079434,
      0.007937842708597195,
      0.012965389483749788
    ],
    [
      0.00895321617680807,
      0.4968071255384587,
      0.003071860335948779,
      0.01628035347022539,
      0.053683823469813104,
      0.010670716763704818,
      0.036147256236536876,
      0.02301759475420301,
      0.058885322426256215,
      0.013121745739005243,
      0.0035613096528192383,
      0.018708600811587036,
      0.013548040495083753,
      0.00022605139489171165,
      0.028835072783204914,
      0.06558898259489084,
      0.0823429161586043,
      0.013381293736751442,
      0.05316871746120661
    ],
    [
      0.028911044045485265,
      0.024666018378037044,
      0.3030600391059959,
      0.021137524059748863,
      0.02265580516050188,
      0.018699512515770678,
      0.056077142131460575,
      0.16954944941634464,
      0.010251946656328746,
      0.03535123698452998,
      0.008610978456023818,
      0.10725912160066142,
      0.02796118415807843,
      0.04190120689166333,
      0.025591938707552817,
      0.027374080526896053,
      0.06356380356653873,
      0.0010865576225973694,
      0.006291410015784398
    ],
    [
      0.028261003386856248,
      0.021630237213944678,
      0.03192914616415984,
      0.16503512181903426,
      0.01549142485823823,
      0.03978671407263271,
      0.07042439274663498,
      0.03892886102286254,
      0.0679867814584243,
      0.07441825857917986,
      0.04091625467155303,
      0.08454178245970081,
      0.06268280379154251,
      0.04751556468017074,
      0.07786740666942812,
      0.0581881099378367,
      0.029038980190351456,
      0.027385470116419574,
      0.017971686161029496
    ],
    [
      0.008925827560471318,
      0.06950456655747432,
      0.01308553887946451,
      0.03420717304599734,
      0.3511247117779499,
      0.020854139387657684,
      0.06071045171224389,
      0.0309212215965503,
      0.10490018438019794,
      0.022918808996391097,
      0.0032515931193180464,
      0.02110061496199512,
      0.019348170016339636,
      0.004125089622160591,
      0.0005678170338195239,
      0.013607326040431729,
      0.039241863668747864,
      0.07960023509216221,
      0.10200466655062708
    ],
    [
      0.023339540281389494,
      0.00958762180686833,
      0.04248813440215056,
      0.01813703963377508,
      0.01645786243007793,
      0.2943277176356707,
      0.030297921933526862,
      0.01683985896142054,
      0.04010462010350743,
      0.056515103141728,
      0.020240948820973093,
      0.08608539338034746,
      0.04300547662280865,
      0.05651116798398289,
      0.055094282802547176,
      0.05943011099937166,
      0.05786726032829731,
      0.05836370038557478,
      0.015306238345981951
    ],
    [
      0.021161437673228412,
      0.010004895396843606,
      0.05344428628451695,
      0.009400979897925217,
      0.02495082201538038,
      0.0451428804834953,
      0.21593952902076893,
      0.04675707898302682,
      0.060202756800438365,
      0.03341711167608092,
      0.06217462459489908,
      0.05911670881515355,
      0.084079942067016,
      0.014114750987157334,
      0.07089809581232306,
      0.09384320590014412,
      0.04311272797269561,
      0.033291917906761025,
      0.01894624771214531
    ],
    [
      0.014397168326068105,
      0.02885906565863322,
      0.0536556950768054,
      0.028837775062507974,
      0.02869434761515553,
      0.025990733731985877,
      0.022557676446558376,
      0.3749413273232054,
      0.0071886586558935015,
      0.04516058855746473,
      0.07729035791273928,
      0.07043315252396827,
      0.011213362261014598,
      0.04343574089334577,
      0.00910590670296484,
      0.048027534726816465,
      0.03285591906969863,
      0.03739270899876561,
      0.03996228045640839
    ],
    [
      0.006411609076576313,
      0.013335085117658782,
      0.021436616237531757,
      0.028099145901123373,
      0.049018741229706314,
      0.008828649257793766,
      0.06475179926210584,
      0.03668608670692003,
      0.3514221690653683,
      0.053345557278227415,
      0.0019454426295805942,
      0.033005197384973414,
      0.07747625920174989,
      0.01860867513949334,
      0.027190765427179943,
      0.05219884487126945,
      0.05805894391033113,
      0.038501957163582914,
      0.059678455138827524
    ],
    [
      0.014268387206901923,
      0.008989758056462703,
      0.010601477429126423,
      0.014163974493887066,
      0.012619229194362029,
      0.05740074720919913,
      0.06275892853399959,
      0.07101771655219305,
      0.03298646647985762,
      0.35345247243283673,
      0.04340352001580855,
      0.05979251201755057,
      0.05236896657483506,
      0.005688931817472976,
      0.07196067572912242,
      0.04910362125902039,
      0.05711791183457715,
      0.018420611870216815,
      0.003884091292569788
    ],
    [
      0.02058171026964685,
      0.00791825971540025,
      0.013754513990955708,
      0.041522719649612204,
      0.015400437541555933,
      0.014538010100072314,
      0.03854327203810584,
      0.10633124724035778,
      0.011207514533060634,
      0.01513136404020295,
      0.4921573825637347,
      0.11427982749597301,
      0.007242272497402937,
      0.038935539614470466,
      0.012078271247659467,
      0.03008490023419147,
      0.013127778977887068,
      0.0015583156963399857,
      0.005606662553370535
    ],
    [
      0.05465619099736804,
      0.00017734840231863782,
      0.036410484571126694,
      0.026827909752941522,
      0.005977654421477144,
      0.00514280245447497,
      0.05716859788925048,
      0.04824910044568797,
      0.029335435110673505,
      0.06795397860246441,
      0.056217609535295095,
      0.429963929804987,
      0.0625049231577877,
      0.038355600680711324,
      0.024476942022777136,
      0.023001733770600816,
      0.02436467141496003,
      0.0058245529984949,
      0.003390533966602702
    ],
    [
      0.05026341471880154,
      0.025087926094618317,
      0.04523059476772281,
      0.00041218815644857194,
      0.036777456800696974,
      0.0196904655908429,
      0.07899002027942043,
      0.04238389351213953,
      0.10586979564619473,
      0.037801545975054224,
      0.04985419477430926,
      0.043546899824081706,
      0.3024697096448778,
      0.06415062028939547,
      0.03373691725867412,
      0.03256163901757242,
      0.0087759113187249,
      0.01927553758451119,
      0.0031212687459133124
    ],
    [
      0.0218739042738542,
      0.004673086492254444,
      0.01329708566658611,
      0.028281586010518875,
      0.008317141795295871,
      0.022598076126118916,
      0.038247569468331,
      0.035147546428074744,
      0.020800280984664625,
      0.026509054596201596,
      0.009429239431486549,
      0.044942650405541455,
      0.022256161531781136,
      0.644989968330709,
      0.019271097224222548,
      0.02216807930727112,
      0.011121439118606007,
      0.0036905487243918175,
      0.0023854840840898343
    ],
    [
      0.03860714522639531,
      0.001949326758197742,
      0.016096130532009277,
      0.06318601852451688,
      0.032131317785712654,
      0.0509696117010016,
      0.08964088799035672,
      0.061530951405591436,
      0.04092390421787677,
      0.08904624780087547,
      0.023930327842016475,
      0.09069479893801996,
      0.055496202633853305,
      0.05782186420014211,
      0.20377327312992544,
      0.03574180978029624,
      0.011147492413375789,
      0.023215924727584603,
      0.014096764392252303
    ],
    [
      0.018853726973908747,
      0.051782808591376475,
      0.028154197349367596,
      0.025150284943275054,
      0.049174926797290984,
      0.009359760579796468,
      0.03939207626213577,
      0.0248251884367112,
      0.0888105510085453,
      0.0541242923125498,
      0.013680197246298646,
      0.055188840147134974,
      0.09238339519834807,
      0.007597549003251906,
      0.01101985923013684,
      0.2698436060698697,
      0.03092732235857607,
      0.07076726987220357,
      0.05896414761922285
    ],
    [
      0.011708757703830917,
      0.07574110966529458,
      0.013978032020152305,
      0.008736144550262781,
      0.007350585167177338,
      0.013667550492025234,
      0.048505291034544665,
      0.04560537574346006,
      0.04894107811014789,
      0.026669325556380078,
      0.020202276219555875,
      0.024040878503080083,
      0.019392458931579457,
      0.019986555289242848,
      0.019597215608121752,
      0.0926063959978892,
      0.38701289504941916,
      0.006726232878282834,
      0.10953184147955294
    ],
    [
      0.012236510569105834,
      0.011947131746720928,
      0.007907796782349217,
      0.015912981872917543,
      0.1179316822113507,
      0.03299441874701271,
      0.053120420430071896,
      0.014779192675080401,
      0.12507580249049324,
      0.041986379291625055,
      0.011751903825956408,
      0.03169461838364568,
      0.02619969548107639,
      0.006557083958158797,
      0.01887577998169744,
      0.04995027681537603,
      0.09686342222090466,
      0.24820026774329706,
      0.0760146347731599
    ],
    [
      0.004233747559068821,
      0.11814346097269102,
      0.005697895738344601,
      0.004715955408947551,
      0.07093404566164352,
      0.014623096092229464,
      0.04352578001407824,
      0.008914637457336592,
      0.028731793783352007,
      0.019908421932348132,
      0.006345060251922882,
      0.02678493540648027,
      0.0007599085495186059,
      0.0005909979117229283,
      0.020662436926046295,
      0.05880572476753931,
      0.10587140528741253,
      0.07855166430208078,
      0.38219903197723637
    ]
  ]
}