{
  "poids_LS": 0.9925,
  "poids_EM": 0.007499999999999951,
  "mae_validation": 5.822659452687142,
  "matrice_de_transition": [
    [
      0.3455089052676817,
      4.4020001619312176e-05,
      0.00015953129096199145,
      0.019006108902272417,
      0.00010293009705547805,
      0.0006266334892176918,
      0.15118665735902637,
      0.08532986283781072,
      0.08824616406729016,
      0.0683330275714648,
      0.00025251680259044364,
      0.12725746786105108,
      0.00037199502248064226,
      0.0006047134383193545,
      0.00011326429766555508,
      0.03800436057446841,
      0.07460100233271567,
      9.525411250316571e-05,
      0.00015558467380499642
    ],
    [
      0.00010743859412169613,
      0.682257729194094,
      3.6862324031385105e-05,
      0.00019536424164270341,
      0.000644205881637753,
      0.000128048601164457,
      0.06090343834360252,
      0.00370046037306107,
      0.05540775421241993,
      0.0155633969188235,
      4.2735715833830576e-05,
      0.04461473524485391,
      0.004791575060865907,
      2.712616738700522e-06,
      0.029940131610025806,
      0.03962792782756265,
      0.04345517294680198,
      0.0062384182486559196,
      0.01234189204406251
    ],
    [
      0.0003469325285458209,
      0.00029599222053644264,
      0.5120527837908206,
      0.011488409338023477,
      0.035363027486286315,
      0.0058985438436931275,
      0.08195080228181827,
      0.17690975940521544,
      0.023287268768905776,
      0.006553547418856733,
      0.00010333174147228515,
      0.06697196370032643,
      0.00033553420989693893,
      0.0005028144826999567,
      0.0003071032644906318,
      0.02062908801947012,
      0.05691456188728106,
      1.3038691471168348e-05,
      7.549692018941228e-05
    ],
    [
      0.00033913204064227277,
      0.00025956284656733443,
      0.00038314975396991553,
      0.290915004908534,
      0.00018589709829885755,
      0.00047744056887158947,
      0.13770445822786578,
      0.09701832988127722,
      0.11372026023148706,
      0.09938776045706205,
      0.0004909950560586331,
      0.1287445122011506,
      0.03630944532222478,
      0.0005701867761620452,
      0.01435422521095937,
      0.0605489242997571,
      0.018046429243782098,
      0.00032862564139703274,
      0.00021566023393235253
    ],
    [
      0.00010710993072565511,
      0.0008340547986896864,
      0.0001570264665535731,
      0.0004104860765519654,
      0.5477758906317486,
      0.0002502496726518906,
      0.10714972052068765,
      0.04358409951450261,
      0.08085256784270994,
      0.049906973405651575,
      3.9019117431816306e-05,
      0.04765586873644567,
      0.00023217804019607413,
      4.950107546592677e-05,
      6.813804405834242e-06,
      0.00016328791248517967,
      0.026129335249195636,
      0.04556604924867316,
      0.04912976795522779
    ],
    [
      0.00028007448337667213,
      0.00011505146168241922,
      0.0005098576128258034,
      0.00021764447560529957,
      0.00019749434916093383,
      0.5746126345065609,
      0.07577003458023678,
      0.004165061448956616,
      0.038566144158118335,
      0.06944995714951828,
      0.00024289138585167555,
      0.08834857973666688,
      0.0005160657194737005,
      0.0006781340158077902,
      0.025051996602524083,
      0.03537530053636758,
      0.055958395783005634,
      0.013547099937289664,
      0.016397582056971
    ],
    [
      0.00025393725207873926,
      0.00012005874476212249,
      0.0006413314354141992,
      0.00011281175877510189,
      0.013296346840936146,
      0.0005417145658019401,
      0.560874179261199,
      0.027909288627374355,
      0.032840619066702235,
      0.08325926044952801,
      0.006911969371062953,
      0.09596241350594072,
      0.06724821956824761,
      0.00016937701184588692,
      0.015458046719942088,
      0.07019470972234824,
      0.023578858110613846,
      0.0003995030148811297,
      0.00022735497254574224
    ],
    [
      0.00017276601991281614,
      0.0003463087879035964,
      0.0006438683409216606,
      0.00203133731147239,
      0.00034433217138186414,
      0.0003118888047838285,
      0.007835039948455682,
      0.7829145794688576,
      0.0011055915336671686,
      0.025923652023847818,
      0.0009274842949528652,
      0.03770973560808697,
      0.017456071144270908,
      0.00576163929151075,
      0.020799653967632933,
      0.026423360665909106,
      0.049613629197876874,
      0.0004487125079851844,
      0.019230348910569905
    ],
    [
      7.693930891891526e-05,
      0.00016002102141190433,
      0.0002572393948503794,
      0.0003371897508134783,
      0.000588224894756472,
      0.0001059437910935245,
      0.12429534811226463,
      0.04198275208362011,
      0.5414598744036387,
      0.08820855452491036,
      2.3345311554966976e-05,
      0.07945861151393377,
      0.0454125207968242,
      0.0002233041016739186,
      0.0003262891851261572,
      0.04016678329432127,
      0.02602940299918437,
      0.0004620234859629919,
      0.010425632025139953
    ],
    [
      0.007256077218544067,
      0.00010787709667755173,
      0.00012721772914951626,
      0.016698724299072626,
      0.00015143075033234336,
      0.0006888089665103851,
      0.08852307700135632,
      0.04100494225571783,
      0.01197032098937696,
      0.6139189283309624,
      0.0005208422401896992,
      0.06358541676718224,
      0.005584170778062806,
      0.006621354720532878,
      0.0008635281087494633,
      0.03368070018109503,
      0.1084289261285344,
      0.00022104734244260033,
      4.6609095510837155e-05
    ],
    [
      0.022691233170289184,
      9.501911658480238e-05,
      0.00016505416789146742,
      0.017163152281525144,
      0.035143513620634045,
      0.00017445612120086664,
      0.03904762510884248,
      0.1311798223350555,
      0.00013449017439672674,
      0.00018157636848243423,
      0.579960194789112,
      0.08669415517806107,
      8.690726996883468e-05,
      0.0004672264753736425,
      0.00014493925497191266,
      0.062465133538467894,
      0.02411952129014556,
      1.8699788356079706e-05,
      6.727995064044598e-05
    ],
    [
      0.0006558742919684123,
      2.12818082782364e-06,
      0.0004369258148535175,
      0.0003219349170352962,
      7.173185305772526e-05,
      6.171362945369923e-05,
      0.06969946603646476,
      0.09047887558273855,
      0.07480852824798472,
      0.07701893578371298,
      0.0006746113144235368,
      0.5585201880395966,
      0.03852398273158575,
      0.0004602672081685329,
      0.00029372330427332373,
      0.02795808910549739,
      0.05389432585896319,
      0.0060780116917952135,
      4.068640759923216e-05
    ],
    [
      0.0006031609766256145,
      0.00030105511313541786,
      0.0005427671372126701,
      4.946257877382831e-06,
      0.00044132948160836085,
      0.00023628558709011326,
      0.08887733959087375,
      0.06578636511105017,
      0.080603243412653,
      0.06521606280924387,
      0.0005982503372917072,
      0.07053496323802859,
      0.6043412843074888,
      0.0007698074434727406,
      0.0004048430071040868,
      0.015369283102538652,
      0.003125886697242005,
      0.0022056711645122577,
      3.7455224950959505e-05
    ],
    [
      0.00026248685128624867,
      5.6077037907052956e-05,
      0.00015956502799903226,
      0.0005095787496746922,
      0.007538057865207955,
      0.010606048806135552,
      0.07175710533745065,
      0.03526099020534155,
      0.025188771918064158,
      0.021926316194325238,
      0.00011315087317783785,
      0.04842955297230506,
      0.0002670739383813719,
      0.6986409587901191,
      0.01923187286880535,
      0.036543235763609745,
      0.023436244406507486,
      4.428658469270152e-05,
      2.8625809009077822e-05
    ],
    [
      0.00046328574271674067,
      2.3391921098372753e-05,
      0.00019315356638411008,
      0.0007582322222941977,
      0.0003855758134285494,
      0.0006116353404120152,
      0.16012458097761526,
      0.07629956778463869,
      0.06673778815156234,
      0.10943087270550927,
      0.0002871639341041958,
      0.13893307809607405,
      0.02833455399537165,
      0.0006938623704017008,
      0.34275823721322257,
      0.05938021822971069,
      0.014137049666017696,
      0.0002785910967310134,
      0.00016916117270702653
    ],
    [
      0.00022624472368690352,
      0.0006213937030965137,
      0.0003378503681924089,
      0.0003018034193192987,
      0.009781831365466755,
      0.00011231712695755688,
      0.0590105611021156,
      0.04500177822197167,
      0.0705641896268456,
      0.0659195340198767,
      0.00016416236695558268,
      0.10160778374547522,
      0.10657970665992794,
      9.117058803902227e-05,
      0.0012798747452541065,
      0.517158484012367,
      0.008902223666967468,
      0.0008492072384664373,
      0.011489883299018374
    ],
    [
      0.0001405050924459701,
      0.03675659990710267,
      0.00016773638424182657,
      0.004143805929565444,
      8.820702200612747e-05,
      0.00016401060590430174,
      0.06428595533299945,
      0.07691199183589767,
      0.017815090682024012,
      0.00032003190667655884,
      0.00024242731463466893,
      0.05028163313574587,
      0.030341173367001425,
      0.01120597456270741,
      0.00023516658729745948,
      0.057018724384392656,
      0.5771007660966322,
      8.071479453939348e-05,
      0.07269948505818496
    ],
    [
      0.00014683812682926906,
      0.0001433655809606502,
      9.489356138818999e-05,
      0.00019095578247500927,
      0.0014151801865361993,
      0.00039593302496414995,
      0.10654751803576183,
      0.007043825806029432,
      0.06584378540797545,
      0.0648012385188848,
      0.000141022845911476,
      0.06133265510584641,
      0.00031439634577291463,
      7.868500749790506e-05,
      0.0013942180865363259,
      0.037776490262446116,
      0.03383102331289287,
      0.5518549590265771,
      0.06665301597471382
    ],
    [
      5.080497070882552e-05,
      0.008251941674981845,
      6.837474886013477e-05,
      5.6591464907370245e-05,
      0.0008512085479397167,
      0.00017547715310675243,
      0.0857800087414614,
      0.01897729818886625,
      0.04222547856136973,
      0.031105981923807872,
      7.614072302307408e-05,
      0.05466175425811078,
      9.118902594223212e-06,
      7.091974940675093e-06,
      0.022763732425076243,
      0.018775537724550862,
      0.075421719694054,
      0.01215851042909203,
      0.6285832278925482
    ]
  ]
}