{
  "poids_LS": 0.1575,
  "poids_EM": 0.8425,
  "mae_validation": 8.055138744275702,
  "matrice_de_transition": [
    [
      0.1693528255029371,
      0.0049449135152361,
      0.017920681684730492,
      0.09268973773479786,
      0.011562480902565443,
      0.07039182862212118,
      0.058064167184297306,
      0.038285393947211345,
      0.04765416565665464,
      0.04484348616993325,
      0.028366054157660022,
      0.1879931206733516,
      0.04178744085865908,
      0.06792947623787461,
      0.01272335610443077,
      0.04691387682003276,
      0.030399437232222857,
      0.01070021197118902,
      0.017477345024094714
    ],
    [
      0.012068935406337277,
      0.4314864675706843,
      0.004140867732858954,
      0.021945916477863828,
      0.07236579403730807,
      0.014384126197474097,
      0.02742746739720607,
      0.02982160564958499,
      0.0601102148740447,
      0.012261730950972091,
      0.004800645412000333,
      0.009583768035497086,
      0.01663230159944389,
      0.0003047172803140273,
      0.02844584153651092,
      0.07473315978014408,
      0.09604021842349014,
      0.01589720534591869,
      0.06754901629234644
    ],
    [
      0.03897208737331414,
      0.03324979277359394,
      0.22944721000648272,
      0.02453620009533635,
      0.01817998191214866,
      0.023208355732251433,
      0.04696374766554512,
      0.16695695156601362,
      0.005660557896028335,
      0.04549455274247966,
      0.011607598958720107,
      0.12144933511211543,
      0.03769167624508972,
      0.056482826889962166,
      0.0344979333777812,
      0.029749847118580496,
      0.06590584415801817,
      0.001464679675261254,
      0.00848082070127737
    ],
    [
      0.03809583256548223,
      0.029157559764397423,
      0.04304048902928746,
      0.1206968634028947,
      0.020882440708905135,
      0.053632490569908896,
      0.0467265559172136,
      0.01846819790269219,
      0.05187822820637386,
      0.065623332816525,
      0.055155111297253485,
      0.06897239991919017,
      0.07197220535765848,
      0.06405098118887016,
      0.10023844629245152,
      0.057356568037079315,
      0.03291085036181516,
      0.03691561371693359,
      0.02422583294506776
    ],
    [
      0.012032015551515337,
      0.09369215571947538,
      0.01763930640951816,
      0.046111269266004416,
      0.2818589119387577,
      0.028111379894562562,
      0.04435330035056532,
      0.026461017633546857,
      0.1133703974925925,
      0.01341285635021433,
      0.004383147524840727,
      0.011747145009050997,
      0.02608133318202583,
      0.005560620810672477,
      0.0007654173615887183,
      0.01834267550250197,
      0.043860446553367474,
      0.09158798476173124,
      0.12062861868746812
    ],
    [
      0.03146170029931304,
      0.01292411419565851,
      0.05727400517409895,
      0.02444872942632881,
      0.022185198555745047,
      0.1956038805192034,
      0.014281428815050092,
      0.021304261324110264,
      0.04064651244054733,
      0.05195910193250633,
      0.027284799010671733,
      0.0852882386718463,
      0.05797138248754607,
      0.07617705444240894,
      0.06567597875154317,
      0.06790285800455934,
      0.05853961342724621,
      0.07414930459205576,
      0.014921837929560706
    ],
    [
      0.0285256179835119,
      0.01348659899494518,
      0.07204289791152885,
      0.012672520902403193,
      0.02905583958694576,
      0.060852602891751664,
      0.09444432832879558,
      0.05339577437145501,
      0.06984043284430494,
      0.015861375063571218,
      0.08163960841867941,
      0.04613866708196131,
      0.09000852448561054,
      0.019026684330688087,
      0.09042556249668397,
      0.10217283815710056,
      0.04999307889577703,
      0.04487750533831386,
      0.025539541915971877
    ],
    [
      0.019407382903539806,
      0.03890202050783758,
      0.07232787696353368,
      0.03827971872380391,
      0.03867998058522966,
      0.035035509070716966,
      0.027743382419574303,
      0.23124224660793521,
      0.00933127743983557,
      0.05193635162800996,
      0.10418740246637254,
      0.081959214352639,
      0.009014513383106505,
      0.05670556615391115,
      0.004987056451846926,
      0.055637102108593545,
      0.026953405785684434,
      0.050405371730336046,
      0.047264620717493204
    ],
    [
      0.008642849035224871,
      0.017975694738604036,
      0.028896558688192808,
      0.037877648674714305,
      0.06607726317764412,
      0.011901019199505997,
      0.04377897031488392,
      0.03482045963091636,
      0.28448581131464146,
      0.041065878086075945,
      0.002622456664674641,
      0.016643063663436774,
      0.08876996463182493,
      0.02508449408803702,
      0.036653151795838564,
      0.056436858463149976,
      0.06934060406931805,
      0.051900638256509764,
      0.07702661550680655
    ],
    [
      0.016738310158266836,
      0.012118193860111724,
      0.014290791574462421,
      0.013271167882343973,
      0.017010720954000014,
      0.07737620723800044,
      0.053684107009060164,
      0.0815890176201823,
      0.04038891448662611,
      0.2617092268330921,
      0.05850794498130992,
      0.058456549615858444,
      0.06884782177450786,
      0.005360507556071311,
      0.09700299088285702,
      0.05453598617310746,
      0.03904480153670557,
      0.024830984801052267,
      0.005235755062384074
    ],
    [
      0.019838679936222223,
      0.010673814096359537,
      0.018541084859808293,
      0.05010281018007201,
      0.008446398598722753,
      0.01959723761489748,
      0.03836562540995164,
      0.09757891512198247,
      0.015107729590565736,
      0.02039707872619358,
      0.46123088594993783,
      0.1239962383933752,
      0.00976258332649916,
      0.05248510740030619,
      0.016281509641844962,
      0.018679716843616377,
      0.009256193629034886,
      0.002100609558666301,
      0.007557781121943482
    ],
    [
      0.07367654546445213,
      0.00023906564632552378,
      0.04908133320187879,
      0.036164022346965176,
      0.00805787816015119,
      0.006932497708632259,
      0.05275489129488756,
      0.03337464523547177,
      0.013318596637207617,
      0.06476105846170074,
      0.0757813376535778,
      0.3846829805482622,
      0.07095165116215843,
      0.051703349717598865,
      0.03299491784670358,
      0.021255972984625098,
      0.013963538068286851,
      0.005735278074134062,
      0.0045704397869804425
    ],
    [
      0.06775508304094448,
      0.03381852437554549,
      0.060970841746890346,
      0.000555629634892675,
      0.04957601176733953,
      0.026542747616456232,
      0.07550744222234981,
      0.03414091768580259,
      0.1147693504814908,
      0.028145420612404437,
      0.06720345455576889,
      0.03404098275115304,
      0.19614247484468686,
      0.0864750361501051,
      0.045477364464692714,
      0.038617246161734106,
      0.010766000962728995,
      0.02528800065552296,
      0.004207470269491145
    ],
    [
      0.02948602296115546,
      0.00629932059155899,
      0.017924471478558076,
      0.038063629053812165,
      0.008591555973100117,
      0.02682198858295516,
      0.02644461553872206,
      0.03510758849843017,
      0.019254537214600825,
      0.028123217515081123,
      0.012710614753643868,
      0.043714470149232014,
      0.030001305744840973,
      0.6260926559016861,
      0.01928491309030067,
      0.0171047650898563,
      0.006783835636632613,
      0.0049748596804801695,
      0.0032156325453530964
    ],
    [
      0.05204243176518087,
      0.0026276924700505563,
      0.021697583957148506,
      0.08517475297104876,
      0.043313016375140664,
      0.06870703657295016,
      0.06481464795031018,
      0.05632905008989464,
      0.031831564532732455,
      0.08186623821908137,
      0.032258081931038206,
      0.07370398806048672,
      0.06506326106117276,
      0.07794387294179156,
      0.15481905501151713,
      0.027415730690826375,
      0.010094490466088964,
      0.03129506653278405,
      0.019002438400756105
    ],
    [
      0.025414823960828992,
      0.0698032259811755,
      0.03795185802694752,
      0.03390258410353478,
      0.06305022761740722,
      0.01261695726156564,
      0.032481921682871624,
      0.01771845438279355,
      0.09523740704177555,
      0.04996969300673021,
      0.018440905888010575,
      0.03883884786755765,
      0.08738307496694138,
      0.010241496056383569,
      0.014450542024407277,
      0.18273269764477953,
      0.03868515064266493,
      0.09539427978773041,
      0.07568585205589407
    ],
    [
      0.01578340538476408,
      0.08947249569348364,
      0.018842387163165306,
      0.010353688922735124,
      0.009908588805355051,
      0.018423858063250018,
      0.04294691939905654,
      0.034578349022641966,
      0.05990448258887979,
      0.035950250850000344,
      0.027232668343961323,
      0.014798183551493347,
      0.01553602915068184,
      0.023079310443933465,
      0.026417046639748122,
      0.10514132486580094,
      0.3200588675955426,
      0.00906696191992526,
      0.12250518159558135
    ],
    [
      0.016494816247154667,
      0.016104733594579812,
      0.010659710062606746,
      0.021450699564692848,
      0.15897190762090074,
      0.044476476470973136,
      0.034301969046691236,
      0.017503795580373654,
      0.14593890162482137,
      0.03395037624396677,
      0.01584156635738924,
      0.02125530990254664,
      0.03531718950849097,
      0.008838949175598059,
      0.025033253199831112,
      0.054238209730780494,
      0.11906511738283593,
      0.14124497162327534,
      0.07931204706249112
    ],
    [
      0.0057070917096247705,
      0.15685019044192464,
      0.007680763455288522,
      0.006357107891261299,
      0.09561909355189546,
      0.019711933532325317,
      0.02864271159593114,
      0.005370299466878778,
      0.02397895744453605,
      0.015964342097299564,
      0.008553141219592046,
      0.016965974920278428,
      0.001024356724751081,
      0.0007966651850025073,
      0.01992230450331105,
      0.0729054262766081,
      0.11659659818871695,
      0.10193710716422662,
      0.29541593463054766
    ]
  ]
}