{
  "poids_LS": 0.1625,
  "poids_EM": 0.8375,
  "mae_validation": 8.041304578504823,
  "matrice_de_transition": [
    [
      0.1704076523278757,
      0.004915566847489892,
      0.01781432749075583,
      0.09224851840047137,
      0.01149386083786179,
      0.06997407296264271,
      0.0586217868859424,
      0.03856709735374188,
      0.04789723151540096,
      0.044984142106469366,
      0.028197709622599727,
      0.1876294341295654,
      0.04153944417700532,
      0.06752633394566171,
      0.012647846572653733,
      0.04686052642335272,
      0.030664117262764728,
      0.01063670922952024,
      0.017373621908224713
    ],
    [
      0.011997309676922812,
      0.43298809189178256,
      0.0041162928501713636,
      0.021815673650102025,
      0.07193632344954956,
      0.014298760463364459,
      0.027627922313052757,
      0.02966519160601299,
      0.0600820564269691,
      0.012281501405869406,
      0.004772154934777779,
      0.009793534306211799,
      0.01656139904532066,
      0.0003029088691548936,
      0.028454789381262505,
      0.07452294881036815,
      0.09572533791165369,
      0.015839368297432085,
      0.0672184347100214
    ],
    [
      0.038740799020950255,
      0.03305246462656964,
      0.23113945895129911,
      0.024458069611759628,
      0.01828287440061655,
      0.023104704164056473,
      0.04717325098660064,
      0.16701654921774536,
      0.005766107062931793,
      0.04526137306988312,
      0.011538711131071917,
      0.12112312330725442,
      0.03746798677182509,
      0.05614761723482886,
      0.034293197868120774,
      0.029695231794633722,
      0.06585200414442094,
      0.001455987214280475,
      0.008430489421151094
    ],
    [
      0.03786974453838737,
      0.028984517866685867,
      0.042785055859974185,
      0.12171613371131171,
      0.020758509310039232,
      0.053314196857327835,
      0.04727133377536122,
      0.018938557974420248,
      0.052248539775386516,
      0.06582551501796535,
      0.05482778125988106,
      0.06933031675920193,
      0.07175865589636846,
      0.0636708566714288,
      0.09972416951950845,
      0.05737568394284385,
      0.03282184185212634,
      0.03669652995600223,
      0.024082059455779525
    ],
    [
      0.011960608931031565,
      0.09313611918701559,
      0.017534622098482444,
      0.04583761188163644,
      0.2834512291764402,
      0.0279445467794613,
      0.044729326818649884,
      0.02656355105798372,
      0.11317567994977883,
      0.013631383997252878,
      0.004357134779886183,
      0.01196216730681983,
      0.025926547821895116,
      0.005527620093695192,
      0.000760874825318162,
      0.018233816894178516,
      0.04375427223418082,
      0.09131240430955724,
      0.12020048185673615
    ],
    [
      0.031274983977061924,
      0.012847413221203563,
      0.05693410009888175,
      0.02430363310925861,
      0.022053535656304423,
      0.1978733940161337,
      0.014649624059153009,
      0.021201631384738084,
      0.04063405514544296,
      0.05206383759248844,
      0.027122871420103948,
      0.08530656406744402,
      0.0576273386745636,
      0.07572496509853707,
      0.06543272137340533,
      0.06770808221133663,
      0.05852415703416692,
      0.07378641713903321,
      0.014930674720742804
    ],
    [
      0.028356326482126073,
      0.013406559831770432,
      0.07161534362125271,
      0.012597313063219793,
      0.028961471366909776,
      0.060491459847883705,
      0.0972373214481513,
      0.053243160684364715,
      0.06961887707318157,
      0.016264955215582935,
      0.08119213752617871,
      0.046437012868931246,
      0.08987223523460837,
      0.018913766322790827,
      0.08997665521658373,
      0.10198135235809005,
      0.049834909909039535,
      0.04461116999505977,
      0.025387971934274715
    ],
    [
      0.01929220555693126,
      0.038671147982568516,
      0.07189863140291923,
      0.03806266254768217,
      0.03845042580430841,
      0.03482758320086108,
      0.02762417078801072,
      0.234545673750815,
      0.009282021835607016,
      0.051780586959721556,
      0.10356907960307063,
      0.08169424741404888,
      0.009065061633173358,
      0.05640051269964527,
      0.005081742664516304,
      0.055462169525104424,
      0.027089095746236486,
      0.05010623005834592,
      0.04709675082643379
    ],
    [
      0.00859155616261226,
      0.017869014057662766,
      0.028725065758292555,
      0.03765285550750532,
      0.06568511324780646,
      0.011830390005443647,
      0.04426110431367063,
      0.03486334760967506,
      0.28602457815948573,
      0.04134816956175759,
      0.002606893123637996,
      0.017019204668529568,
      0.08851033921963929,
      0.024935624686921076,
      0.036435625672421125,
      0.05633943286333663,
      0.06908125555991605,
      0.0515926225992011,
      0.07662780722248519
    ],
    [
      0.016681530320304422,
      0.012046275795660023,
      0.01420597975502941,
      0.013291692172264506,
      0.01690976712044512,
      0.07691700126032684,
      0.05389272359584038,
      0.08134599920482623,
      0.04021874326807971,
      0.26381826696182187,
      0.058160716821183456,
      0.058487261395207685,
      0.06846899751704413,
      0.005368057539092039,
      0.09642730547702404,
      0.05441110422105948,
      0.03946027533665664,
      0.024683619906090533,
      0.005204682332043516
    ],
    [
      0.01985576109331244,
      0.010610468018636335,
      0.018431048747880648,
      0.049905566719601675,
      0.008606261562925814,
      0.0194809335340969,
      0.038369709240483926,
      0.0977801181591865,
      0.01501806947430125,
      0.020276027813871954,
      0.4619418398950826,
      0.12377287262561883,
      0.009704645146519936,
      0.05217362308339042,
      0.016184883471863688,
      0.018941904967537643,
      0.009345195591077465,
      0.0020881430330955807,
      0.007512927821516517
    ],
    [
      0.07323929593647319,
      0.00023764685910697468,
      0.048790049325309774,
      0.035949399068941644,
      0.008010056924779373,
      0.00689135528899646,
      0.05285635581429819,
      0.03371658673455719,
      0.013686799820505684,
      0.0648344589247068,
      0.07533159677729544,
      0.38572392191048577,
      0.07075747350688555,
      0.051396504912153175,
      0.03279910231052136,
      0.02129610541648661,
      0.014202644582003477,
      0.005737330371245805,
      0.004543315515247621
    ],
    [
      0.06735297572319407,
      0.033617820966788545,
      0.06060899698874857,
      0.0005523321296410864,
      0.04928179211293395,
      0.026385223891729488,
      0.07558750148802959,
      0.03433041138295976,
      0.11456476301401274,
      0.02836740050579868,
      0.06680462099757441,
      0.034259509580415765,
      0.19858677909296713,
      0.08596183118778992,
      0.04520746912662332,
      0.03847803680209821,
      0.010720251775510512,
      0.025149783113660618,
      0.004182500119523838
    ],
    [
      0.02931103172696463,
      0.006261935899620955,
      0.017818094793225384,
      0.03783875450109279,
      0.00858524760119657,
      0.02672488714716582,
      0.02671594781296595,
      0.03510850707152544,
      0.019290071554142522,
      0.028086110321543664,
      0.012635180838191975,
      0.043742704178112685,
      0.02982325645258672,
      0.6265270768770659,
      0.01928459548418393,
      0.017221163117842848,
      0.006883550659206714,
      0.004945335290685035,
      0.003196548672680378
    ],
    [
      0.05173357460336971,
      0.0026120978559849746,
      0.021568814912892434,
      0.08466926482285263,
      0.04305596583285496,
      0.06829927967934214,
      0.06538536611215034,
      0.05644863402818652,
      0.03204058383583922,
      0.08203129591061688,
      0.03206663930830208,
      0.07409458141399324,
      0.06484332868353324,
      0.07748129802819043,
      0.15594443933607827,
      0.02760713480782568,
      0.010118697407405902,
      0.03110933913496337,
      0.018889664285618085
    ],
    [
      0.025263994145037723,
      0.06938896351244449,
      0.03772662444815258,
      0.033701381823988574,
      0.06273125518476087,
      0.012542079176927267,
      0.03264077581113057,
      0.017881827579435332,
      0.0950896632249197,
      0.05006520103674905,
      0.018331464310040187,
      0.03921470975904219,
      0.08749802485731856,
      0.010180715664357553,
      0.014371675753274624,
      0.18473524726374713,
      0.03850680976257094,
      0.09482814162875279,
      0.0753014450573499
    ],
    [
      0.01568973532313343,
      0.08915683164685861,
      0.01873056290700409,
      0.01031650399463231,
      0.009849784124017632,
      0.018314517659313814,
      0.043074698057343624,
      0.034831843889787203,
      0.05965245030201238,
      0.03573689624554931,
      0.027071050134204876,
      0.015010659297506836,
      0.015624682708863394,
      0.023008212624285405,
      0.026260268914883148,
      0.10485316558148113,
      0.32159804064045927,
      0.009013152056898998,
      0.12220694389176462
    ],
    [
      0.01639692416260182,
      0.016009156540606043,
      0.010596447688347952,
      0.02132339570970951,
      0.15802845416320993,
      0.044212521120997036,
      0.034734577124470103,
      0.017441161030826685,
      0.145459290150469,
      0.034135111946211785,
      0.015747551126781587,
      0.02149529400556041,
      0.035107591944642365,
      0.008786492503932788,
      0.02489170209136827,
      0.054139636560311434,
      0.11855473358600992,
      0.14370371406281607,
      0.07923624448112718
    ],
    [
      0.00567322172915222,
      0.1559603805690687,
      0.007635180289381766,
      0.0063193802479897185,
      0.09505162118660232,
      0.019594948763587482,
      0.028984851099796587,
      0.0054517785011421755,
      0.02408821805002607,
      0.016055010599254703,
      0.008502380737576662,
      0.017191698149846286,
      0.0010182774563549319,
      0.0007919372017087239,
      0.019939319041764735,
      0.07258129520743412,
      0.11635004203006628,
      0.10139951077659108,
      0.29741094836265547
    ]
  ]
}