{
  "poids_LS": 0.9475,
  "poids_EM": 0.05249999999999999,
  "mae_validation": 5.936867006313442,
  "matrice_de_transition": [
    [
      0.3360154638432344,
      0.00030814001133518717,
      0.0011167190367339472,
      0.022977082911210915,
      0.000720510679388351,
      0.004386434424523871,
      0.1461680800442206,
      0.0827945321790359,
      0.08605857133857328,
      0.06706712414263974,
      0.0017676176181331167,
      0.13053064675512718,
      0.0026039651573645122,
      0.004232994068235509,
      0.0007928500836588906,
      0.03848451414458865,
      0.07221888205783882,
      0.0006667787875221643,
      0.0010890927166349819
    ],
    [
      0.0007520701588518777,
      0.6687431103042096,
      0.0002580362682196974,
      0.0013675496914989326,
      0.0045094411714643,
      0.0008963402081512046,
      0.05909934410098235,
      0.005108186765209066,
      0.05566118023610032,
      0.015385462824747674,
      0.00029915001083681596,
      0.042726838808421506,
      0.005429698047974901,
      1.8988317170903773e-05,
      0.02985960100726153,
      0.041519826555546084,
      0.046289097553330084,
      0.006758951685035351,
      0.015317126284987995
    ],
    [
      0.002428527699820762,
      0.0020719455437551116,
      0.496822543287473,
      0.012191583690213992,
      0.0344369950900753,
      0.006831407957447768,
      0.0800652723923185,
      0.17637338053962973,
      0.022337326266774656,
      0.008652164472225636,
      0.0007233221903060007,
      0.06990786994407554,
      0.0023487394692785876,
      0.003519701378899719,
      0.002149722851434436,
      0.021120625934991036,
      0.057399122009656106,
      9.127084029817902e-05,
      0.0005284784413258893
    ],
    [
      0.0023739242844959246,
      0.0018169399259713526,
      0.002682048277789426,
      0.28174157213278095,
      0.0013012796880920111,
      0.0033420839821011474,
      0.13280145750453723,
      0.09278508923572472,
      0.11038745611037318,
      0.09756812064409898,
      0.0034369653924104537,
      0.12552326064104494,
      0.038231390473834975,
      0.003991307433134342,
      0.018982716167446977,
      0.06037688114787626,
      0.018847505830981486,
      0.002300379489779244,
      0.0015096216375264774
    ],
    [
      0.0007497695150795906,
      0.0058383835908278415,
      0.0010991852658750188,
      0.0028734025358637763,
      0.5334450354926054,
      0.0017517477085632453,
      0.10376548230792657,
      0.04266129869457086,
      0.08260502572803295,
      0.04794022458230466,
      0.00027313382202271585,
      0.04572066805652619,
      0.0016252462813725293,
      0.0003465075282614896,
      4.769663084084e-05,
      0.001143015387396265,
      0.027084904121875555,
      0.048046273318239165,
      0.05298299943181559
    ],
    [
      0.0019605213836367172,
      0.0008053602317769396,
      0.0035690032897806464,
      0.0015235113292371067,
      0.0013824604441265457,
      0.5541870130341883,
      0.07245627738331055,
      0.005088730903306214,
      0.03867825981405762,
      0.06850733620967932,
      0.0017002397009617397,
      0.08818365117628733,
      0.0036124600363159265,
      0.004746938110654562,
      0.027241313005764635,
      0.03712828267537194,
      0.0560975033207192,
      0.01681308701449263,
      0.016318050936332124
    ],
    [
      0.0017775607645511863,
      0.0008404112133348628,
      0.004489320047899423,
      0.0007896823114257182,
      0.014145660821260017,
      0.0037920019606136044,
      0.5357372411869976,
      0.02928281181118708,
      0.034834621006812554,
      0.07962703908142256,
      0.010939207403569233,
      0.09327730142321129,
      0.06847482282726716,
      0.001185639082921216,
      0.01949821224084435,
      0.07191808191344269,
      0.025002378991251385,
      0.0027965211041679253,
      0.0015914848078202057
    ],
    [
      0.0012093621393897205,
      0.0024241615153251903,
      0.004507078386451652,
      0.003984842896568102,
      0.002410325199673064,
      0.0021832216334868133,
      0.008907944632527944,
      0.7531837351829395,
      0.0015488919717241484,
      0.027325534038443386,
      0.006492390064670097,
      0.04009443805539817,
      0.017001136893669236,
      0.008507120379903588,
      0.01994747805360854,
      0.027997753917311265,
      0.04839241955290842,
      0.003140987555896311,
      0.020741177930104698
    ],
    [
      0.0005385751624324102,
      0.0011201471498833375,
      0.0018006757639526672,
      0.002360328255694363,
      0.00411757426329533,
      0.0007416065376546762,
      0.11995614212318423,
      0.04159676027479176,
      0.5276109728000401,
      0.08566793124377557,
      0.00016341718088476987,
      0.0760733424680986,
      0.0477491495064949,
      0.0015631287117174402,
      0.002284024295883115,
      0.04104361369264138,
      0.028363539583802354,
      0.003234164401740964,
      0.014014906584032167
    ],
    [
      0.007767095760205773,
      0.0007551396767428669,
      0.0008905241040466195,
      0.01651400568978785,
      0.0010600152523264103,
      0.004821662765572727,
      0.08664552772033436,
      0.04319210799392251,
      0.01350186195629458,
      0.5949375671723945,
      0.0036458956813279174,
      0.06330901075303903,
      0.008993589095236496,
      0.006553404873346326,
      0.006044696761246282,
      0.034804637749526836,
      0.10468966192897476,
      0.001547331397098212,
      0.00032626366857586213
    ],
    [
      0.02253750275647719,
      0.0006651338160936209,
      0.0011553791752402793,
      0.018938343425758213,
      0.03370474694280649,
      0.0012211928484060742,
      0.03901087063405195,
      0.12936899500021926,
      0.0009414312207770931,
      0.0012710345793770477,
      0.5735616092828093,
      0.08870444708786843,
      0.0006083508897818466,
      0.0032705853276155184,
      0.001014574784803395,
      0.06010544042317649,
      0.023318503631762348,
      0.0001308985184925588,
      0.0004709596544831249
    ],
    [
      0.004591120043778915,
      1.4897265794765575e-05,
      0.003058480703974642,
      0.0022535444192470877,
      0.00050212297140408,
      0.00043199540617589735,
      0.06878628536176899,
      0.0874014020909697,
      0.07149469959830211,
      0.07635833161665842,
      0.004722279200964788,
      0.5491517157795844,
      0.04027158162904176,
      0.0032218704571797506,
      0.002056063129913279,
      0.027596897218743793,
      0.051742367235513564,
      0.006059541017789522,
      0.0002848048531946269
    ],
    [
      0.004222126836379328,
      0.0021073857919479385,
      0.0037993699604887154,
      3.4623805141680036e-05,
      0.0030893063712585456,
      0.0016539991096308033,
      0.08815680619975569,
      0.06408092183663562,
      0.08244453061995564,
      0.06321824376869564,
      0.004187752361041977,
      0.06856822177466404,
      0.5823425460729664,
      0.005388652104309218,
      0.0028339010497286255,
      0.016622167339261758,
      0.00353762938220837,
      0.0034496290412733147,
      0.0002621865746567182
    ],
    [
      0.0018374079590037526,
      0.0003925392653493732,
      0.001116955195993233,
      0.0025334497241491687,
      0.0075948332123398675,
      0.011479961728239603,
      0.0693151148692557,
      0.035252723047484044,
      0.02486896286218889,
      0.02226028093616238,
      0.0007920561122448699,
      0.048175446712378965,
      0.001869517568669615,
      0.6947311700117006,
      0.019234731323855996,
      0.03549565351173082,
      0.022538809203340577,
      0.00031000609284891257,
      0.00020038066306354602
    ],
    [
      0.0032430001990172053,
      0.0001637434476886103,
      0.0013520749646887791,
      0.005307625556059417,
      0.0026990306939998626,
      0.004281447382884134,
      0.15498811752105388,
      0.07522331234001177,
      0.06485661442360145,
      0.10794535348168982,
      0.0020101475387293835,
      0.13541773791451545,
      0.0303139453941274,
      0.004857036592811936,
      0.3326297782921726,
      0.057657581176716925,
      0.01391918719416525,
      0.0019501376771171063,
      0.0011841282089491932
    ],
    [
      0.0015837130658083345,
      0.004349755921675623,
      0.0023649525773468774,
      0.0021126239352351043,
      0.012652583259283909,
      0.0007862198887029033,
      0.057580873947785084,
      0.0435314194521956,
      0.07189388397854843,
      0.06505996174970713,
      0.001149136568689086,
      0.09822502672211438,
      0.10554515764653345,
      0.00063819411627316,
      0.0019896711854479904,
      0.4991355374416585,
      0.010507291587813439,
      0.005944450669265099,
      0.014949546285915868
    ],
    [
      0.000983535647121797,
      0.039597576326727994,
      0.0011741546896927935,
      0.0044784702824907565,
      0.0006174491540428962,
      0.0011480742413301195,
      0.06313594740841572,
      0.07463053803159046,
      0.02008338126383061,
      0.002240223346735926,
      0.0016969912024426934,
      0.04836935142162447,
      0.029543291343367438,
      0.011845854939539952,
      0.0016461661110822269,
      0.05961215794327096,
      0.5632482086923818,
      0.000565003561775758,
      0.07538362439253567
    ],
    [
      0.00102786688780489,
      0.0010035590667245577,
      0.0006642549297173341,
      0.0013366904773250733,
      0.009906261305753457,
      0.0027715311747490675,
      0.10265404533575202,
      0.007607536751952175,
      0.0701602886771468,
      0.06313861719867962,
      0.0009871599213803382,
      0.05917279817872246,
      0.0022007744204104165,
      0.0005507950524853389,
      0.002668178062701914,
      0.038663648796667734,
      0.03842447748432693,
      0.5297262770707105,
      0.06733523920698924
    ],
    [
      0.0003556347949617809,
      0.016260230530685354,
      0.00047862324202094643,
      0.0003961402543515942,
      0.005958459835578055,
      0.0012283400717472746,
      0.08270075320667233,
      0.018243986880495666,
      0.04124213311195953,
      0.030289965406211615,
      0.000532985061161522,
      0.052630245192000054,
      6.383231815956289e-05,
      4.9643824584725966e-05,
      0.022610601578993087,
      0.021692717347116825,
      0.07764072512191009,
      0.016996877917811862,
      0.6106281043035782
    ]
  ]
}