{
  "poids_LS": 0.47,
  "poids_EM": 0.53,
  "mae_validation": 7.198201097014608,
  "matrice_de_transition": [
    [
      0.23527950206159898,
      0.003110746781098081,
      0.011273544561314136,
      0.06511352933939163,
      0.0072737268585871635,
      0.04428209990471718,
      0.09291539853711507,
      0.055891856855369786,
      0.06284578182829967,
      0.05363448220344057,
      0.01784452071639147,
      0.1652627116867122,
      0.02628764825529889,
      0.04273308297456801,
      0.008004010368365944,
      0.04357947702753113,
      0.046941939141089926,
      0.006731290616890422,
      0.01099465028221982
    ],
    [
      0.007592327317933243,
      0.5253379876393256,
      0.0026049375648845648,
      0.013805739742751132,
      0.045523882302401515,
      0.009048767815621687,
      0.0399558996376239,
      0.02004572792633502,
      0.05835031193181986,
      0.013497384382054205,
      0.003019990585590714,
      0.022694159955166555,
      0.012200891966742547,
      0.00019169158286817147,
      0.029005081833485054,
      0.06159497416914804,
      0.07636018643371165,
      0.012282389815505976,
      0.046887667397030604
    ],
    [
      0.024516565350571506,
      0.020916783584575417,
      0.33521276905750735,
      0.019653044871791113,
      0.024610762441391792,
      0.01673013272006644,
      0.0600577052315156,
      0.17068180479924783,
      0.012257380827494443,
      0.030920823205195635,
      0.007302109730708198,
      0.10106109730830218,
      0.023711084166050507,
      0.035532223444130505,
      0.02170196402400479,
      0.02633638937190745,
      0.0625408433081914,
      0.0009214008639625694,
      0.00533511569338517
    ],
    [
      0.0239653308720541,
      0.018342441157425088,
      0.027075915947207544,
      0.1844012576789573,
      0.013136728279786021,
      0.03373913353359254,
      0.08077517205143972,
      0.04786570238569556,
      0.07502270126966473,
      0.07825972040654636,
      0.03469698396147697,
      0.09134220241992387,
      0.0586253640270321,
      0.040293198848784795,
      0.06809614798350985,
      0.058551312147362915,
      0.027347818506263867,
      0.0232228786587238,
      0.015239989864553013
    ],
    [
      0.007569101771279677,
      0.05893987244073823,
      0.011096536969785905,
      0.029007682743005747,
      0.3813787392939189,
      0.01768431020073372,
      0.06785495460585061,
      0.032869356660850654,
      0.10120055106673825,
      0.02707083429012348,
      0.0027573509651817036,
      0.025186038619602894,
      0.016407248173856012,
      0.003498075999592181,
      0.0004815088446789563,
      0.011539012482286106,
      0.037224551604201364,
      0.07436420650085622,
      0.0938700667667195
    ],
    [
      0.019791930158618295,
      0.008130303292224344,
      0.036029937973023674,
      0.01538020960944127,
      0.013956267340706083,
      0.33744847407734613,
      0.03729363157148223,
      0.014889890113349168,
      0.0398679314965245,
      0.058505080681388044,
      0.017164324600185184,
      0.0864335758967043,
      0.03646864417614174,
      0.04792147045041749,
      0.05047239261792825,
      0.05572937092814027,
      0.0575735888597909,
      0.0514688387781463,
      0.015474137378441805
    ],
    [
      0.017944899146897692,
      0.008484151296523378,
      0.045320754769270374,
      0.007972030953440585,
      0.023157825834696652,
      0.038281162650004016,
      0.26900639828852735,
      0.043857418928311055,
      0.05599319714909434,
      0.041085134564303544,
      0.05367267763738583,
      0.06478527876758235,
      0.08149044629797471,
      0.01196930883710942,
      0.0623688574904183,
      0.09020497571894476,
      0.04010751722468303,
      0.02823154638493335,
      0.016066418059899223
    ],
    [
      0.012208798740505754,
      0.024472487678520973,
      0.045500029425130976,
      0.02471370771619481,
      0.02433280677765189,
      0.022040142204724025,
      0.02029265544685027,
      0.43770644303792106,
      0.006252802175550989,
      0.04220105985998521,
      0.0655422235100029,
      0.06539878069075578,
      0.0121737790122848,
      0.037639725262294234,
      0.010904944743683006,
      0.04470381564052303,
      0.03543402832018759,
      0.03170901723095324,
      0.0367727525262794
    ],
    [
      0.005437044496936714,
      0.011308152179774647,
      0.01817825056942693,
      0.02382807572415262,
      0.041567892562790955,
      0.007486694570609114,
      0.07391234523905335,
      0.03750095830333543,
      0.38065873911740983,
      0.05870909531617864,
      0.0016497353498843438,
      0.04015187648173654,
      0.07254337637022286,
      0.01578015651829035,
      0.023057769082248592,
      0.05034775847481589,
      0.05313132223169317,
      0.032649659674718313,
      0.052101097736721745
    ],
    [
      0.013189570285616098,
      0.007623314831880373,
      0.008990052859899208,
      0.01455393600237715,
      0.010701106356819002,
      0.04867583363340087,
      0.0667226436828237,
      0.06640036666042763,
      0.029753213327475984,
      0.39352423487870225,
      0.03680618497340565,
      0.060376035825186206,
      0.04517130568302394,
      0.0058323814948668075,
      0.06102265301829581,
      0.0467308641701088,
      0.06501191403364749,
      0.015620678865943859,
      0.0032937094160991804
    ],
    [
      0.020906252254361053,
      0.006714684238659412,
      0.01166382786433044,
      0.03777509390067573,
      0.018437833861414104,
      0.012328232564861322,
      0.038620864818219164,
      0.11015410494723436,
      0.009503972324035418,
      0.012831396706092103,
      0.5056655075214851,
      0.11003587790860195,
      0.0061414470777976906,
      0.033017337593070954,
      0.010242374018015228,
      0.03506647458869554,
      0.014818816256696066,
      0.001321451710496308,
      0.004754449845258214
    ],
    [
      0.046348449965768104,
      0.00015039144516620486,
      0.030876090916315442,
      0.022750067470494413,
      0.005069050949412618,
      0.004361096481394774,
      0.05909642375805267,
      0.05474598892831113,
      0.03633129559333677,
      0.06934858739957957,
      0.04767253288593024,
      0.4497418156872346,
      0.05881554770760279,
      0.0325255493772432,
      0.020756446835315013,
      0.023764249975969518,
      0.028907695175575898,
      0.005863546643618026,
      0.002875172803679091
    ],
    [
      0.04262337568154371,
      0.021274561328236335,
      0.038355544363028946,
      0.000349535556668389,
      0.031187283366991038,
      0.016697514821034782,
      0.0805111463273363,
      0.045984273758125783,
      0.10198263376411137,
      0.04201916394954494,
      0.042276357168614255,
      0.04769890958007353,
      0.34891149036220254,
      0.05439972600540736,
      0.028608905835355657,
      0.029916661184490302,
      0.007906676761573686,
      0.01664940428912674,
      0.002646835896534489
    ],
    [
      0.018549070824228363,
      0.003962777345431768,
      0.011275928645265021,
      0.02400896950885054,
      0.008197282729128499,
      0.020753148846121474,
      0.04340288267896479,
      0.03516499931688502,
      0.021475433435956863,
      0.025804017918989848,
      0.007995995037900595,
      0.04547909695427432,
      0.018873224978950404,
      0.653243966862926,
      0.019265062708004516,
      0.02437964183901552,
      0.013016024547513928,
      0.003129585318284261,
      0.0020228905033081793
    ],
    [
      0.03273885915198322,
      0.0016530290909516853,
      0.013649518691143869,
      0.05358174370879032,
      0.027247357482284334,
      0.04322223072244936,
      0.10048453306531956,
      0.06380304623313718,
      0.04489527097690532,
      0.0921823439400499,
      0.02029291801002997,
      0.09811607265464367,
      0.051317487458702286,
      0.04903294084172051,
      0.22515557529658653,
      0.03937848800328308,
      0.01160742429839762,
      0.019687104168991745,
      0.011954056204629953
    ],
    [
      0.01598796047387462,
      0.043911821685487254,
      0.02387475935226372,
      0.02132744163189725,
      0.04311445057701034,
      0.007937076971667406,
      0.04241030469905574,
      0.02792927917290512,
      0.08600341848828381,
      0.055938944882907786,
      0.011600807264861252,
      0.062330216085341165,
      0.0945674431155142,
      0.006442721554757616,
      0.00952140007861642,
      0.3078920488302538,
      0.027538845636790134,
      0.06001064485162863,
      0.05166041464688371
    ],
    [
      0.009929026532848618,
      0.06974349277941891,
      0.011853371153089156,
      0.008029630916309344,
      0.006233296221766382,
      0.011590082817237399,
      0.05093308554199924,
      0.0504217782192197,
      0.044152464659667295,
      0.022615588071810307,
      0.017131530234183383,
      0.028077917677336355,
      0.02107687653702899,
      0.018635696715929705,
      0.016618438835687244,
      0.08713136959581282,
      0.4162571829028366,
      0.005703845480783843,
      0.1038653251070348
    ],
    [
      0.010376560962601748,
      0.010131167721219348,
      0.006705811671432136,
      0.013494208628234076,
      0.1000060665152254,
      0.02797926709746678,
      0.06133997390787034,
      0.013589136233687944,
      0.11596318447779821,
      0.04549635763428039,
      0.009965614444411035,
      0.036254316340907325,
      0.02221734176795278,
      0.005560407196518661,
      0.016186308920903426,
      0.04807738657646374,
      0.08716613008121053,
      0.29491637409457094,
      0.07457438572724512
    ],
    [
      0.0035902179300903603,
      0.10123707338842808,
      0.004831815586116222,
      0.003999130186787523,
      0.0601520707210737,
      0.012400385486210586,
      0.050026430587521806,
      0.010462739108341154,
      0.030807745287662426,
      0.021631123469495785,
      0.0053806110936306046,
      0.031073676768269574,
      0.0006444024499917779,
      0.0005011662291410432,
      0.020985713156666287,
      0.05264723445323339,
      0.10118683827304968,
      0.06833733293700558,
      0.42010429288728435
    ]
  ]
}