{
  "poids_LS": 0.125,
  "poids_EM": 0.875,
  "mae_validation": 8.14518878963677,
  "matrice_de_transition": [
    [
      0.16249645114083625,
      0.005135666855586454,
      0.01861198394556579,
      0.0955576634079201,
      0.012008511323139183,
      0.07310724040873119,
      0.054439639123604264,
      0.036454321804762865,
      0.046074237574803556,
      0.04392922258244849,
      0.02946029363555195,
      0.19035708320796213,
      0.04339941928940854,
      0.0705499011372585,
      0.013214168060981512,
      0.047260654398452916,
      0.02867901703370068,
      0.011112979792036072,
      0.0181515452772497
    ],
    [
      0.012534502647531297,
      0.4217259094835456,
      0.004300604470328291,
      0.022792494858315547,
      0.07515735285773835,
      0.014939003469186748,
      0.026124510444202616,
      0.030838296932802985,
      0.06029324478003608,
      0.012133222994139553,
      0.004985833513946933,
      0.008220287275851461,
      0.017093168201244825,
      0.0003164719528483963,
      0.02838768054562561,
      0.07609953108368767,
      0.0980869417504271,
      0.016273146161081612,
      0.06969779657745928
    ],
    [
      0.04047546166367937,
      0.034532425729251866,
      0.21844759186517615,
      0.025044048238585054,
      0.017511180737107373,
      0.023882090925518674,
      0.04560197607868418,
      0.16656956682975727,
      0.00497448831115586,
      0.047010220614357195,
      0.012055369838433347,
      0.123569711843712,
      0.0391456578213098,
      0.05866168964832866,
      0.03582871419057394,
      0.03010484672423449,
      0.06625580424640015,
      0.0015211806716363173,
      0.008807974022098156
    ],
    [
      0.039565404741598746,
      0.030282332099522545,
      0.04470080462982377,
      0.11407160639818419,
      0.021687994801533522,
      0.0557013997016858,
      0.043185499839254085,
      0.015410857436459839,
      0.049471203007791606,
      0.06430914850716278,
      0.05728275654017424,
      0.06664594045911387,
      0.07336027685604361,
      0.06652179055223904,
      0.10358124531658146,
      0.05723231464960982,
      0.03348940567479249,
      0.0383396581629874,
      0.025160360625441292
    ],
    [
      0.012496158584659845,
      0.09730639318046405,
      0.018319754431250314,
      0.047890042264396276,
      0.27150884989382085,
      0.029195795142720762,
      0.041909128308015645,
      0.02579455037470726,
      0.11463606152088132,
      0.011992426644463778,
      0.004552230367045265,
      0.0103495000735536,
      0.02708743802287549,
      0.005775125471024827,
      0.0007949438473473335,
      0.01905025645660442,
      0.04455057962808075,
      0.09337925770086225,
      0.12341150808722597
    ],
    [
      0.032675356393945296,
      0.013422670529615663,
      0.059483388163010784,
      0.025391855487285116,
      0.023041007402109098,
      0.18085204278915656,
      0.01188815972838115,
      0.021971355930029416,
      0.040727484858725696,
      0.05127832014262263,
      0.028337328349362333,
      0.08516912360046107,
      0.06020766727193212,
      0.07911563517757604,
      0.06725715170943912,
      0.06916890066050692,
      0.05864007998226156,
      0.07650807303670236,
      0.014864398786877073
    ],
    [
      0.029626012742519775,
      0.014006853555581048,
      0.07482200079832374,
      0.013161371857095306,
      0.029669233017179667,
      0.06320003267689342,
      0.07628987305298347,
      0.054387763337541986,
      0.07128054535660684,
      0.013238104075495053,
      0.08454816921993395,
      0.04419941946665672,
      0.09089440461712467,
      0.019760651382020267,
      0.0933434598173356,
      0.10341749585066876,
      0.051021177309570814,
      0.04660868506946543,
      0.026524746797003434
    ],
    [
      0.020156035656495347,
      0.04040269192208651,
      0.07511797310752756,
      0.03969058386859525,
      0.04017208666121774,
      0.03638702722478023,
      0.028518258024737602,
      0.20976997017921667,
      0.009651438867321166,
      0.05294882197188453,
      0.10820650107783497,
      0.08368149945347488,
      0.008685949757671962,
      0.0586884136066393,
      0.004371596069495974,
      0.05677416390127288,
      0.02607142104209611,
      0.052349792598271855,
      0.04835577500937944
    ],
    [
      0.008976252707206839,
      0.018669119164722293,
      0.03001126273254446,
      0.03933880426157272,
      0.06862623772158884,
      0.012360108960911272,
      0.0406450993227703,
      0.03454168776898478,
      0.27448382682315353,
      0.03923098349414526,
      0.0027236196814128316,
      0.014198147130333596,
      0.09045752981103153,
      0.026052145195290675,
      0.03806707159805192,
      0.05707012486193672,
      0.07102636938043104,
      0.05390274002901607,
      0.07961886935489537
    ],
    [
      0.017107379105022514,
      0.012585661279047785,
      0.014842068400776995,
      0.013137759997860522,
      0.01766692087210684,
      0.0803610460928788,
      0.05232809919498876,
      0.08316863731999678,
      0.04149502740717773,
      0.24800046599634862,
      0.060764928022131966,
      0.05825692305008835,
      0.07131017944802219,
      0.005311432666436579,
      0.10074494602077139,
      0.055347718861419315,
      0.036344221837023606,
      0.02578885661830354,
      0.005437727809597703
    ],
    [
      0.01972765241513578,
      0.01108556360156035,
      0.01925631958733799,
      0.05138489267312923,
      0.007407289331402851,
      0.020353214140101238,
      0.03833908051149182,
      0.09627109538015627,
      0.01569052034628489,
      0.021183909656284132,
      0.45660968530649687,
      0.1254481158837916,
      0.010139181496364112,
      0.054509755460258644,
      0.016909579746723254,
      0.016975494038128147,
      0.008677680875758124,
      0.00218164197487598,
      0.00784932757471875
    ],
    [
      0.07651866739631526,
      0.00024828776324609293,
      0.05097467839957738,
      0.03755907365411813,
      0.008368716190068001,
      0.007199923436264957,
      0.05209537191871838,
      0.03115202549141647,
      0.010925275945770184,
      0.06428395545216134,
      0.07870465334941314,
      0.3779168616938091,
      0.07221380592143223,
      0.05369784095299585,
      0.03426771883188799,
      0.02099511217752528,
      0.01240934572912879,
      0.005721938142907729,
      0.004746747553243782
    ],
    [
      0.07036878060632215,
      0.03512309653246565,
      0.06332283267481192,
      0.0005770634190280007,
      0.051488439520975766,
      0.02756665182718006,
      0.0749870569954312,
      0.03290920865428097,
      0.11609916902009826,
      0.02670255130534182,
      0.06979587268403296,
      0.03262055836094531,
      0.18025449723086523,
      0.08981086840515366,
      0.04723168416214377,
      0.039522106999367465,
      0.011063370679649149,
      0.026186414677628164,
      0.004369776244278638
    ],
    [
      0.03062346598339588,
      0.006542321089156221,
      0.01861591993322055,
      0.03952531364648818,
      0.008632560390473165,
      0.027453147915585865,
      0.024680955756136817,
      0.035101617773310854,
      0.019023564007579794,
      0.028364414273074616,
      0.013200935204081169,
      0.04353094896150761,
      0.03115862614449359,
      0.6232689195617171,
      0.01928697753005947,
      0.01634817790794374,
      0.006135687989900956,
      0.005166768214148544,
      0.003339677717725768
    ],
    [
      0.05405000331695343,
      0.002729057461476839,
      0.02253458274481299,
      0.08846042593432364,
      0.044983844899997724,
      0.07135745638140224,
      0.061104979898349204,
      0.05555175449099741,
      0.03047293906253848,
      0.08079336322410065,
      0.03350245897882306,
      0.0711651312626944,
      0.06649282151582969,
      0.08095060988019895,
      0.1475040569018699,
      0.026171603930330876,
      0.009937145347528863,
      0.03250229461861844,
      0.019735470149153223
    ],
    [
      0.02639521776347225,
      0.07249593202792706,
      0.03941587628911463,
      0.03521039892058508,
      0.06512354842960849,
      0.013103664811715056,
      0.031449369849188474,
      0.016656528604621943,
      0.09619774185133871,
      0.04934889081160774,
      0.019152276144818105,
      0.03639574557290817,
      0.08663590067948981,
      0.010636568604552667,
      0.014963172786769527,
      0.1697161251214902,
      0.03984436636327591,
      0.09907417782108499,
      0.07818449754643114
    ],
    [
      0.016392260785363284,
      0.09152431199654638,
      0.019569244828213227,
      0.010595390955403402,
      0.010290819234048272,
      0.01913457068883533,
      0.04211635812019049,
      0.03293063238619788,
      0.061542692453517886,
      0.03733705577893211,
      0.028283186707378227,
      0.013417091202405675,
      0.014959781022501735,
      0.02354144627164586,
      0.02743610185137045,
      0.1070143602138797,
      0.31005424280358396,
      0.009416726029595967,
      0.1244437266703902
    ],
    [
      0.01713111479674817,
      0.0167259844454093,
      0.011070915495288904,
      0.02227817462208456,
      0.16510435509589097,
      0.0461921862458178,
      0.0314900165411286,
      0.017910920152428973,
      0.14905637620811177,
      0.032749594179374154,
      0.016452665356338974,
      0.019695413232957128,
      0.036679573673506945,
      0.009179917541422316,
      0.02595333540483959,
      0.05487893533882944,
      0.12238261206220495,
      0.1252631457662606,
      0.07980476384135671
    ],
    [
      0.005927246582696349,
      0.16263395461548824,
      0.007977054033682441,
      0.006602337572526571,
      0.09930766392630093,
      0.02047233452912125,
      0.026418804820805705,
      0.004840685744166691,
      0.023268763508850904,
      0.015374996834591155,
      0.008883084352692035,
      0.015498773928087347,
      0.0010638719693260483,
      0.0008273970764120995,
      0.019811710003362105,
      0.07501227822623907,
      0.11819921321994634,
      0.1054314836838576,
      0.28244834537184704
    ]
  ]
}