{
  "poids_LS": 0.965,
  "poids_EM": 0.03500000000000003,
  "mae_validation": 5.892321562872487,
  "matrice_de_transition": [
    [
      0.3397073577305194,
      0.00020542667422345835,
      0.0007444793578226322,
      0.021432815241068173,
      0.00048034045292556776,
      0.00292428961634925,
      0.1481197489999784,
      0.08378049410189277,
      0.0869093018441854,
      0.06755941992051616,
      0.0011784117454220792,
      0.12925774385187538,
      0.0017359767715763434,
      0.002821996045490342,
      0.0005285667224392609,
      0.038297787756208554,
      0.07314526216473537,
      0.00044451919168144333,
      0.0007260618110899888
    ],
    [
      0.0005013801059012523,
      0.6739987954280535,
      0.00017202417881313176,
      0.0009116997943326227,
      0.0030062941143095367,
      0.0005975601387674704,
      0.05980093630644574,
      0.00456073761270707,
      0.05556262567133572,
      0.015454659416888271,
      0.0001994333405578775,
      0.043461020755922994,
      0.005181539108543626,
      1.2658878113935864e-05,
      0.02989091846389208,
      0.0407840881613303,
      0.045187015761902496,
      0.006556522015332239,
      0.014160090746850311
    ],
    [
      0.0016190184665471762,
      0.0013812970291700757,
      0.5027454145943304,
      0.011918126997695459,
      0.034797118799712916,
      0.006468627468765409,
      0.08079853401601286,
      0.17658197232069084,
      0.022706748350936758,
      0.007836035618137732,
      0.0004822147935373343,
      0.068766128627062,
      0.0015658263128523933,
      0.0023464675859331484,
      0.001433148567622959,
      0.02092947230117735,
      0.057210681962065815,
      6.084722686545274e-05,
      0.0003523189608839266
    ],
    [
      0.0015826161896639514,
      0.001211293283980903,
      0.0017880321851929525,
      0.2853090182122404,
      0.0008675197920613417,
      0.002228055988067434,
      0.13470818000805387,
      0.09443134948677291,
      0.11168354660191745,
      0.09827575834914017,
      0.0022913102616069717,
      0.12677596958108603,
      0.0374839673593199,
      0.002660871622089564,
      0.017182747462146247,
      0.06044378681805214,
      0.01853597604707061,
      0.0015335863265194974,
      0.0010064144250176525
    ],
    [
      0.0004998463433863943,
      0.003892255727218565,
      0.0007327901772500133,
      0.0019156016905758529,
      0.5390181458244943,
      0.0011678318057088315,
      0.10508157494622254,
      0.043020165680099864,
      0.08192351432818512,
      0.04870507134693958,
      0.00018208921468181076,
      0.0464732460987171,
      0.0010834975209150206,
      0.00023100501884099327,
      3.1797753893893365e-05,
      0.0007620102582641774,
      0.026713294004722256,
      0.047081741735630164,
      0.05148452052425367
    ],
    [
      0.001307014255757813,
      0.000536906821184627,
      0.0023793355265204334,
      0.0010156742194914056,
      0.0009216402960843648,
      0.5621303102734443,
      0.07374496073767074,
      0.004729526115503594,
      0.03863465928119234,
      0.0688739110196167,
      0.0011334931339744942,
      0.08824779006087936,
      0.002408306690877287,
      0.0031646254071030443,
      0.0263899121822822,
      0.03644656739909247,
      0.0560434059449417,
      0.015542980928913703,
      0.016348979705469464
    ],
    [
      0.001185040509700792,
      0.0005602741422232424,
      0.002992880031932952,
      0.0005264548742838126,
      0.013815372051134069,
      0.002528001307075739,
      0.5455127171047425,
      0.02874866390637102,
      0.034059175807880766,
      0.08103956961346356,
      0.009373059279816796,
      0.09432151167760607,
      0.06799781044875956,
      0.0007904260552808114,
      0.017927036760493474,
      0.07124788161690596,
      0.024448787537670123,
      0.001864347402778619,
      0.0010609898718801382
    ],
    [
      0.0008062414262598146,
      0.0016161076768834617,
      0.003004718924301105,
      0.003225146280141994,
      0.0016068834664487112,
      0.0014554810889912105,
      0.0084907039220554,
      0.7647457301830187,
      0.0013764973569242122,
      0.026780357699433998,
      0.004328260043113403,
      0.03916705377033271,
      0.01717805576890322,
      0.0074394332899730435,
      0.020278879797951357,
      0.02738548987509932,
      0.04886733441484059,
      0.002093991703930876,
      0.020153633311396725
    ],
    [
      0.0003590501082882739,
      0.0007467647665888924,
      0.0012004505093017794,
      0.0015735521704629103,
      0.002745049508863556,
      0.0004944043584364514,
      0.1216436111189377,
      0.04174686820044723,
      0.532996656756995,
      0.08665595140866132,
      0.00010894478725651336,
      0.07738983598592339,
      0.046840460563845186,
      0.0010420858078116278,
      0.001522682863922078,
      0.04070262409329467,
      0.027455819800895363,
      0.002156109601160645,
      0.012619077588907422
    ],
    [
      0.007568366327337333,
      0.0005034264511619118,
      0.0005936827360310803,
      0.01658584070450971,
      0.0007066768348842743,
      0.0032144418437151543,
      0.08737568577406513,
      0.04234154354017625,
      0.012906262691382175,
      0.6023192076229487,
      0.002430597120885281,
      0.06341650198076139,
      0.007667704194113397,
      0.006579829813918875,
      0.004029797840830859,
      0.03436755091735891,
      0.1061438202288035,
      0.0010315542647321425,
      0.0002175091123839083
    ],
    [
      0.022597286806292964,
      0.0004434225440624144,
      0.0007702527834935203,
      0.018247991314112023,
      0.0342642673175172,
      0.0008141285656040503,
      0.03902516404091493,
      0.13007320563043337,
      0.0006276208138513961,
      0.000847356386251366,
      0.5760499480908159,
      0.08792266690072112,
      0.0004055672598545648,
      0.002180390218410348,
      0.0006763831898689308,
      0.06102309885690092,
      0.023630010498911374,
      8.726567899503928e-05,
      0.00031397310298875023
    ],
    [
      0.0030607466958526134,
      9.931510529843727e-06,
      0.002038987135983097,
      0.0015023629461647266,
      0.00033474864760272037,
      0.00028799693745059854,
      0.06914141117970624,
      0.08859819733776869,
      0.07278341073984534,
      0.07661523323717964,
      0.003148186133976528,
      0.5527950105473669,
      0.03959195983558665,
      0.002147913638119836,
      0.0013707087532755207,
      0.02773736073025908,
      0.052579240033521754,
      0.006066724057680624,
      0.00018986990212975147
    ],
    [
      0.0028147512242528887,
      0.001404923861298627,
      0.0025329133069924795,
      2.308253676112005e-05,
      0.0020595375808390324,
      0.0011026660730872034,
      0.08843701362963494,
      0.06474414977668572,
      0.0817284744837824,
      0.0639951733955755,
      0.002791834907361321,
      0.0693330656770836,
      0.5908976109419474,
      0.0035924347362061497,
      0.0018892673664857524,
      0.01613493458053611,
      0.003377507226943673,
      0.0029658676447551274,
      0.00017479104977114566
    ],
    [
      0.0012249386393358363,
      0.0002616928435662491,
      0.0007446367973288228,
      0.0017463887896313193,
      0.007572753910677457,
      0.011140106702976918,
      0.07026477782910928,
      0.035255938053317525,
      0.024993333050584828,
      0.02213040575878127,
      0.0005280374081632472,
      0.04827426581346133,
      0.0012463450457797446,
      0.69625164342553,
      0.019233619702447413,
      0.035903046609683735,
      0.022887811782349925,
      0.00020667072856594195,
      0.00013358710870903082
    ],
    [
      0.002162000132678139,
      0.00010916229845907365,
      0.0009013833097925204,
      0.003538417037372949,
      0.0017993537959999104,
      0.002854298255256092,
      0.15698563108749441,
      0.07564185612403335,
      0.06558818198447512,
      0.10852305540206404,
      0.0013400983591529238,
      0.13678481465178824,
      0.029544182072389055,
      0.003238024395207961,
      0.3365686234281365,
      0.058327495586214494,
      0.014003911488774534,
      0.001300091784744739,
      0.0007894188059661296
    ],
    [
      0.0010558087105388908,
      0.002899837281117085,
      0.0015766350515645866,
      0.0014084159568234042,
      0.011536179745021686,
      0.0005241465924686027,
      0.05813686339669139,
      0.04410322564044185,
      0.07137678061955288,
      0.06539423985477308,
      0.0007660910457927249,
      0.09954054334231026,
      0.10594748226285353,
      0.0004254627441821071,
      0.0017136392364837032,
      0.5061444611080451,
      0.009883098507484454,
      0.003962967112843403,
      0.013604121791011291
    ],
    [
      0.0006556904314145319,
      0.038492752163540374,
      0.0007827697931285298,
      0.004348323034130914,
      0.00041163276936193125,
      0.0007653828275534138,
      0.0635831727124205,
      0.07551777006659882,
      0.019201268259794714,
      0.0014934822311572856,
      0.00113132746829513,
      0.04911301653267168,
      0.029853578797002876,
      0.011597012570771741,
      0.001097444074054819,
      0.05860360044815162,
      0.5686353143495904,
      0.000376669041183839,
      0.07433979242917707
    ],
    [
      0.0006852445918699274,
      0.0006690393778163726,
      0.00044283661981155657,
      0.0008911269848833832,
      0.006604174203835645,
      0.0018476874498327136,
      0.10416817360797806,
      0.007388315828537776,
      0.0684816485169135,
      0.06378519215653718,
      0.0006581066142535595,
      0.060012742539270664,
      0.001467182946940279,
      0.000367196701656893,
      0.0021727491830819644,
      0.03831864270002599,
      0.03663813419543592,
      0.5383318756091031,
      0.06706993017221546
    ],
    [
      0.00023708986330785417,
      0.013145895975689556,
      0.00031908216134729793,
      0.0002640935029010631,
      0.003972306557052041,
      0.0008188933811648507,
      0.08389824147020142,
      0.01852916350041756,
      0.041624545231174606,
      0.030607305163054602,
      0.00035532337410768174,
      0.053420276495487556,
      4.255487877304197e-05,
      3.309588305648401e-05,
      0.022670152463580978,
      0.020558258605007842,
      0.07677777856663273,
      0.015115290561087487,
      0.6176106523659554
    ]
  ]
}