{
  "poids_LS": 0.06,
  "poids_EM": 0.94,
  "mae_validation": 8.325744885982127,
  "matrice_de_transition": [
    [
      0.14878370241663458,
      0.005517173536287162,
      0.019994588467236393,
      0.10129351475416459,
      0.012900572164286665,
      0.0785380639819512,
      0.047190583002218164,
      0.032792177519865906,
      0.042914381411101384,
      0.04210069540747896,
      0.031648772591335805,
      0.19508500827718311,
      0.04662337615090746,
      0.07579075093602626,
      0.014195791974082994,
      0.04795420955529325,
      0.025238176636656326,
      0.01193851543373018,
      0.019499945783559677
    ],
    [
      0.013465637129919335,
      0.40220479330926817,
      0.004620077945266963,
      0.024485651619218986,
      0.0807404704985989,
      0.016048758012612047,
      0.023518596538195706,
      0.03287167949923898,
      0.06065930459201885,
      0.01187620708047447,
      0.0053562097178401335,
      0.005493325756560211,
      0.0180149014048467,
      0.0003399812979171343,
      0.028271358563854987,
      0.07883227369077485,
      0.10218038840430102,
      0.017025027791407455,
      0.07399535714768497
    ],
    [
      0.04348221024440983,
      0.03709769164056771,
      0.196448355582563,
      0.026059744525082463,
      0.016173578387024802,
      0.02522956131205315,
      0.042878432904962314,
      0.16579479735724453,
      0.003602349141410909,
      0.05004155635811227,
      0.012950911597859823,
      0.12781046530690515,
      0.042053620973749956,
      0.06301941516506164,
      0.038490275816159436,
      0.030814845935542477,
      0.06695572442316412,
      0.0016341826643864435,
      0.009462280663739733
    ],
    [
      0.0425045490938318,
      0.03253187676977279,
      0.04802143583089639,
      0.10082109238876316,
      0.023299102986790297,
      0.0598392179652396,
      0.03610338768333504,
      0.009296176503995135,
      0.0446571526106271,
      0.061680779888438335,
      0.06153804702601575,
      0.06199302153896126,
      0.0761364198528139,
      0.07146340927897679,
      0.11026684336484131,
      0.056983807874670826,
      0.03464651630074716,
      0.041187747055095036,
      0.027029415986188358
    ],
    [
      0.013424444650948861,
      0.10453486810244136,
      0.019680650474714623,
      0.05144758826118,
      0.2508087258039473,
      0.03136462563903716,
      0.0370207842229163,
      0.024461615857028073,
      0.11716738957745901,
      0.009151567232962675,
      0.004890396051454342,
      0.007554210202558804,
      0.02909964770457481,
      0.006204134791729528,
      0.0008539968188645639,
      0.020465418364809317,
      0.04593084577750729,
      0.09696180357912423,
      0.1289772868867417
    ],
    [
      0.035102668583209796,
      0.014419783197529968,
      0.06390215414083444,
      0.027278107609197723,
      0.0247526250948372,
      0.15134836732906287,
      0.007101621555043265,
      0.02330554514186772,
      0.04088942969508244,
      0.049916756562855234,
      0.030442387026743532,
      0.0849308934576906,
      0.06468023684070422,
      0.08499279664791026,
      0.07041949762523102,
      0.07170098597240208,
      0.05884101309229226,
      0.0812256099259955,
      0.014749520501509805
    ],
    [
      0.03182680226053553,
      0.015047362676852782,
      0.0803802065719135,
      0.014139073766479528,
      0.030896019877647476,
      0.06789489224717693,
      0.039980962501359255,
      0.056371741269715926,
      0.07416077038121065,
      0.007991562099342727,
      0.090365290822443,
      0.04032092423604754,
      0.0926661648801529,
      0.02122858548468463,
      0.09917925445863887,
      0.10590681123780515,
      0.053077374137158365,
      0.050071044531768576,
      0.028495156559066544
    ],
    [
      0.021653341162406428,
      0.04340403475058436,
      0.08069816539551532,
      0.042512314158177945,
      0.04315629881319392,
      0.03909006353290676,
      0.030068009235064197,
      0.1668254173217796,
      0.01029176172229236,
      0.05497376265963367,
      0.11624469830075985,
      0.08712606965514658,
      0.008028822506802877,
      0.06265410851209562,
      0.0031406753047940696,
      0.059048287486631545,
      0.02430745155491945,
      0.05623863433414348,
      0.050538083593151914
    ],
    [
      0.009643060051170774,
      0.020055968016958806,
      0.03224067082124776,
      0.04226111543528955,
      0.0737241868094783,
      0.013278288483721822,
      0.03437735733854305,
      0.03398414404512161,
      0.2544798578401777,
      0.0355611943102839,
      0.0029259457148892135,
      0.009308314064127243,
      0.09383266016944476,
      0.02798744740979798,
      0.04089491120247863,
      0.05833665765951021,
      0.07439790000265699,
      0.057906943574028695,
      0.08480337705107299
    ],
    [
      0.017845516998533865,
      0.013520596116919904,
      0.015944622053406143,
      0.012870944228893622,
      0.01897932070832049,
      0.0863307238026355,
      0.049616083566845944,
      0.08632787671962573,
      0.043707253248280946,
      0.22058294432286174,
      0.06527889410377605,
      0.057857669918548175,
      0.07623489479505084,
      0.0052132828871671155,
      0.1082288562966001,
      0.05697118423804304,
      0.030943062437659687,
      0.027704600252806088,
      0.005841673304024961
    ],
    [
      0.019505597372962903,
      0.011909062611961976,
      0.020686789042397385,
      0.053949057659243654,
      0.00532907079676305,
      0.02186516719050876,
      0.03828599071457217,
      0.09365545589650387,
      0.016856101857723193,
      0.022757571516465236,
      0.44736728401961506,
      0.12835187086462443,
      0.010892377836094017,
      0.05855905158016357,
      0.01816571995647984,
      0.01356704842715168,
      0.0075206553692045985,
      0.0023437068072953383,
      0.008432420480269284
    ],
    [
      0.08220291126004153,
      0.0002667319970872313,
      0.05476136879497455,
      0.04034917626842405,
      0.008990392249901624,
      0.007734774891530354,
      0.050776333166380035,
      0.02670678600330588,
      0.006138634562895321,
      0.06332974943308253,
      0.08455128474108382,
      0.3643846239849028,
      0.0747381154399798,
      0.05768682342378983,
      0.036813320802256806,
      0.020473390563325637,
      0.009300961050812667,
      0.0056952582804550645,
      0.005099363085770464
    ],
    [
      0.07559617573707751,
      0.03773224084630595,
      0.0680268145306551,
      0.0006199309872986522,
      0.05531329502824825,
      0.02961446024862772,
      0.07394628654159402,
      0.030445790591237747,
      0.11875880609731317,
      0.023816812691216594,
      0.07498070894056112,
      0.029779709580529844,
      0.14847854200322197,
      0.09648253291525079,
      0.05074032355704587,
      0.041331828674634176,
      0.011658110113489452,
      0.02798324272183858,
      0.004694388193853621
    ],
    [
      0.032898352027876714,
      0.007028322084350683,
      0.019998816842545505,
      0.042448682831840195,
      0.00871456922521926,
      0.028715466580847268,
      0.02115363619096633,
      0.03508967632307224,
      0.01856161759353774,
      0.0288468077890616,
      0.01418157610495577,
      0.0431639065860588,
      0.033473266943798825,
      0.6176214468817791,
      0.019291106409577066,
      0.01483500354411862,
      0.004839392696437643,
      0.005550585281485293,
      0.00358776806247111
    ],
    [
      0.05806514642049854,
      0.002931787444329404,
      0.02420858032014195,
      0.09503177186087339,
      0.04832550194971184,
      0.07665829599830641,
      0.05368564379442725,
      0.05399716329320296,
      0.027755688122150523,
      0.0786476132341392,
      0.03599121307439278,
      0.06608741766710975,
      0.06935194242514353,
      0.08696408375701373,
      0.13287406068257548,
      0.023683350409339877,
      0.009622455110408662,
      0.03491675079028724,
      0.021201533645947464
    ],
    [
      0.028356005368758756,
      0.07788134412143022,
      0.04234391281344886,
      0.03782602855468568,
      0.06927019005401104,
      0.014077079912013887,
      0.02938426618182217,
      0.014532677048278736,
      0.09811841147046498,
      0.0481072864213628,
      0.020575016658433164,
      0.0315095409836092,
      0.08514155210458665,
      0.011426713700890866,
      0.015988434311494024,
      0.14368298007491154,
      0.042162797804497866,
      0.10643397388779416,
      0.08318178852750528
    ],
    [
      0.0176099715865617,
      0.09562794460267184,
      0.021022960158309064,
      0.011078795020739964,
      0.011055280091434715,
      0.020555995940005952,
      0.040455235562458405,
      0.02963519911330971,
      0.06481911218279408,
      0.040110665636795634,
      0.030384223434212036,
      0.010654906504230328,
      0.013807284766141528,
      0.024465717927070637,
      0.02947421227461511,
      0.11076043091003723,
      0.29004499321966676,
      0.010116254248937381,
      0.12832081682000787
    ],
    [
      0.018403711895935176,
      0.017968486147068273,
      0.011893326360653222,
      0.023933124736867983,
      0.17736925004587145,
      0.04962360579550712,
      0.02586611153000335,
      0.018725169296539595,
      0.1552913253746926,
      0.030348030050188917,
      0.01767486335423844,
      0.016575619893778107,
      0.039404342003538886,
      0.00986185427307083,
      0.02779349981485655,
      0.056160386554927326,
      0.12901760142094304,
      0.09329949405223112,
      0.08079019739908787
    ],
    [
      0.006367556328839506,
      0.17420148296261553,
      0.00856963519047028,
      0.007092796935057116,
      0.10668480467511185,
      0.021993136522713112,
      0.021970991270554848,
      0.0037814582987425165,
      0.021848375637480617,
      0.01419630630917434,
      0.009542970618892014,
      0.012564371943705188,
      0.0011429024584759832,
      0.000888860859231284,
      0.019590521003464215,
      0.07922598212550103,
      0.12140444328240513,
      0.11242023672311957,
      0.25651316685444575
    ]
  ]
}