{
  "poids_LS": 0.3625,
  "poids_EM": 0.6375,
  "mae_validation": 7.490989623455592,
  "matrice_de_transition": [
    [
      0.2126007253254193,
      0.003741700137641559,
      0.01356015973176936,
      0.07459974502741137,
      0.008749058249715691,
      0.053263846583504144,
      0.08092657495174577,
      0.04983523361496328,
      0.05761986586525378,
      0.050610379567914046,
      0.021463928220187847,
      0.17308197237811615,
      0.03161957691085479,
      0.051400642257145475,
      0.009627465301572243,
      0.044726510556151684,
      0.04125131848443965,
      0.008096599562769138,
      0.013224697273424782
    ],
    [
      0.00913228050034423,
      0.493053064735713,
      0.003133297542667754,
      0.016605960539629896,
      0.054757499939209364,
      0.010884131098978915,
      0.035646118946920165,
      0.023408629863133006,
      0.0589557185439452,
      0.013072319601761959,
      0.0036325358458756227,
      0.018184185134800256,
      0.013725296880391806,
      0.00023057242278954587,
      0.02881270317132595,
      0.06611451001933068,
      0.08313011743819546,
      0.01352588635796795,
      0.05399517141701924
    ],
    [
      0.02948926492639497,
      0.025159338745597785,
      0.29882941674395486,
      0.021332850268690674,
      0.022398573939332155,
      0.018958641436258077,
      0.05555338382882175,
      0.16940045528701525,
      0.009988073739070102,
      0.035934186166021335,
      0.008783198025144294,
      0.10807465111281393,
      0.028520407841239995,
      0.04273923102949659,
      0.02610377748170387,
      0.027510618836762972,
      0.0636984036005318,
      0.0011082887750493169,
      0.006417238216100085
    ],
    [
      0.02882622345459337,
      0.02206284195822357,
      0.03256772908744303,
      0.16248694604799177,
      0.015801253355402993,
      0.040582448354085365,
      0.06906244810126592,
      0.037752960843542405,
      0.06706100253589267,
      0.073912803075579,
      0.041734579764984084,
      0.08364699035967146,
      0.06321667744476757,
      0.04846587597377416,
      0.07915309860178577,
      0.05814032017342535,
      0.029261501464573507,
      0.027933179518747964,
      0.018331119884250083
    ],
    [
      0.009104344111680743,
      0.0708946578886238,
      0.013347249657053799,
      0.034891316506917285,
      0.3471439186837434,
      0.021271222175410838,
      0.05977038554203248,
      0.030664888035458148,
      0.10538697823723209,
      0.02237248987879473,
      0.0033166249817044072,
      0.02056305921757304,
      0.01973513341666643,
      0.004207591414603802,
      0.0005791733744959143,
      0.013879472561240362,
      0.0395072994667145,
      0.08028918622259722,
      0.103075008627457
    ],
    [
      0.023806331087017282,
      0.009779374243005696,
      0.04333789709019357,
      0.018499780426450584,
      0.016787019678679484,
      0.28865393389334504,
      0.029377433823269575,
      0.017096433809850983,
      0.04013576334126835,
      0.05625326399177273,
      0.020645767797392554,
      0.08603957989135314,
      0.04386558615526483,
      0.05764139134366254,
      0.055702426247891776,
      0.05991705048242843,
      0.057905901310995524,
      0.059270919018131155,
      0.015284146368026705
    ],
    [
      0.02158466642669298,
      0.010204993304780478,
      0.054513172010207285,
      0.009588999495883722,
      0.025186742565470342,
      0.0460457380931652,
      0.20895704622237965,
      0.04713861320075257,
      0.06075664622824679,
      0.032408161296051625,
      0.06329330182615081,
      0.058370844347728705,
      0.08442066519452143,
      0.01439704600690048,
      0.0720203640125737,
      0.09432192039767034,
      0.043508150439539366,
      0.03395775626489624,
      0.019325172666388214
    ],
    [
      0.014685111692589466,
      0.02943624697180588,
      0.0547288089783415,
      0.029380415502812337,
      0.02926823456745864,
      0.026510548406625593,
      0.022855705525467333,
      0.3666827594660059,
      0.007311797666464884,
      0.045550000228185714,
      0.07883616507099404,
      0.07109556987044359,
      0.011086991635847466,
      0.044198374529010445,
      0.008869191171291394,
      0.04846486618553928,
      0.032516694168318504,
      0.03814056317874092,
      0.04038195518405695
    ],
    [
      0.006539841258107839,
      0.013601786820011955,
      0.02186534856228239,
      0.02866112881914584,
      0.049999116054300435,
      0.00900522224294964,
      0.06354646426513906,
      0.03657886676002327,
      0.3475752519532575,
      0.052639828589023316,
      0.001984351482172206,
      0.03206484487224142,
      0.07812532273221397,
      0.018980848642283204,
      0.02773458073572354,
      0.0524424088708028,
      0.05870731518383612,
      0.039271996306854566,
      0.06067547584963091
    ],
    [
      0.014410336801807951,
      0.009169553217591957,
      0.010813506977708953,
      0.014112663769085737,
      0.01287161377824927,
      0.058548762153383116,
      0.06223738706704904,
      0.07162526259058323,
      0.033411894526223625,
      0.3481798721110123,
      0.04427159041612472,
      0.059715732569177456,
      0.053316027218494405,
      0.0056700568599211566,
      0.07339988924370486,
      0.049415826139140334,
      0.05607922733469947,
      0.01878902410762115,
      0.0039617731184211835
    ],
    [
      0.020539007376921294,
      0.008076624909708254,
      0.014029604270774822,
      0.042015828300788045,
      0.015000780131048278,
      0.01482877030207376,
      0.03853306246177514,
      0.1058282396473477,
      0.011431664823721845,
      0.015433991321007009,
      0.49037999770087276,
      0.11483824191536394,
      0.007387117947350995,
      0.03971425040675987,
      0.012319836672612655,
      0.029429429924388305,
      0.01290527407278062,
      0.0015894820102667854,
      0.0057187958044379456
    ],
    [
      0.055749314817315404,
      0.00018089537036501056,
      0.03713869426254923,
      0.027364467948000352,
      0.006097207509906687,
      0.005245658503564468,
      0.05691493659072387,
      0.04739424669797439,
      0.02841492715242834,
      0.06777047744494924,
      0.05734196172600099,
      0.42736157639942807,
      0.06299036729596993,
      0.039122712694325545,
      0.024966480863232676,
      0.022901402690947037,
      0.023766905130668467,
      0.005819422255715542,
      0.0034583446459347557
    ],
    [
      0.051268683013177566,
      0.025589684616510684,
      0.04613520666307726,
      0.00042043191957754337,
      0.03751300593671091,
      0.02008427490265976,
      0.07878987211522095,
      0.0419101592692466,
      0.1063812643148899,
      0.037246596241568605,
      0.05085127866979544,
      0.04300058275092488,
      0.29635894902417714,
      0.06543363269518337,
      0.0344116556038476,
      0.03290966241666217,
      0.008890284286771112,
      0.019621081439167038,
      0.0031836941208315786
    ],
    [
      0.02231138235933128,
      0.004766548222099532,
      0.01356302737991783,
      0.02884377239231734,
      0.008332912725054736,
      0.022840829715592263,
      0.037569238782721295,
      0.03514524999533655,
      0.020711445135810386,
      0.026601822580045245,
      0.00961782422011628,
      0.04487206533333976,
      0.022701284762416757,
      0.6439039158922595,
      0.01927189123951439,
      0.02187708423730475,
      0.010872151562170754,
      0.0037643596988796535,
      0.0024331937657716307
    ],
    [
      0.03937928813092321,
      0.0019883132933616967,
      0.016418053142649464,
      0.06444973889500721,
      0.03277394414142691,
      0.05198900393502163,
      0.08821409258575633,
      0.06123199155986173,
      0.04040135596010985,
      0.08863360357203673,
      0.024408934398856802,
      0.08971831555425366,
      0.056046033577952126,
      0.05897830148414494,
      0.20095981231852264,
      0.03526329948779797,
      0.011086975060083442,
      0.023680243222136292,
      0.014378699680097348
    ],
    [
      0.019230801513386922,
      0.052818464763204,
      0.028717281296354945,
      0.025653290642140555,
      0.04997235787890686,
      0.009546955791392397,
      0.03899494094148841,
      0.024416755445106738,
      0.08917991055068497,
      0.053885522237502696,
      0.013953801191224618,
      0.054249185418423634,
      0.09209602047240514,
      0.0077494999833169435,
      0.011217024907968475,
      0.2648372320224507,
      0.03137317455881106,
      0.07218261526964763,
      0.05992516511558326
    ],
    [
      0.011942932857907535,
      0.07653026978185717,
      0.01425759266055535,
      0.008829106870519812,
      0.007497596870520883,
      0.013940901501865739,
      0.04818584438882695,
      0.04497163857559695,
      0.049571158827316386,
      0.027202712067507677,
      0.02060632174394699,
      0.02350968913804636,
      0.01917082503612557,
      0.020164299838362994,
      0.019989159920284185,
      0.09332679420868872,
      0.3831649624371274,
      0.00686075753584849,
      0.11027743573909482
    ],
    [
      0.012481240780487951,
      0.012186074381655346,
      0.0080659527179962,
      0.01623124151037589,
      0.1202903158555777,
      0.03365430712195296,
      0.05203890023562473,
      0.014935779048947828,
      0.12627483117637417,
      0.04152454003601251,
      0.011986941902475536,
      0.03109465812611125,
      0.026723689390697913,
      0.006688225637321973,
      0.019229657752854547,
      0.0501967097415487,
      0.09813938171296967,
      0.24205341164444524,
      0.07620414122656974
    ],
    [
      0.004318422510250197,
      0.12036798565483088,
      0.0058118536531114925,
      0.004810274517126502,
      0.07235272657487639,
      0.014915558014074052,
      0.04267043125441461,
      0.008710939871678097,
      0.028458642269626952,
      0.019681750677460284,
      0.0064719614569613395,
      0.02622062733256062,
      0.000775106720508978,
      0.0006028178699573868,
      0.020619900579912084,
      0.059616052440474285,
      0.10648779568403921,
      0.07989565527116961,
      0.37721149764696693
    ]
  ]
}