{
  "poids_LS": 0.1475,
  "poids_EM": 0.8525,
  "mae_validation": 8.0828248046251,
  "matrice_de_transition": [
    [
      0.1672431718530599,
      0.005003606850728517,
      0.018133390072679813,
      0.09357217640345086,
      0.011699721031972749,
      0.0712273399410781,
      0.056948927781007144,
      0.03772198713415027,
      0.047168033939161996,
      0.04456217429686102,
      0.028702743227780617,
      0.1887204937609241,
      0.04228343422196661,
      0.06873576082230043,
      0.012874375167984843,
      0.0470205776133928,
      0.02987007717113911,
      0.010827217454526574,
      0.01768479125583471
    ],
    [
      0.012212186865166208,
      0.4284832189284878,
      0.004190017498234134,
      0.022206402133387433,
      0.07322473521282508,
      0.014554857665693375,
      0.0270265575655127,
      0.03013443373672899,
      0.06016653176819589,
      0.012222190041177465,
      0.004857626366445441,
      0.009164235494067663,
      0.01677410670769033,
      0.0003083341026322947,
      0.028427945847007745,
      0.07515358171969595,
      0.09666997944716306,
      0.016012879442891897,
      0.06821017945699655
    ],
    [
      0.0394346640780419,
      0.03364444906764253,
      0.22606271211684992,
      0.024692461062489797,
      0.01797419693521288,
      0.023415658868641352,
      0.04654474102343406,
      0.16683775626255015,
      0.005449459562221419,
      0.04596091208767275,
      0.01174537461401649,
      0.12210175872183746,
      0.038139055191618976,
      0.05715324620022878,
      0.03490740439710204,
      0.029859077766474028,
      0.06601352418521263,
      0.001482064597222812,
      0.008581483261529918
    ],
    [
      0.03854800861967193,
      0.02950364355982054,
      0.04355135536791402,
      0.1186583227860607,
      0.021130303506636947,
      0.054269077995071024,
      0.04563700020091836,
      0.01752747775923608,
      0.05113760506834855,
      0.06521896841364432,
      0.055809771371998336,
      0.0682565662391667,
      0.07239930428023852,
      0.0648112302237529,
      0.10126699983833766,
      0.057318336225550236,
      0.0330888673811928,
      0.0373537812387963,
      0.024513379923644232
    ],
    [
      0.012174828792482878,
      0.09480422878439497,
      0.017848675031589593,
      0.04665858403474037,
      0.27867427746339246,
      0.028445046124765085,
      0.04360124741439619,
      0.02625595078467314,
      0.11375983257821982,
      0.012975801056137236,
      0.004435173014749816,
      0.011317100413513335,
      0.026390903902287266,
      0.005626622244627046,
      0.0007745024341298307,
      0.018560392719148878,
      0.04407279519174079,
      0.09213914566607925,
      0.12148489234893207
    ],
    [
      0.03183513294381527,
      0.013077516144568403,
      0.057953815324533364,
      0.024738922060469213,
      0.022448524354626295,
      0.19106485352534286,
      0.013545038326844264,
      0.021509521202854615,
      0.040671427030756054,
      0.05174963061254212,
      0.027608654191807303,
      0.08525158788065085,
      0.05865947011351101,
      0.07708123313015267,
      0.06616249350781885,
      0.06829240959100474,
      0.05857052621340478,
      0.07487507949810088,
      0.014904164347196512
    ],
    [
      0.028864200986283554,
      0.01364667732129468,
      0.07289800649208113,
      0.012822936580769998,
      0.02924457602701773,
      0.061574888979487596,
      0.08885834209008416,
      0.05370100174563562,
      0.07028354438655168,
      0.01505421475954778,
      0.0825345502036808,
      0.045541975508021436,
      0.09028110298761488,
      0.019252520346482605,
      0.09132337705688448,
      0.10255580975512153,
      0.05030941686925205,
      0.04541017602482204,
      0.025842681879366204
    ],
    [
      0.019637737596756896,
      0.039363765558375716,
      0.07318636808476256,
      0.0387138310760474,
      0.03913909014707215,
      0.03545136081042874,
      0.027981805682701474,
      0.22463539232217566,
      0.009429788648292676,
      0.05224788096458675,
      0.10542404819297636,
      0.08248914822981927,
      0.0089134168829728,
      0.05731567306244289,
      0.004797684026508172,
      0.05598696727557181,
      0.026682025864580336,
      0.0510036550743163,
      0.047600360499612054
    ],
    [
      0.008745434780450092,
      0.01818905610048658,
      0.029239544547993317,
      0.03832723500913228,
      0.06686156303731942,
      0.012042277587630696,
      0.042814702317310493,
      0.03473468367339895,
      0.2814082776249528,
      0.04050129513471265,
      0.0026535837467479306,
      0.01589078165325118,
      0.08928921545619618,
      0.025382232890268915,
      0.03708820404267344,
      0.05663170966277667,
      0.06985930108812205,
      0.05251666957112709,
      0.07782423207544925
    ],
    [
      0.016851869834191662,
      0.012262029989015127,
      0.014460415213328442,
      0.013230119302502914,
      0.01721262862110981,
      0.07829461919334763,
      0.05326687383549973,
      0.08207505445089444,
      0.04072925692371892,
      0.25749114657563255,
      0.05920240130156286,
      0.05839512605715995,
      0.06960547028943535,
      0.005345407590029855,
      0.09815436169452298,
      0.05478575007720342,
      0.038213853936803426,
      0.025125714590975737,
      0.005297900523065191
    ],
    [
      0.01980451762204178,
      0.010800506251805942,
      0.018761157083663587,
      0.050497297101012695,
      0.008126672670316628,
      0.01982984577649864,
      0.03835745774888708,
      0.09717650904757441,
      0.015287049823094706,
      0.020639180550836824,
      0.4598089780596483,
      0.12444296992888795,
      0.009878459686457607,
      0.05310807603413771,
      0.016474761981807515,
      0.018155340595773846,
      0.00907818970494973,
      0.0021255426098077406,
      0.00764748772279741
    ],
    [
      0.07455104452041002,
      0.000241903220762622,
      0.04966390095501682,
      0.03659326890301224,
      0.008153520630894825,
      0.007014782547903858,
      0.05255196225606627,
      0.032690762237300906,
      0.012582190270611485,
      0.06461425753568861,
      0.07668081940614252,
      0.38260109782381513,
      0.07134000647270422,
      0.05231703932849025,
      0.03338654891906801,
      0.021175708120902074,
      0.013485325040853601,
      0.005731173479910574,
      0.0046246883304460855
    ],
    [
      0.06855929767644531,
      0.03421993119305939,
      0.06169453126317391,
      0.0005622246453958522,
      0.050164451076150675,
      0.02685779506590972,
      0.07534732369099024,
      0.033761930291488246,
      0.11517852541644694,
      0.027701460825615937,
      0.06800112167215783,
      0.033603929092627584,
      0.19125386634812636,
      0.08750144607473542,
      0.0460171551408315,
      0.03889566488100591,
      0.010857499337165967,
      0.02556443573924764,
      0.004257410569425758
    ],
    [
      0.02983600542953713,
      0.006374089975435061,
      0.018137224849223452,
      0.03851337815925095,
      0.00860417271690721,
      0.02701619145453384,
      0.02590195099023429,
      0.03510575135223961,
      0.01918346853551743,
      0.028197431902156043,
      0.012861482584547654,
      0.04365800209147066,
      0.03035740432934947,
      0.6252238139509264,
      0.019285548302534143,
      0.016871969033883202,
      0.006584405591484412,
      0.005033908460070439,
      0.0032538002906985337
    ],
    [
      0.0526601460888032,
      0.0026588816981817204,
      0.021955122045660656,
      0.08618572926744103,
      0.043827117459712066,
      0.06952255036016619,
      0.06367321162662988,
      0.05608988221331088,
      0.03141352592651893,
      0.08153612283601039,
      0.03264096717651047,
      0.0729228013534737,
      0.06550312581645182,
      0.07886902276899384,
      0.15256828636239492,
      0.027032922456827757,
      0.010046076583455087,
      0.0316665213284254,
      0.019227986631032142
    ],
    [
      0.025716483592411535,
      0.07063175091863752,
      0.0384023251845374,
      0.03430498866262718,
      0.06368817248269992,
      0.012766713430842383,
      0.03216421342635373,
      0.017391707989509977,
      0.09553289467548728,
      0.04977867694669253,
      0.018659789043951356,
      0.03808712408458858,
      0.08715317518618705,
      0.0103630568404356,
      0.014608274566672585,
      0.17872759840684435,
      0.03904183240285292,
      0.09652655610568567,
      0.0764546660529824
    ],
    [
      0.015970745508025373,
      0.09010382378673372,
      0.019066035675487744,
      0.010428058778940747,
      0.010026198168029889,
      0.01864253887112242,
      0.04269136208248237,
      0.03407135928835148,
      0.06040854716261459,
      0.036376960058902424,
      0.027555904763474217,
      0.014373232059466372,
      0.015358722034318732,
      0.023221506083229586,
      0.02673060208947807,
      0.10571764343444057,
      0.31698052150570916,
      0.009174581645977785,
      0.12310165700321485
    ],
    [
      0.01669060041626036,
      0.016295887702527347,
      0.010786234811124333,
      0.021705307274659528,
      0.16085881453628237,
      0.04500438717092534,
      0.0334367528911335,
      0.017629064679467597,
      0.14689812457352613,
      0.03358090483947673,
      0.016029596818604542,
      0.020775341696519102,
      0.035736384636188195,
      0.0089438625189286,
      0.025316355416756798,
      0.054435356071718635,
      0.12008588497648794,
      0.13632748674419387,
      0.07946365222521899
    ],
    [
      0.005774831670569872,
      0.1586298101876365,
      0.007771929787102036,
      0.00643256317780446,
      0.09675403828248176,
      0.01994590306980099,
      0.027958432588200237,
      0.0052073413983519815,
      0.023760436233556004,
      0.01578300509338928,
      0.008654662183622812,
      0.016514528461142708,
      0.0010365152615433785,
      0.0008061211515900742,
      0.019888275426403684,
      0.0735536884149561,
      0.1170897105060183,
      0.10301229993949769,
      0.29142590716633204
    ]
  ]
}