{
  "poids_LS": 0.33,
  "poids_EM": 0.6699999999999999,
  "mae_validation": 7.579959336186627,
  "matrice_de_transition": [
    [
      0.20574435096331845,
      0.003932453477991913,
      0.014251461992604662,
      0.0774676707005336,
      0.009195088670289432,
      0.05597925837011416,
      0.07730204689105272,
      0.04800416147251481,
      0.05603993778340269,
      0.04969611598042928,
      0.02255816769807978,
      0.17544593491272664,
      0.033231555341604255,
      0.05402106715652936,
      0.010118277258122985,
      0.04507328813457186,
      0.03953089828591748,
      0.008509367383616191,
      0.01389889752657977
    ],
    [
      0.009597847741538249,
      0.48329250664857426,
      0.003293034280137091,
      0.01745253892008162,
      0.05754905875963964,
      0.011439008370691565,
      0.03434316199391671,
      0.024425321146351004,
      0.05913874844993658,
      0.012943811644929418,
      0.003817723947822223,
      0.016820704375154632,
      0.014186163482192746,
      0.00024232709532391486,
      0.028754542180440636,
      0.06748088132287426,
      0.0851768407651324,
      0.013901827173130871,
      0.056143951702132086
    ],
    [
      0.0309926392167602,
      0.02644197170125571,
      0.2878297986026483,
      0.021840698411939377,
      0.021729772764290868,
      0.019632376629525314,
      0.05419161224196082,
      0.1690130705507589,
      0.009302004154197626,
      0.037449854037898876,
      0.009230968904857532,
      0.11019502784441051,
      0.02997438941746007,
      0.04491809378786308,
      0.027434558294496616,
      0.02786561844241697,
      0.06404836368891378,
      0.00116478977142438,
      0.006744391536920874
    ],
    [
      0.030295795630709894,
      0.02318761429334869,
      0.03422804468797934,
      0.15586168904328127,
      0.01660680744803138,
      0.04265135748586226,
      0.06552139202330641,
      0.03469562037731006,
      0.06465397733731042,
      0.07259861876621679,
      0.04386222500790484,
      0.08132053089959518,
      0.06460474894315271,
      0.05093668533714303,
      0.0824958976259157,
      0.05801606678595586,
      0.02984005677755084,
      0.029357223964801782,
      0.019265647564623616
    ],
    [
      0.009568487144825251,
      0.07450889534961246,
      0.014027697678785953,
      0.036670089505309145,
      0.3367938566388067,
      0.02235563742356904,
      0.0573262134994828,
      0.029998420776618552,
      0.10665264226552093,
      0.02095206017304418,
      0.0034857078239089456,
      0.019165414282075646,
      0.02074123825751609,
      0.004422096074956153,
      0.0006086998602545296,
      0.014587053515342811,
      0.040197432541427776,
      0.08208045916172822,
      0.10585789802721488
    ],
    [
      0.025019987181649536,
      0.01027793057696285,
      0.0455472800791054,
      0.019442906487406885,
      0.017642828525043536,
      0.2739020961632982,
      0.026984164736600636,
      0.017763528415770134,
      0.04021673575944672,
      0.05557248220188904,
      0.021698297136083153,
      0.08592046481996791,
      0.046101870939650874,
      0.06057997207882965,
      0.057283599205787725,
      0.061183093138376006,
      0.05800636786601088,
      0.061629687462777735,
      0.015226707225343073
    ],
    [
      0.022685061185700853,
      0.010725247865416345,
      0.057292274897002164,
      0.010077850450575833,
      0.02580013599570425,
      0.048393167878306956,
      0.19080259094656754,
      0.04813060216683954,
      0.06219675874054869,
      0.029784890307975466,
      0.06620186262740535,
      0.056431596732424115,
      0.08530654532603554,
      0.01513101305823266,
      0.07493826133322531,
      0.09556657809123856,
      0.04453624885333314,
      0.03568893599604781,
      0.02031037754741977
    ],
    [
      0.015433764445545006,
      0.03093691838605481,
      0.05751890512233538,
      0.030791280647603683,
      0.030760340643446724,
      0.027862066560688858,
      0.023630581130630636,
      0.3452104830372874,
      0.00763195909395048,
      0.04656247057206029,
      0.08285526368245649,
      0.07281785497127945,
      0.010758428010412924,
      0.0461812219817386,
      0.008253730788940443,
      0.049601927978218614,
      0.03163470942473018,
      0.04008498404667673,
      0.04147310947594318
    ],
    [
      0.006873244930089807,
      0.014295211246130212,
      0.022980052606634042,
      0.03012228440600425,
      0.05254809059824517,
      0.009464312004354916,
      0.060412593273025436,
      0.03630009489809168,
      0.33757326746176963,
      0.05080493399709263,
      0.0020855144989103966,
      0.02961992833913825,
      0.07981288791142058,
      0.019948499749536858,
      0.029148500537936894,
      0.05307567526958955,
      0.060393080494949104,
      0.041274098079360874,
      0.06326772969771972
    ],
    [
      0.014779405748563627,
      0.009637020636528016,
      0.011364783804023526,
      0.013979255884602287,
      0.013527813696356094,
      0.06153360100826147,
      0.06088137925297764,
      0.07320488229039772,
      0.03451800744677524,
      0.3344711112742689,
      0.04652857345694676,
      0.05951610600340737,
      0.05577838489200873,
      0.005620981970286425,
      0.07714184438161922,
      0.050227558827452196,
      0.05337864763501751,
      0.019746895924872422,
      0.004163745865634812
    ],
    [
      0.020427979855834857,
      0.008488374414909067,
      0.014744838998304517,
      0.04329791079384526,
      0.01396167086372838,
      0.015584746827277519,
      0.038506517563315315,
      0.10452041990552151,
      0.012014455579440999,
      0.016220822251097562,
      0.48575879705743186,
      0.11629011940578035,
      0.007763716117215947,
      0.04173889846671233,
      0.012947906777490949,
      0.027725207118900072,
      0.012326761319503858,
      0.0016705144264764645,
      0.006010342257213213
    ],
    [
      0.058591436749178535,
      0.0001901174872855797,
      0.03903203946024782,
      0.02875951925515331,
      0.006408045539823498,
      0.005513084231197167,
      0.056255417214554695,
      0.045171626953919096,
      0.026021606460990908,
      0.06729337443540985,
      0.060265277421836336,
      0.42059545754497496,
      0.06425252205524372,
      0.04111720392972253,
      0.026239281848417086,
      0.022640541883847218,
      0.02221271279151041,
      0.0058060823244892095,
      0.003634652412198096
    ],
    [
      0.053882380578555246,
      0.026894256773430835,
      0.04848719759099884,
      0.00044186570371286906,
      0.03942543369034716,
      0.02110817911338359,
      0.07826948688830235,
      0.04067845023772499,
      0.10771108285349734,
      0.035803726934505994,
      0.05344369679805952,
      0.04158015836071715,
      0.28047097141035554,
      0.06876946495023194,
      0.036165975301298656,
      0.03381452325429553,
      0.009187654003691264,
      0.020519495461272245,
      0.0033460000956190704
    ],
    [
      0.0234488253815717,
      0.005009548719696763,
      0.014254475834580307,
      0.03030545698499335,
      0.008373917142427783,
      0.023471989048222962,
      0.03580557900013605,
      0.03513927927021724,
      0.020480471928789358,
      0.02684301933803874,
      0.01010814467055358,
      0.04468854414561536,
      0.023858605162069373,
      0.6410801795522905,
      0.019273955679273192,
      0.02112049705539219,
      0.010224003915439098,
      0.0039562682325480275,
      0.0025572389381443017
    ],
    [
      0.041386859682695766,
      0.0020896782847879794,
      0.017255051930313944,
      0.0677354118582821,
      0.034444772666283964,
      0.05463942374347371,
      0.08450442453379536,
      0.06045469596096452,
      0.03904273048991587,
      0.087560728577056,
      0.02565331144664166,
      0.08717945875646135,
      0.05747559403260905,
      0.06198503842255233,
      0.19364481420887544,
      0.03401917272730247,
      0.010929629941523342,
      0.024887471307970692,
      0.015111731428494467
    ],
    [
      0.020211195316030175,
      0.05551117080995558,
      0.030181299558522057,
      0.026961105459190855,
      0.052045678691108134,
      0.010033663341541814,
      0.03796238910780525,
      0.023354829666935136,
      0.0901402453602481,
      0.05326472004238023,
      0.014665171448032147,
      0.05180608312377415,
      0.09134884618495356,
      0.008144572531486042,
      0.011729655670330722,
      0.2518206594991613,
      0.03253239027942204,
      0.07586251330300221,
      0.06242381060612033
    ],
    [
      0.012551788258506743,
      0.07858208608491991,
      0.01498445032560327,
      0.009070808903188093,
      0.007879827299214104,
      0.01465161412745105,
      0.04735528310996091,
      0.04332392193915287,
      0.051209368691954485,
      0.02858951699643944,
      0.021656840107363896,
      0.02212859678895869,
      0.018594576907945467,
      0.020626435666075388,
      0.021008215131906514,
      0.09519982955676748,
      0.37316033764516887,
      0.007210521645519197,
      0.11221598081390365
    ],
    [
      0.013117539330081454,
      0.012807325232484833,
      0.008477158150678359,
      0.017058716567767605,
      0.12642276333056793,
      0.035370016896797626,
      0.0492269477300621,
      0.015342903621003141,
      0.12939230575966457,
      0.04032375797141989,
      0.012598040901425269,
      0.029534761456521744,
      0.028086073555713888,
      0.00702919400314623,
      0.020149739957863025,
      0.05083743534959764,
      0.10145687639233869,
      0.2260715857874305,
      0.07669685800543533
    ],
    [
      0.004538577383321776,
      0.12615174982839453,
      0.0061081442315054114,
      0.005055504198391774,
      0.07604129694928184,
      0.01567595901086998,
      0.04044652447928918,
      0.00818132614896601,
      0.027748448333941807,
      0.01909240541475188,
      0.006801904590061329,
      0.024753426340369544,
      0.0008146219650839454,
      0.000633549761366979,
      0.020509306079963138,
      0.06172290439010526,
      0.1080904107152686,
      0.0833900317908006,
      0.36424390838826626
    ]
  ]
}