{
  "poids_LS": 0.52,
  "poids_EM": 0.48,
  "mae_validation": 7.062788683650438,
  "matrice_de_transition": [
    [
      0.24582777031098488,
      0.0028172801036359975,
      0.010210002621567519,
      0.060701335996126635,
      0.006587526211550638,
      0.04010454330993254,
      0.09849159555356592,
      0.05870889092067514,
      0.06527644041576287,
      0.05504104156880174,
      0.016161075365788497,
      0.1616258462488499,
      0.023807681438761257,
      0.03870166005243895,
      0.007248915050595572,
      0.043045973060730866,
      0.04958873944650866,
      0.0060962632002026455,
      0.009957419123519835
    ],
    [
      0.006876070023788597,
      0.5403542308503082,
      0.0023591887380086623,
      0.0125033114651331,
      0.041229176424816466,
      0.008195110474525301,
      0.04196044879609075,
      0.01848158749061502,
      0.05806872746106389,
      0.013695088931027343,
      0.0027350858133651746,
      0.02479182266231367,
      0.011491866425510332,
      0.00017360747127683453,
      0.029094560281000915,
      0.05949286447138867,
      0.07321138131534707,
      0.011704019330639942,
      0.043581851573780056
    ],
    [
      0.02220368182693268,
      0.01894350211433245,
      0.35213525850567134,
      0.018871740036023876,
      0.025639687326070696,
      0.01569361703811684,
      0.062152738442070886,
      0.17127778131656532,
      0.013312872496529021,
      0.028589026479230187,
      0.006613231454226293,
      0.09779897925969207,
      0.02147418943340423,
      0.03218012689279744,
      0.019654608927400563,
      0.02579023613243976,
      0.06200244317221912,
      0.0008344762541547797,
      0.004831802892122417
    ],
    [
      0.0217044506011056,
      0.01661202218030951,
      0.024521584254074753,
      0.19459396076312732,
      0.011897414291126961,
      0.030556196407781924,
      0.0862229506329159,
      0.05256930310297611,
      0.07872581695979126,
      0.08028154242094976,
      0.03142368358775272,
      0.09492137082004126,
      0.05648986941413187,
      0.03649195367437113,
      0.06295338025407918,
      0.05874247120500829,
      0.026457733409375656,
      0.02103204104941023,
      0.013802254971670652
    ],
    [
      0.006855035566441971,
      0.05337950711614028,
      0.010049693859428744,
      0.026271108899325955,
      0.3973019116707447,
      0.016015979049721102,
      0.07161521928669627,
      0.03389469090521926,
      0.09925337563860157,
      0.029256110760508946,
      0.0024972235156362596,
      0.0273362615972912,
      0.014859394572548841,
      0.0031680688298193335,
      0.00043608348197339433,
      0.010450426399051567,
      0.03616280841233479,
      0.0716084019791162,
      0.08958869845939971
    ],
    [
      0.01792476693610713,
      0.007363293547674878,
      0.032630887220851626,
      0.013929246438739263,
      0.012639638346299848,
      0.360143609046649,
      0.040975584012511376,
      0.013863590719627391,
      0.03974335854548085,
      0.059552437281209125,
      0.015545048694507336,
      0.08661682985268157,
      0.033028206046317045,
      0.04340057701169885,
      0.048039818836549855,
      0.05378161299591322,
      0.05741902492899806,
      0.04783996424792079,
      0.01556250529026278
    ],
    [
      0.01625198413303942,
      0.007683759664775889,
      0.041045211866509015,
      0.007219952561606567,
      0.022214143634336794,
      0.03466973221132439,
      0.2969363294820845,
      0.04233128205740802,
      0.05377763943786065,
      0.04512093608442073,
      0.04919796871237886,
      0.06776873663728171,
      0.08012755378795297,
      0.010840128758136832,
      0.05787978468941579,
      0.08829011772883982,
      0.03852582735730799,
      0.025568192952392464,
      0.014550718242927597
    ],
    [
      0.011057025274420304,
      0.022163762425830312,
      0.04120757381898654,
      0.02254314595497735,
      0.022037258968439447,
      0.019960883506165154,
      0.01910053913121442,
      0.4707407144667189,
      0.005760246133265455,
      0.04064341317710124,
      0.059358994876983755,
      0.06274911130485444,
      0.012679261512953328,
      0.034589190719635524,
      0.011851806870376779,
      0.04295448980563174,
      0.036790927925708095,
      0.02871760051105199,
      0.03509405361568518
    ],
    [
      0.004924115770810609,
      0.010241345370361943,
      0.016463321270424387,
      0.02158014405206275,
      0.03764639326441445,
      0.006780402629985612,
      0.07873368522692045,
      0.03792983809092248,
      0.3960464075658528,
      0.06153201007299507,
      0.0014940999395178962,
      0.04391328653266451,
      0.06994712224836652,
      0.014291462507130884,
      0.020882507848074196,
      0.04937350247668243,
      0.05053783713767318,
      0.029569503101631676,
      0.04811301489350817
    ],
    [
      0.012621771905991981,
      0.006904134187363356,
      0.008141934665569093,
      0.014759178901582461,
      0.009691568021270037,
      0.04408377385666493,
      0.06880880955062586,
      0.06397018250686688,
      0.02805150114201196,
      0.4146146361659998,
      0.03333390337214096,
      0.060683153618678654,
      0.041383063108386506,
      0.005907881325074088,
      0.055265798959966014,
      0.04548204464962901,
      0.06916665203315821,
      0.014147029916326513,
      0.002982982112693597
    ],
    [
      0.021077063825263267,
      0.006081223461427391,
      0.010563466745053983,
      0.035802659295972324,
      0.02003646350344472,
      0.011165191756855536,
      0.038661703123541974,
      0.11216613531927466,
      0.008607371161390567,
      0.011620887582875866,
      0.5127750469729326,
      0.10780222023103823,
      0.005562065278005455,
      0.029902494423913312,
      0.009276112318202471,
      0.0376883558279082,
      0.015708835877121855,
      0.001196786454789109,
      0.00430591684098857
    ],
    [
      0.04197595468597866,
      0.00013620357298071384,
      0.0279632521506253,
      0.020603834690259087,
      0.004590838595694446,
      0.003949672285036777,
      0.06011106895215909,
      0.058165403919165436,
      0.040013327426317434,
      0.07008259202964018,
      0.04317512412310663,
      0.46015122930947017,
      0.05687377115487388,
      0.029457101322786297,
      0.01879829147349284,
      0.024165574294584623,
      0.03129876031274215,
      0.005884069614735459,
      0.0026039300863508748
    ],
    [
      0.03860230250403958,
      0.019267527240666868,
      0.03473709678161112,
      0.00031656050415250324,
      0.028245086822935278,
      0.015122277573767348,
      0.08131173898413416,
      0.04787921072969749,
      0.09993675908933067,
      0.04423896288348742,
      0.03828802158666951,
      0.04988417787270081,
      0.373354532845005,
      0.049267676382255716,
      0.025909952454661725,
      0.02852456758813129,
      0.007449184889388835,
      0.015267228870503344,
      0.002397134396861424
    ],
    [
      0.016799158482320026,
      0.003588930426051412,
      0.01021216179193813,
      0.021760223981656678,
      0.00813419901009304,
      0.019782134488228083,
      0.04611620542140363,
      0.0351741850478378,
      0.021830776831373827,
      0.025432945983615243,
      0.0072416558833816695,
      0.045761437243081085,
      0.017092732056407912,
      0.6575881766167244,
      0.01926188664683713,
      0.025543622118880997,
      0.014013174773254939,
      0.0028343414203329154,
      0.0018320517765809926
    ],
    [
      0.029650287533871594,
      0.001497082950295866,
      0.012361828248583125,
      0.04852686222682896,
      0.02467685205942732,
      0.03914466178636923,
      0.10619171468372106,
      0.06499888561605598,
      0.046985464007972974,
      0.09383292085540487,
      0.018378491782668652,
      0.10202200618970877,
      0.04911816368230701,
      0.044407191705709136,
      0.23640941854219763,
      0.04129252917327615,
      0.011849493711567006,
      0.017829830190784976,
      0.010826315053249769
    ],
    [
      0.014479662315961919,
      0.03976919699817713,
      0.021622423564314312,
      0.01931541883643524,
      0.039924726250546834,
      0.007188296125283687,
      0.043998845981645204,
      0.02956301113932297,
      0.08452598031972514,
      0.056894025183096206,
      0.010506391485157359,
      0.06608883500018653,
      0.09571694201928585,
      0.0058349176344974635,
      0.008732737367289883,
      0.32791754501992976,
      0.025755436835850163,
      0.05434926326185234,
      0.047816344661442044
    ],
    [
      0.008992325916542145,
      0.06658685231316855,
      0.01073512859147697,
      0.00765778163528122,
      0.005645249408392195,
      0.01049667877787538,
      0.05221087212487008,
      0.05295672689067213,
      0.041632141790993296,
      0.020482042027299897,
      0.015515348136618912,
      0.03020267513747124,
      0.021963412118844537,
      0.0179247185194491,
      0.015050661587037504,
      0.08424977675261472,
      0.4316489133520036,
      0.005165746850521216,
      0.10088294806886736
    ],
    [
      0.00939764011707328,
      0.009175397181481672,
      0.0060731879288441985,
      0.012221170078400673,
      0.09057153193831734,
      0.025339713597705763,
      0.065666054685659,
      0.012962790738218228,
      0.11116706973427451,
      0.04734371465673058,
      0.009025462138334522,
      0.03865415737104504,
      0.020121366129466665,
      0.005035840479865956,
      0.014770797836274992,
      0.04709165487177305,
      0.08206229211295046,
      0.3195037984899782,
      0.07381635991360576
    ],
    [
      0.0032515181253648545,
      0.09233897465986864,
      0.004375983927048653,
      0.003621853754071719,
      0.054477347068142216,
      0.011230537798832228,
      0.05344782562617631,
      0.011277529450975135,
      0.031900351342562645,
      0.02253780848904718,
      0.004873006273476773,
      0.033330909063948165,
      0.0005836097660302893,
      0.0004538863962032089,
      0.021155858541203124,
      0.049405923761493435,
      0.09872127668654292,
      0.06296136906065022,
      0.4400544302083622
    ]
  ]
}