{
  "poids_LS": 0.27,
  "poids_EM": 0.73,
  "mae_validation": 7.74467458338628,
  "matrice_de_transition": [
    [
      0.19308642906405538,
      0.004284613490946413,
      0.015527712320300603,
      0.08276230271245161,
      0.010018529446733261,
      0.06099232628385573,
      0.0706106104713117,
      0.04462372059414839,
      0.05312314747844685,
      0.04800824474199588,
      0.024578302118803342,
      0.17981017343816144,
      0.036207515521449414,
      0.05885877466308423,
      0.011024391639447432,
      0.045713492894732165,
      0.036354737919415,
      0.009271400283641523,
      0.01514357491701975
    ],
    [
      0.010457356494511825,
      0.4652730147953952,
      0.0035879328723881737,
      0.019015452853223255,
      0.0627027058127417,
      0.012463397180007229,
      0.03193770300375649,
      0.026302289669215,
      0.059476649814843754,
      0.012706566186161653,
      0.00415960967449287,
      0.014303509126578096,
      0.015036994131671404,
      0.00026402802923351917,
      0.028647168043421607,
      0.0700034129601855,
      0.08895540690716988,
      0.014595871754970112,
      0.06011093069003273
    ],
    [
      0.033768099445126785,
      0.02880990946554727,
      0.26752281126485156,
      0.022778264214860063,
      0.020495062902676192,
      0.020876195447864832,
      0.05167757238929449,
      0.16829789872997794,
      0.008035414151356134,
      0.04024801010905741,
      0.01005762283663582,
      0.11410956950274266,
      0.0326586630966356,
      0.048940609649462764,
      0.02989138441042169,
      0.028521002329778198,
      0.06469444385208054,
      0.0012690993031937276,
      0.007348366898436176
    ],
    [
      0.0330088519558481,
      0.02526411706588738,
      0.03729324271973869,
      0.14363044534227726,
      0.018093984234422253,
      0.046470882036835005,
      0.058984057725535,
      0.029051299516573408,
      0.060210238509158576,
      0.0701724323489327,
      0.04779018545637394,
      0.0770255288194543,
      0.06716734247863297,
      0.05549817954643943,
      0.08866721890123251,
      0.05778667591678141,
      0.030908158893816692,
      0.031986229095978064,
      0.02099092943608245
    ],
    [
      0.010425366590630498,
      0.08118133373913,
      0.015283909411214547,
      0.03995397811772489,
      0.31768604978661574,
      0.024357634804784176,
      0.05281389588246803,
      0.028768019683376226,
      0.10898925277928496,
      0.018329728408581623,
      0.0037978607633634785,
      0.016585146708849682,
      0.022598662579084695,
      0.0048181046786835696,
      0.0006632102955012039,
      0.015893356815224257,
      0.04147152437166767,
      0.08538742458781623,
      0.11099553999599862
    ],
    [
      0.02726058304866293,
      0.01119834227042221,
      0.04962614098171185,
      0.021184062292249294,
      0.019222783318331018,
      0.24666793420013483,
      0.022565821807365664,
      0.018995087688236267,
      0.040366223300699104,
      0.05431565428210375,
      0.023641428222896572,
      0.08570056007279518,
      0.05023039669544051,
      0.066005044205292,
      0.06020268774344179,
      0.06352040265704847,
      0.058191844582962296,
      0.06598433689904835,
      0.015120665731157902
    ],
    [
      0.024716559202330783,
      0.011685717823513332,
      0.062422926380315796,
      0.010980344520776654,
      0.02693255463613608,
      0.05272688440472251,
      0.15728667351429904,
      0.04996196641192319,
      0.06485542799402913,
      0.024941928483834856,
      0.07157151333741373,
      0.05285144728878488,
      0.08694201633806163,
      0.016486029152999765,
      0.08032514869442833,
      0.09786440767936447,
      0.046434276694183194,
      0.03888496011509687,
      0.022129217327785722
    ],
    [
      0.016815892604847546,
      0.0337073886892836,
      0.0626698518497087,
      0.03339595476106463,
      0.03351499801450166,
      0.030357176998959505,
      0.025061120709393647,
      0.30556935732273016,
      0.008223026344693121,
      0.04843164659152104,
      0.09027513804207947,
      0.07599745823436103,
      0.010151849009610692,
      0.049841863432929054,
      0.007117496236907916,
      0.05170111898008816,
      0.03000642989810557,
      0.043674684110558235,
      0.043487548168656236
    ],
    [
      0.007488759401441134,
      0.015575379417425456,
      0.02503796776543709,
      0.032819802412512096,
      0.05725388975629698,
      0.010311862333103118,
      0.05462698528758492,
      0.03578543915298722,
      0.31910806532363806,
      0.047417436288912915,
      0.0022722769913501337,
      0.02510623627802469,
      0.08292839285764818,
      0.02173493256292822,
      0.031758814018946174,
      0.0542447824673497,
      0.06350526260777309,
      0.04497028596706484,
      0.06805342910957601
    ],
    [
      0.01546076380411257,
      0.010500037409948437,
      0.012382525637219663,
      0.013732964405555919,
      0.014739259699014849,
      0.06704407274034459,
      0.05837798021161504,
      0.07612110327467062,
      0.036560062069332065,
      0.30916262972951175,
      0.050695311378464385,
      0.05914756465121644,
      0.06032427598157365,
      0.005530382174037689,
      0.08405006925161498,
      0.051726142252027936,
      0.04839296203560467,
      0.021515274664413237,
      0.004536618629721512
    ],
    [
      0.020223005970752203,
      0.009248527347587491,
      0.016065272341436267,
      0.045664832319489354,
      0.01204331529329164,
      0.016980395796884463,
      0.03845751159692795,
      0.10210598345907315,
      0.01309037697461482,
      0.017673433198957048,
      0.4772273497156948,
      0.11897050861885683,
      0.00845897427696663,
      0.0454767102697015,
      0.014107420817266259,
      0.024578949631844878,
      0.011258737774992911,
      0.0018201127333251034,
      0.006548581862336785
    ],
    [
      0.06383843108492587,
      0.00020714293390816895,
      0.042527445979075984,
      0.031334998591435695,
      0.006981900364285303,
      0.0060067932668267645,
      0.055037842981627,
      0.041068328964893944,
      0.02160316826141411,
      0.06641256887933711,
      0.06566216793722467,
      0.4081041611982923,
      0.0665826539185184,
      0.044799341595070825,
      0.028589068282603693,
      0.02215895270150909,
      0.019343434626910908,
      0.005781454759148289,
      0.003960143672991956
    ],
    [
      0.0587076683915602,
      0.029302697678514195,
      0.05282933468870024,
      0.000481435766731932,
      0.04295606954321407,
      0.022998463810104508,
      0.07730877570014494,
      0.03840452587183894,
      0.11016613246323421,
      0.03313996821377502,
      0.058229699496393214,
      0.03895783640956442,
      0.2511393204309925,
      0.0749279244980139,
      0.03940471935813137,
      0.03548503556992633,
      0.009736644250313084,
      0.022178105963620322,
      0.003645641895226749
    ],
    [
      0.025548720191861704,
      0.00545816502295319,
      0.015530996058572574,
      0.03300395161762598,
      0.008449617605270333,
      0.024637206277695032,
      0.032549591709209444,
      0.03512825639307392,
      0.020054059854289,
      0.027288305660488264,
      0.011013351655976288,
      0.04434973579904724,
      0.025995196669120365,
      0.6358671278477325,
      0.019277766952674052,
      0.019723720719553618,
      0.009027423644549887,
      0.004310560910089642,
      0.002786245410216926
    ],
    [
      0.04509314562442972,
      0.0022768136535749627,
      0.018800280461386838,
      0.07380126963663572,
      0.037529379173712386,
      0.05953250646676987,
      0.07765580659171356,
      0.059019688701461945,
      0.036534498852634684,
      0.08558003627863005,
      0.02795062291947524,
      0.08249233851438323,
      0.06011478256428339,
      0.06753593738576598,
      0.18014020231414213,
      0.031722323323310785,
      0.01063914664572008,
      0.027116200081818816,
      0.01646502081015069
    ],
    [
      0.022021153105525416,
      0.060482320434727725,
      0.03288410250406135,
      0.02937553281374526,
      0.05587334788286434,
      0.010932200357202274,
      0.03605613956869791,
      0.021394351307233717,
      0.09191317116251853,
      0.05211862368215414,
      0.015978470383676818,
      0.04729574042595972,
      0.0899694475004276,
      0.008873937235798225,
      0.012676050923922568,
      0.22779006407155028,
      0.034672480840549996,
      0.08265617121073376,
      0.06703669458865033
    ],
    [
      0.013675828998074511,
      0.08237005464442033,
      0.01632634139953789,
      0.009517028040421843,
      0.008585483475263129,
      0.015963698974685473,
      0.04582193921051591,
      0.04028198353340995,
      0.054233756134363285,
      0.03114977224985193,
      0.02359625862444126,
      0.019578887836796833,
      0.017530734209766814,
      0.021479609501852112,
      0.022889547830286204,
      0.09865774096860522,
      0.3546902611061684,
      0.007856240001834349,
      0.1157948332597046
    ],
    [
      0.014292244344715615,
      0.013954249880170043,
      0.009236306641783884,
      0.01858636282756769,
      0.13774420482285762,
      0.038537481096510846,
      0.04403565079671572,
      0.0160945182155668,
      0.13514764345189303,
      0.038106929544479674,
      0.013726223668717086,
      0.02665495222035649,
      0.03060124432189722,
      0.007658674063129475,
      0.021848353259417145,
      0.05202031339522646,
      0.10758148195425078,
      0.19656667651294177,
      0.07760648898180256
    ],
    [
      0.004945017148992383,
      0.13682946830266587,
      0.006655142222386494,
      0.0055082359176507395,
      0.08285096533279962,
      0.017079776235724015,
      0.036340850432903776,
      0.0072035777378052345,
      0.026437321068061542,
      0.0180043833912902,
      0.007411030374245926,
      0.022044747585555243,
      0.0008875731858377317,
      0.0006902855608923802,
      0.020305131618518935,
      0.06561247722019321,
      0.11104908461907673,
      0.08984118844242706,
      0.3403037436029729
    ]
  ]
}