{
  "poids_LS": 0.3875,
  "poids_EM": 0.6125,
  "mae_validation": 7.422717843814515,
  "matrice_de_transition": [
    [
      0.21787485945011226,
      0.0035949667989105183,
      0.013028388761896055,
      0.07239364835577888,
      0.00840595792619743,
      0.05117506828611183,
      0.08371467345997118,
      0.051243750647615965,
      0.05883519515898538,
      0.05131365925059464,
      0.020622205544886366,
      0.171263539659185,
      0.030379593502585983,
      0.04938493079608095,
      0.009249917642687058,
      0.044459758572751557,
      0.042574718637149025,
      0.007779085854425252,
      0.012706081694074792
    ],
    [
      0.008774151853271909,
      0.5005611863412044,
      0.0030104231292298034,
      0.015954746400820886,
      0.05261014700041685,
      0.010457302428430723,
      0.036648393526153594,
      0.022626559645273013,
      0.05881492630856722,
      0.013171171876248527,
      0.0034900834597628534,
      0.01923301648837382,
      0.0133707841097757,
      0.00022153036699387743,
      0.028857442395083883,
      0.06506345517045099,
      0.08155571487901317,
      0.013236701115534934,
      0.052342263505393984
    ],
    [
      0.02833282316457556,
      0.024172698010476307,
      0.30729066146803685,
      0.02094219785080706,
      0.02291303638167161,
      0.01844038359528328,
      0.05660090043409939,
      0.169698443545674,
      0.01051581957358739,
      0.03476828780303862,
      0.008438758886903343,
      0.10644359208850888,
      0.027401960474916862,
      0.041063182753830064,
      0.025080099933401764,
      0.027237542217029134,
      0.06342920353254568,
      0.0010648264701454222,
      0.006165581815468711
    ],
    [
      0.027695783319119125,
      0.021197632469665783,
      0.03129056324087664,
      0.16758329759007679,
      0.015181596361073468,
      0.03899097979118006,
      0.07178633739200402,
      0.040104761202182676,
      0.06891256038095595,
      0.07492371408278073,
      0.04009792957812197,
      0.08543657455973018,
      0.06214893013831746,
      0.046565253386567335,
      0.07658171473707046,
      0.058235899702248045,
      0.028816458916129408,
      0.026837760714091184,
      0.017612252437808906
    ],
    [
      0.008747311009261892,
      0.06811447522632484,
      0.01282382810187522,
      0.0335230295850774,
      0.35510550487215636,
      0.020437056599904534,
      0.061650517882455305,
      0.031177555157642454,
      0.10441339052316377,
      0.023465128113987464,
      0.0031865612569316856,
      0.021638170706417197,
      0.018961206616012846,
      0.004042587829717379,
      0.0005564606931431334,
      0.013335179519623095,
      0.03897642787078122,
      0.07891128396172722,
      0.10093432447379713
    ],
    [
      0.02287274947576171,
      0.009395869370730964,
      0.04163837171410755,
      0.017774298841099583,
      0.01612870518147637,
      0.30000150137799647,
      0.03121841004378415,
      0.016583284112990097,
      0.04007347686574653,
      0.05677694229168328,
      0.019836129844553633,
      0.0861312068693418,
      0.042145367090352485,
      0.055380944624303236,
      0.05448613935720258,
      0.0589431715163149,
      0.0578286193455991,
      0.0574564817530184,
      0.015328330323937194
    ],
    [
      0.020738208919763846,
      0.009804797488906735,
      0.05237540055882662,
      0.009212960299966714,
      0.024714901465290415,
      0.0442400228738254,
      0.2229220118191582,
      0.04637554476530106,
      0.05964886737262995,
      0.034426062056110214,
      0.06105594736364734,
      0.059862573282578393,
      0.08373921893951057,
      0.013832455967414189,
      0.06977582761207243,
      0.09336449140261789,
      0.04271730550585185,
      0.03262607954862581,
      0.018567322757902405
    ],
    [
      0.014109224959546744,
      0.02828188434546056,
      0.052582581175269295,
      0.028295134622203615,
      0.028120460662852422,
      0.025470919057346164,
      0.022259647367649415,
      0.3831998951804048,
      0.007065519645322119,
      0.04477117688674374,
      0.0757445507544845,
      0.06977073517749294,
      0.01133973288618173,
      0.0426731072576811,
      0.009342622234638283,
      0.04759020326809365,
      0.03319514397107876,
      0.036644854818790304,
      0.039542605728759846
    ],
    [
      0.006283376895044788,
      0.013068383415305607,
      0.021007883912781123,
      0.027537162983100907,
      0.04803836640511219,
      0.008652076272637891,
      0.06595713425907263,
      0.03679330665381679,
      0.355269086177479,
      0.05405128596743153,
      0.0019065337769889822,
      0.03394554989770541,
      0.0768271956712858,
      0.018236501636703473,
      0.026646950118636346,
      0.051955280871736086,
      0.05741057263682614,
      0.037731918020311256,
      0.058681434428024135
    ],
    [
      0.014126437611995894,
      0.008809962895333449,
      0.010389447880543896,
      0.014215285218688395,
      0.012366844610474789,
      0.056252732265015155,
      0.06328047000095012,
      0.07041017051380287,
      0.03256103843349162,
      0.35872507275466115,
      0.04253544961549238,
      0.05986929146592368,
      0.051421905931175696,
      0.005707806775024797,
      0.07052146221453998,
      0.04879141637890044,
      0.05815659633445483,
      0.01805219963281248,
      0.0038064094667183924
    ],
    [
      0.0206244131623724,
      0.0077598945210922456,
      0.013479423711136595,
      0.041029610998436356,
      0.01580009495206359,
      0.014247249898070868,
      0.038553481614436544,
      0.10683425483336786,
      0.010983364242399422,
      0.014828736759398893,
      0.4939347674265966,
      0.1137214130765821,
      0.0070974270474548785,
      0.038156828822181056,
      0.01183670582270628,
      0.03074037054399464,
      0.013350283882993514,
      0.0015271493824131862,
      0.005494529302303125
    ],
    [
      0.05356306717742069,
      0.00017380143427226508,
      0.035682274879704164,
      0.026291351557882696,
      0.005858101333047601,
      0.005039946405385471,
      0.05742225918777709,
      0.04910395419340154,
      0.030255943068918673,
      0.06813747975997957,
      0.0550932573445892,
      0.4325662832105459,
      0.062019479019605486,
      0.0375884886670971,
      0.023987403182321593,
      0.023102064850254594,
      0.02496243769925159,
      0.005829683741274259,
      0.003322723287270648
    ],
    [
      0.04925814642442551,
      0.024586167572725953,
      0.04432598287236836,
      0.0004039443933196005,
      0.03604190766468304,
      0.019296656279026044,
      0.07919016844361988,
      0.04285762775503246,
      0.10535832697749956,
      0.03835649570853985,
      0.04885711087882308,
      0.044093216897238524,
      0.30858047026557844,
      0.06286760788360757,
      0.03306217891350064,
      0.03221361561848267,
      0.008661538350678687,
      0.018929993729855342,
      0.003058843370995046
    ],
    [
      0.021436426188377117,
      0.004579624762409354,
      0.013031143953254387,
      0.02771939962872041,
      0.008301370865537006,
      0.02235532253664557,
      0.038925900153940714,
      0.03514984286081294,
      0.02088911683351887,
      0.026416286612357946,
      0.009240654642856819,
      0.04501323547774315,
      0.021811038301145516,
      0.6460760207691587,
      0.0192703032089307,
      0.022459074377237487,
      0.01137072667504126,
      0.003616737749903981,
      0.002337774402408038
    ],
    [
      0.0378350023218674,
      0.0019103402230337874,
      0.015774207921369094,
      0.06192229815402655,
      0.031488691429998404,
      0.049950219466981576,
      0.09106768339495709,
      0.061829911251321146,
      0.041446452475643686,
      0.08945889202971422,
      0.023451721285176145,
      0.09167128232178623,
      0.05494637168975449,
      0.05666542691613927,
      0.2065867339413282,
      0.03622032007279451,
      0.011208009766668137,
      0.022751606233032913,
      0.013814829104407258
    ],
    [
      0.018476652434430575,
      0.05074715241954895,
      0.027591113402380244,
      0.024647279244409556,
      0.048377495715675116,
      0.00917256536820054,
      0.03978921158278313,
      0.025233621428315665,
      0.08844119146640564,
      0.05436306238759691,
      0.013406593301372675,
      0.05612849487584633,
      0.09267076992429099,
      0.007445598023186868,
      0.010822693552305206,
      0.2748499801172886,
      0.03048147015834108,
      0.0693519244747595,
      0.058003130122862435
    ],
    [
      0.0114745825497543,
      0.074951949548732,
      0.01369847137974926,
      0.008643182230005752,
      0.007203573463833791,
      0.01339419948218473,
      0.048824737680262374,
      0.046239112911323176,
      0.04831099739297939,
      0.02613593904525248,
      0.01979823069516476,
      0.024572067868113803,
      0.019614092827033344,
      0.019808810740122695,
      0.01920527129595932,
      0.09188599778708968,
      0.390860827661711,
      0.006591708220717177,
      0.1087862472200111
    ],
    [
      0.01199178035772372,
      0.01170818911178651,
      0.007749640846702233,
      0.015594722235459192,
      0.11557304856712369,
      0.03233453037207246,
      0.05420194062451906,
      0.014622606301212973,
      0.12387677380461233,
      0.0424482185472376,
      0.011516865749437282,
      0.03229457864118011,
      0.025675701571454865,
      0.006425942278995621,
      0.018521902210540335,
      0.04970384388920337,
      0.09558746272883964,
      0.25434712384214886,
      0.07582512831975007
    ],
    [
      0.0041490726078874446,
      0.11591893629055117,
      0.005583937823577709,
      0.0046216363007686,
      0.06951536474841065,
      0.014330634170384875,
      0.04438112877374187,
      0.009118335042995088,
      0.02900494529707706,
      0.020135093187235983,
      0.006218159046884425,
      0.027349243480399917,
      0.0007447103785282338,
      0.0005791779534884698,
      0.020704973272180505,
      0.057995397094604315,
      0.10525501489078584,
      0.07720767333299194,
      0.3871865663075059
    ]
  ]
}