{
  "poids_LS": 0.705,
  "poids_EM": 0.29500000000000004,
  "mae_validation": 6.56767802918048,
  "matrice_de_transition": [
    [
      0.28485636283371274,
      0.0017314533970262905,
      0.0062748974445050384,
      0.04437622062604615,
      0.004048583817515497,
      0.024647583909229377,
      0.11912352451443402,
      0.06913191696230495,
      0.07426987718937672,
      0.06024531122063806,
      0.009932327568557517,
      0.14816944412875938,
      0.014631804217572025,
      0.02378539524056144,
      0.004455062374845196,
      0.041072008383569905,
      0.05938190057655796,
      0.0037466617584578765,
      0.0061196638363299
    ],
    [
      0.004225918035453409,
      0.5959143307309439,
      0.0014499180785678238,
      0.007684326837946386,
      0.02533876467775179,
      0.005036578312468675,
      0.04937728068241811,
      0.012694267878451043,
      0.057026864919266784,
      0.014426595762227955,
      0.0016809381561306805,
      0.03255317467875799,
      0.00886847192295114,
      0.0001066962583888879,
      0.029425630536809598,
      0.05171505858967901,
      0.06156080237739821,
      0.009564048536635616,
      0.031350333027753086
    ],
    [
      0.013646012789469046,
      0.011642360674433487,
      0.4147484694638779,
      0.0159809121436851,
      0.029446709399382633,
      0.011858509014903325,
      0.0699043613211254,
      0.17348289443063997,
      0.017218191671956956,
      0.019961378593158045,
      0.004064381831243243,
      0.08572914247983462,
      0.01319767892261302,
      0.019777369652865095,
      0.012079395069964931,
      0.02376946914640932,
      0.06001036266912168,
      0.0005128551978659584,
      0.0029695455274502363
    ],
    [
      0.013339193598596151,
      0.010209471964981889,
      0.015070556989483445,
      0.23230696217455638,
      0.007311952533088446,
      0.018779329042282644,
      0.10637973138437776,
      0.06997262575691411,
      0.09242734501325946,
      0.0877622838742424,
      0.019312472204973032,
      0.1081642939004756,
      0.04858853934640105,
      0.022427346529040593,
      0.04392513965518572,
      0.059449759718296184,
      0.02316441855088929,
      0.012925941894950041,
      0.008482635868005923
    ],
    [
      0.004212990608542463,
      0.03280615541512788,
      0.006176374351107249,
      0.016145785677710748,
      0.45621764946500015,
      0.009843153790974429,
      0.08552819860582517,
      0.03768842760938311,
      0.09204882655449585,
      0.037341633700935156,
      0.0015347519523181182,
      0.03529208661473792,
      0.00913233624771231,
      0.001947042301659799,
      0.0002680096399628153,
      0.006422657891083776,
      0.03223435860242846,
      0.061411925248678195,
      0.07374763572231652
    ],
    [
      0.011016263012815844,
      0.004525357492841852,
      0.020054399437815066,
      0.00856068270714184,
      0.0077681110669967825,
      0.44411560843306946,
      0.0545988080443192,
      0.010066282962856825,
      0.039282438626619336,
      0.06342765670054709,
      0.009553727843499301,
      0.08729486948979752,
      0.020298584965965687,
      0.026673271288439927,
      0.03903929584544982,
      0.04657490864667313,
      0.05684713838506451,
      0.03441312848608638,
      0.01588946656400039
    ],
    [
      0.009988198581763811,
      0.0047223106273101825,
      0.025225703126292003,
      0.004437262511820704,
      0.018722519493005324,
      0.021307439588209784,
      0.4002770748982457,
      0.0366845756350668,
      0.04558007590629598,
      0.06005340170885426,
      0.03264154568985306,
      0.07880753075516937,
      0.07508485150087257,
      0.006662162465938263,
      0.041270215325706516,
      0.08120514316545159,
      0.03267357484802033,
      0.015713785251991207,
      0.008942628920132588
    ],
    [
      0.006795463449904147,
      0.013621478990874882,
      0.02532548807625215,
      0.014512067438472765,
      0.013543732074353412,
      0.012267626321497336,
      0.014689708763361797,
      0.5929675187532705,
      0.003937788776808984,
      0.034880120450430596,
      0.03648104893481294,
      0.05294533457701957,
      0.014549546765426878,
      0.023302212911798313,
      0.015355196739143737,
      0.036481984216533994,
      0.04181145646613396,
      0.01764935864741737,
      0.028882867646486614
    ],
    [
      0.0030262794841440202,
      0.006294160175534946,
      0.01011808286411499,
      0.013262796865330233,
      0.023136845860421383,
      0.004167122449678658,
      0.09657264318202875,
      0.03951669330499456,
      0.4529807808250917,
      0.07197679467321587,
      0.0009182489211620405,
      0.05783050372109797,
      0.06034098199749811,
      0.008783294665840857,
      0.012834041281628935,
      0.04576875528358865,
      0.04094194228979926,
      0.018172923781211138,
      0.03335710837361798
    ],
    [
      0.010520917901382744,
      0.004243165802650396,
      0.005003897346547673,
      0.015518577628642102,
      0.005956276179738878,
      0.027093152682741997,
      0.07652762326149387,
      0.054978501138692126,
      0.021755166055795083,
      0.49264912092900104,
      0.020486461447461638,
      0.06181948945460069,
      0.027366565582228025,
      0.006187230696841021,
      0.03396543894414578,
      0.0408614124238538,
      0.08453918263134783,
      0.008694528802742338,
      0.0018332910900929402
    ],
    [
      0.021709066637601457,
      0.0037374185856689185,
      0.006492130603731095,
      0.028504651258569727,
      0.025951393178958,
      0.006861940767234133,
      0.03881280485323635,
      0.11961064769582377,
      0.0052899468596046195,
      0.0071420038269757935,
      0.5390803429432885,
      0.09953768682405248,
      0.0034183526187741868,
      0.01837757469803006,
      0.005700944028895269,
      0.04738931641299506,
      0.01900190847269727,
      0.0007355250086724733,
      0.0026463447251908927
    ],
    [
      0.02579772215075772,
      8.370844589439705e-05,
      0.017185748717571805,
      0.012662773403388401,
      0.0028214528869372124,
      0.0024274027585121857,
      0.06386525617035285,
      0.07081723938532633,
      0.053636845208345885,
      0.07279840916086446,
      0.02653471170065929,
      0.4986660597117418,
      0.049689197909776946,
      0.018103843521295748,
      0.01155311663475081,
      0.025650474273460525,
      0.040145701320257264,
      0.005960004607869967,
      0.0016003320322364755
    ],
    [
      0.02372433174727433,
      0.011841501116659848,
      0.02134884073036517,
      0.00019455280984372598,
      0.017358959609928976,
      0.00929389975887785,
      0.08427393181428616,
      0.05489047752451283,
      0.09236702279264206,
      0.052452218939074605,
      0.023531179933473974,
      0.05796967055542174,
      0.46379379003137433,
      0.030279092776594664,
      0.015923824946094185,
      0.023373821281602956,
      0.005756464962304891,
      0.010153179821596784,
      0.0014732388480710836
    ],
    [
      0.010324482817259183,
      0.0022056968243440974,
      0.006276224434628644,
      0.013439865531039395,
      0.007900789249661842,
      0.016189381364022544,
      0.05615549956842733,
      0.03520817225236308,
      0.023145547394416606,
      0.02405997982272921,
      0.004450601011661652,
      0.04680609631166613,
      0.010504908243000698,
      0.6736617527057784,
      0.01925013522051781,
      0.029850349154383258,
      0.017702630608496674,
      0.001741938997912938,
      0.0011259484876904018
    ],
    [
      0.018222572546858586,
      0.0009200822298693344,
      0.00759737361110838,
      0.029823800743571972,
      0.015165981994856376,
      0.02405765672287276,
      0.1273082866718066,
      0.06942349133285555,
      0.054719178222923305,
      0.09994005544221823,
      0.011295114741431777,
      0.11647396026944967,
      0.04098066570964449,
      0.027291919902467078,
      0.27804863855095874,
      0.04837448150225052,
      0.012745150540293732,
      0.010957916471419934,
      0.006653672793143088
    ],
    [
      0.00889895913168493,
      0.0244414856551297,
      0.013288781148901507,
      0.011870934493225828,
      0.02812274624263189,
      0.004417806993663934,
      0.04987644872722621,
      0.03560781941506902,
      0.07905945909605801,
      0.06042782229379333,
      0.006457053100252962,
      0.07999572498511437,
      0.09997008796324094,
      0.0035860431295349,
      0.005814685335381696,
      0.40201188092173046,
      0.019156824272372284,
      0.03340215137968009,
      0.03359328571530791
    ],
    [
      0.005526533636208194,
      0.05490728258804223,
      0.006597631113511889,
      0.00628193929547716,
      0.0034694761989077037,
      0.006451083832235912,
      0.05693868248149216,
      0.06233603697504615,
      0.032306947176899505,
      0.012587921662611398,
      0.009535474375630374,
      0.0380642777399703,
      0.02524359377156205,
      0.015294099192470875,
      0.009249885767033467,
      0.07358788323278175,
      0.48859831601392173,
      0.003174781918549498,
      0.0898481530276478
    ],
    [
      0.005775632988617955,
      0.005639046184452279,
      0.003732480081268831,
      0.0075109274440170815,
      0.05566375400375754,
      0.015573365648590002,
      0.08167255356347704,
      0.010645312404980288,
      0.09342144518323678,
      0.05417893563979624,
      0.005546898605851426,
      0.047533569182554566,
      0.012366256267068058,
      0.0030949436282509527,
      0.009533406823149803,
      0.04344444756441754,
      0.06317809163038823,
      0.4104772687529851,
      0.07101166440314013
    ],
    [
      0.001998328847880484,
      0.059416009364198684,
      0.002689406788498652,
      0.002225930953023244,
      0.03348086955229575,
      0.0069021013555323075,
      0.06610698726919798,
      0.014292253718720862,
      0.03594299374569346,
      0.025892543061387344,
      0.0029948684389076007,
      0.04168266855795892,
      0.00035867683537278206,
      0.00027895101433322216,
      0.021785396463989422,
      0.037413074202055606,
      0.0895986988164679,
      0.04307030271813539,
      0.5138699382963504
    ]
  ]
}