{
  "poids_LS": 0.99,
  "poids_EM": 0.010000000000000009,
  "mae_validation": 5.828972893394783,
  "matrice_de_transition": [
    [
      0.3449814918552124,
      5.8693335492416666e-05,
      0.0002127083879493235,
      0.019226718569435673,
      0.00013724012940730508,
      0.0008355113189569286,
      0.15090784750820382,
      0.08518901113454544,
      0.088124631137917,
      0.06826269960319672,
      0.000336689070120594,
      0.12743931113294424,
      0.0004959933633075267,
      0.0008062845844258121,
      0.00015101906355407456,
      0.038031035772808426,
      0.07446866231744474,
      0.00012700548333755522,
      0.00020744623173999676
    ],
    [
      0.00014325145882892922,
      0.6815069170335447,
      4.9149765375180504e-05,
      0.0002604856555236065,
      0.0008589411755170104,
      0.00017073146821927726,
      0.06080321088567918,
      0.003778667394847071,
      0.05542183343595773,
      0.015553511691374842,
      5.698095444510786e-05,
      0.04450985210949655,
      0.004827026337927518,
      3.6168223182673894e-06,
      0.029935657687650014,
      0.03973303331245062,
      0.04361261320272022,
      0.006267336772899222,
      0.012507182835225042
    ],
    [
      0.0004625767047277646,
      0.0003946562940485931,
      0.5112066593184124,
      0.01152747457981184,
      0.03531158124205237,
      0.005950369627790608,
      0.0818460506212905,
      0.17687996057934957,
      0.023234494185454046,
      0.006670137255155009,
      0.00013777565529638123,
      0.06713506960275693,
      0.00044737894652925527,
      0.0006704193102666138,
      0.00040947101932084544,
      0.020656395681443507,
      0.05694148189407967,
      1.738492196155793e-05,
      0.00010066256025255045
    ],
    [
      0.0004521760541897004,
      0.00034608379542311514,
      0.0005108663386265578,
      0.29040536975432546,
      0.00024786279773181193,
      0.000636587425162124,
      0.13743206929879198,
      0.09678314984541318,
      0.11353510444698073,
      0.09928666935634188,
      0.000654660074744849,
      0.12856555378114473,
      0.036416220052869784,
      0.0007602490348827326,
      0.01461136359743091,
      0.06053936634687483,
      0.018090933498626508,
      0.0004381675218627136,
      0.0002875469785764722
    ],
    [
      0.0001428132409675412,
      0.00111207306491959,
      0.00020936862207143235,
      0.0005473147687359579,
      0.5469797320129073,
      0.00033366623020252326,
      0.10696170728664536,
      0.04353283280228418,
      0.08094992661411679,
      0.0497977095821323,
      5.202548990908879e-05,
      0.04754835758756125,
      0.0003095707202614345,
      6.600143395456951e-05,
      9.085072541112391e-06,
      0.00021771721664690785,
      0.02618242240878897,
      0.045703839474760165,
      0.04934383637059378
    ],
    [
      0.0003734326445022323,
      0.00015340194890989343,
      0.0006798101504344096,
      0.0002901926341404016,
      0.0002633257988812471,
      0.5734778777580957,
      0.0755859369581853,
      0.0042163764186427055,
      0.03857237280567052,
      0.06939758931952723,
      0.00032385518113556977,
      0.08833941703886801,
      0.0006880876259649392,
      0.000904178687743727,
      0.025173625291593005,
      0.03547268843297894,
      0.05596612397954527,
      0.013728543663800944,
      0.016393163661379953
    ],
    [
      0.00033858300277165486,
      0.00016007832634949785,
      0.000855108580552272,
      0.0001504156783668036,
      0.01334353095095414,
      0.0007222860877359254,
      0.5594776827015211,
      0.027985595470919507,
      0.03295139695226392,
      0.08305747037352215,
      0.007135704817313308,
      0.09581324061245575,
      0.06731636419374869,
      0.00022583601579451756,
      0.01568250035999222,
      0.0702904526218535,
      0.0236579426039826,
      0.0005326706865081769,
      0.0003031399633943252
    ],
    [
      0.00023035469321708988,
      0.00046174505053813195,
      0.0008584911212288871,
      0.0021398653995332653,
      0.0004591095618424889,
      0.00041585173971177443,
      0.007894645764237476,
      0.7812628658974176,
      0.0011302193357814454,
      0.026001534357992018,
      0.0012366457266038294,
      0.03784221907738204,
      0.017430797019237484,
      0.005914166018643689,
      0.020752310861298244,
      0.026510826957653676,
      0.04954578421760084,
      0.0005982833439802503,
      0.01931428385609962
    ],
    [
      0.0001025857452252211,
      0.0002133613618825407,
      0.00034298585980050843,
      0.00044958633441797435,
      0.0007842998596753018,
      0.00014125838812470038,
      0.12405428111287127,
      0.04196130809424075,
      0.5406904909812165,
      0.08806740878706953,
      3.112708207328953e-05,
      0.07927054101138736,
      0.045542333502917025,
      0.0002977388022318937,
      0.0004350522468348795,
      0.04021549609422795,
      0.026159077253885374,
      0.0006160313146173272,
      0.010625036167300636
    ],
    [
      0.007284467137525273,
      0.00014383612890340338,
      0.00016962363886602295,
      0.01668846215411236,
      0.00020190766710979265,
      0.0009184119553471869,
      0.08841876870796621,
      0.04112645146339587,
      0.012055406598650164,
      0.6128644082665975,
      0.0006944563202529374,
      0.0635700608775076,
      0.005773582906794681,
      0.006617579729022514,
      0.0011513708116659596,
      0.033743141157119017,
      0.10822118922855886,
      0.0002947297899234693,
      6.214546068111666e-05
    ],
    [
      0.02268269259174407,
      0.00012669215544640412,
      0.0002200722238552915,
      0.01726177401176032,
      0.035063582138532515,
      0.00023260816160115724,
      0.03904558319357634,
      0.1310792208164535,
      0.0001793202325289703,
      0.00024210182464324742,
      0.5796047178165397,
      0.08680583806193927,
      0.0001158763599584471,
      0.000622968633831528,
      0.00019325233996255167,
      0.06233403947650726,
      0.02407502030912427,
      2.4933051141439794e-05,
      8.970660085392863e-05
    ],
    [
      0.0008744990559578895,
      2.8375744370982076e-06,
      0.0005825677531380277,
      0.0004292465560470648,
      9.564247074363438e-05,
      8.228483927159959e-05,
      0.06964873377675944,
      0.09030790483319584,
      0.07462442665633567,
      0.07698223555220994,
      0.0008994817525647224,
      0.5579997173584847,
      0.038621071559222196,
      0.0006136896108913817,
      0.0003916310723644345,
      0.027938022889566632,
      0.05377477260210488,
      0.0060769855432393416,
      5.4248543465643276e-05
    ],
    [
      0.0008042146355008254,
      0.0004014068175138934,
      0.0007236895162835656,
      6.595010503177157e-06,
      0.0005884393088111522,
      0.0003150474494534867,
      0.08883730995803385,
      0.06569161826247158,
      0.08070553714639203,
      0.06510507286254674,
      0.0007976671163889489,
      0.07042569982339722,
      0.6031191321833487,
      0.0010264099246303285,
      0.0005397906761387864,
      0.015438887782356603,
      0.0031487612908512484,
      0.0022747799354434287,
      4.994029993461304e-05
    ],
    [
      0.00034998246838166753,
      7.476938387607116e-05,
      0.00021275337066537794,
      0.0006220160260343878,
      0.007541212051159727,
      0.010654599524030223,
      0.07162143920032871,
      0.03526053091879391,
      0.02517100474829331,
      0.021944869791093967,
      0.0001508678309037849,
      0.04841543595786472,
      0.00035609858450849846,
      0.6984237483024293,
      0.019232031671863718,
      0.03648503674961647,
      0.023386386895220435,
      5.904877959026913e-05,
      3.816774534543738e-05
    ],
    [
      0.0006177143236223254,
      3.11892281311639e-05,
      0.0002575380885121487,
      0.001010976296392271,
      0.0005141010845714029,
      0.0008155137872160263,
      0.15983922189669517,
      0.07623977581549275,
      0.06663327850000896,
      0.10934834385974153,
      0.00038288524547226395,
      0.1387377814193208,
      0.028444520184191417,
      0.0009251498272022746,
      0.342195545050942,
      0.059284516171211034,
      0.014124946195359228,
      0.000371454795641354,
      0.00022554823027603704
    ],
    [
      0.00030165963158254025,
      0.0008285249374620243,
      0.0004504671575898819,
      0.0004024045590924012,
      0.009941317581789936,
      0.00014975616927674363,
      0.05893113403798612,
      0.04492009162365078,
      0.07063806153527354,
      0.06587178000486729,
      0.00021888315594077853,
      0.10141985279973294,
      0.10652223171473936,
      0.0001215607840520306,
      0.0013193078808204342,
      0.516157209202883,
      0.008991394107014468,
      0.001132276317955258,
      0.011682086798290461
    ],
    [
      0.00018734012326129484,
      0.03691443193041519,
      0.00022364851232243706,
      0.004162398393616851,
      0.0001176093626748375,
      0.00021868080787240394,
      0.06422206600385591,
      0.07678524440232504,
      0.017941106825457714,
      0.0004267092089020816,
      0.0003232364195128943,
      0.05017539526273913,
      0.03029684658791065,
      0.01124152347253144,
      0.0003135554497299483,
      0.05716280402655257,
      0.5763311795741738,
      0.00010761972605252543,
      0.07284860391009333
    ],
    [
      0.00019578416910569354,
      0.00019115410794753502,
      0.00012652474851758758,
      0.0002546077099666809,
      0.0018869069153816128,
      0.0005279106999522039,
      0.10633121399687238,
      0.007075143080802918,
      0.06608359114515165,
      0.06470887066776228,
      0.0001880304612153027,
      0.06121266305433952,
      0.0004191951276972226,
      0.00010491334333054085,
      0.001464993640767749,
      0.037825776847680646,
      0.03408621521130588,
      0.5506255878068067,
      0.06669091726539578
    ],
    [
      6.77399609451012e-05,
      0.008696846611409828,
      9.116633181351369e-05,
      7.545528654316088e-05,
      0.0011349447305862973,
      0.00023396953747567163,
      0.08560893898952866,
      0.018936558671734553,
      0.04217084825862472,
      0.0310606476728303,
      0.0001015209640307662,
      0.054548892643326845,
      1.2158536792297706e-05,
      9.45596658756686e-06,
      0.0227552251558494,
      0.018937603259137865,
      0.07554499777337935,
      0.012427308622909803,
      0.6275857210264942
    ]
  ]
}