{
  "poids_LS": 0.885,
  "poids_EM": 0.11499999999999999,
  "mae_validation": 6.097086770887548,
  "matrice_de_transition": [
    [
      0.322830128531502,
      0.000674973358162791,
      0.002446146461417218,
      0.028492324590292162,
      0.001578261488184007,
      0.009608380168004669,
      0.13919783377365708,
      0.0792732395974042,
      0.08302024810424427,
      0.06530892493593828,
      0.0038719243063868275,
      0.13507672855245506,
      0.005703923678036551,
      0.00927227272089683,
      0.0017367192308718556,
      0.03915139410308897,
      0.06891038167606539,
      0.0014605630583818838,
      0.0023856316650099608
    ],
    [
      0.0016473917765326845,
      0.6499728062904814,
      0.0005652223018145753,
      0.002995585038521472,
      0.00987782351844561,
      0.0019634118845216868,
      0.05659365765289878,
      0.00706336230985906,
      0.056013160824545286,
      0.015138332138531252,
      0.0006552809761187397,
      0.04010476042448761,
      0.006315979974515169,
      4.159345666007494e-05,
      0.029747752947866704,
      0.04414746367774529,
      0.050225103951285786,
      0.007481914791117894,
      0.01944939606405116
    ],
    [
      0.005319632104369288,
      0.004538547381558816,
      0.4756694314772681,
      0.01316821473492304,
      0.033150838984226674,
      0.008127052559884766,
      0.07744648087912441,
      0.17562840989298287,
      0.021017961680481433,
      0.011566910379682441,
      0.0015844200359083824,
      0.07398551750483819,
      0.0051448578850864304,
      0.007709822068066052,
      0.004708916722189718,
      0.021803317484325645,
      0.05807212217962147,
      0.00019992660255791598,
      0.0011576194429043292
    ],
    [
      0.005200024623181549,
      0.00397996364736582,
      0.0058749628942054094,
      0.2690006932775684,
      0.0028504221739158344,
      0.007320755389364418,
      0.125991734277692,
      0.08690558833912405,
      0.105758561497715,
      0.0950408431260947,
      0.007528590859565757,
      0.12104930014089822,
      0.040900758739960255,
      0.008742863901151416,
      0.02541117582923531,
      0.060137932325819536,
      0.019960112202091745,
      0.005038926501421201,
      0.003306790253629427
    ],
    [
      0.0016423522711267223,
      0.012788840246575273,
      0.0024077391538214698,
      0.00629411984046351,
      0.513541070021573,
      0.003837161647329014,
      0.0990651514568695,
      0.0413796308891101,
      0.0850389950132038,
      0.04520862899432283,
      0.0005982931339545205,
      0.04303288933441581,
      0.003560063283006493,
      0.0007590164904775486,
      0.0001044783342227924,
      0.0025037479914394377,
      0.028412083111708775,
      0.051491028970414174,
      0.05833470981596532
    ],
    [
      0.004294475411775667,
      0.0017641224124637727,
      0.007817816729995703,
      0.003337215292614615,
      0.003028246687134338,
      0.5258180943225598,
      0.0678538368320241,
      0.006371605145458432,
      0.03883397600286219,
      0.06719814045990297,
      0.003724334583059049,
      0.08795458373131572,
      0.007913007698596793,
      0.01039805490905285,
      0.03028203023248762,
      0.039562980090655744,
      0.05629070823421026,
      0.021349180177274524,
      0.016207591046555902
    ],
    [
      0.0038937045318740275,
      0.0018409007530192233,
      0.009833748676351119,
      0.00172978030121824,
      0.015325263571709838,
      0.008306290008963135,
      0.5008248271950513,
      0.031190482899815873,
      0.03760406814585468,
      0.07458228718127609,
      0.01653259355982795,
      0.08954797908608708,
      0.07017843846479434,
      0.002597114181636949,
      0.02510955324209748,
      0.07431165440107385,
      0.026979491325470187,
      0.006125712894844028,
      0.0034861095790347366
    ],
    [
      0.002649078971996531,
      0.005310068081188512,
      0.009872647894132192,
      0.006698045098089923,
      0.005279759961188617,
      0.004782295006685401,
      0.01039809002707275,
      0.7118908958969423,
      0.0021645870245810645,
      0.029272592392048335,
      0.014221425855944025,
      0.04340652478777481,
      0.016369283767833576,
      0.01232028855822697,
      0.01876390039524132,
      0.03018441121092537,
      0.04669629504600779,
      0.006880258455772872,
      0.02283955156834746
    ],
    [
      0.0011797360700900416,
      0.0024536556616492153,
      0.003944337387705843,
      0.0051702428458067,
      0.009019448386265961,
      0.0016244714634340528,
      0.11392946713835034,
      0.04106066054030795,
      0.5083763872394863,
      0.08213928779775503,
      0.00035796144384282925,
      0.07137157990443864,
      0.05099446715881532,
      0.003423996225666774,
      0.005003100838601109,
      0.0422614336903082,
      0.03160539595132733,
      0.007084360118099255,
      0.019000010138049125
    ],
    [
      0.008476843734735921,
      0.0016541154823891372,
      0.001950671846959262,
      0.016257452065781212,
      0.002321938171762613,
      0.01056173748649264,
      0.08403782038558166,
      0.04622983818587344,
      0.01562900218812461,
      0.5685745655632725,
      0.007986247682908773,
      0.06292511351117348,
      0.01372889231353328,
      0.006459030085587227,
      0.013240764334158524,
      0.03636566215012657,
      0.09949623942958638,
      0.0033893925841198937,
      0.000714672797832841
    ],
    [
      0.022323988292849425,
      0.0014569597876336459,
      0.00253083057433585,
      0.02140388668163747,
      0.03170645989026822,
      0.0026749938584133054,
      0.03895982275239845,
      0.12685395703516888,
      0.0020621826740831566,
      0.0027841709833973426,
      0.5646746849684998,
      0.09149651918482307,
      0.0013325781395221402,
      0.007164139289062565,
      0.002222401909569342,
      0.05682808887416066,
      0.022205979106230112,
      0.00028673008812655734,
      0.0010316259098201784
    ],
    [
      0.010056739143515719,
      3.263210602662935e-05,
      0.006699529161087312,
      0.00493633539454124,
      0.0010998884135517944,
      0.0009462756516233944,
      0.06751797886913595,
      0.08312713335240181,
      0.06689215980707629,
      0.07544082582908265,
      0.010344040154494296,
      0.5361399487517899,
      0.04269880231995289,
      0.0070574305252508835,
      0.004503757332190992,
      0.02709524182047491,
      0.04875353581405576,
      0.0060338873038927295,
      0.0006238582498548971
    ],
    [
      0.009248468308259483,
      0.00461617840140977,
      0.008322429437260996,
      7.584262078653723e-05,
      0.006767052051328243,
      0.0036230456687150934,
      0.08715606537875838,
      0.061712250622170985,
      0.08500187396343152,
      0.060443495101267536,
      0.009173171838472903,
      0.06583663640887995,
      0.5517887429694633,
      0.011803714133248766,
      0.0062075927755960375,
      0.018362284334710523,
      0.004109494222439432,
      0.0051773483145525585,
      0.0005743134492480495
    ],
    [
      0.004024798386389173,
      0.0008598479145748175,
      0.002446663762651844,
      0.005344381633141495,
      0.007673687861134191,
      0.01269372967560634,
      0.06592346144120714,
      0.035241240883793074,
      0.02442478361791768,
      0.022724120855380635,
      0.001734980055393525,
      0.0478225213513705,
      0.004095133721847728,
      0.6893009078194526,
      0.019238701400315226,
      0.03404067816189897,
      0.021292371421164313,
      0.0006790609652880944,
      0.00043892907147252946
    ],
    [
      0.007103714721656736,
      0.0003586761235083845,
      0.0029616880178897067,
      0.011626227408511106,
      0.005912162472571128,
      0.009378408552984293,
      0.147854140498052,
      0.07372851311136326,
      0.062243873134766876,
      0.1058821323374961,
      0.004403180322931031,
      0.13053532099568407,
      0.03306310011462149,
      0.010639223012826148,
      0.3185624742351587,
      0.05526502971422558,
      0.013616600427703518,
      0.0042717301498755664,
      0.0025938046481744238
    ],
    [
      0.0034690857631992093,
      0.009528036780813272,
      0.005180372312283637,
      0.00462765242956261,
      0.016639738667363284,
      0.00172219594668255,
      0.055595197344548264,
      0.04148925449417329,
      0.07374068168924677,
      0.06386611137447161,
      0.0025171562933189507,
      0.09352675307855768,
      0.1041082840168189,
      0.0013979490165983506,
      0.0029754995746061616,
      0.4741036672045637,
      0.012736552588988401,
      0.013021177656485456,
      0.01975463376771794
    ],
    [
      0.002154411417504889,
      0.04354337690954094,
      0.002571957891708024,
      0.004943281883775913,
      0.00135250767076063,
      0.0025148292905326428,
      0.06153871417982716,
      0.07146185219227492,
      0.02323378484967311,
      0.004907155902373934,
      0.003717218824398281,
      0.04571340459645587,
      0.028435121866098007,
      0.012734577685140705,
      0.003605887671894402,
      0.06321414899726857,
      0.544008545630923,
      0.0012376268496040413,
      0.07911159569024498
    ],
    [
      0.0022515179447154736,
      0.0021982722413966507,
      0.0014550346079522558,
      0.0029279886646168276,
      0.02169942952688853,
      0.006070973049450338,
      0.0972464443635162,
      0.008390468621289317,
      0.07615543210655143,
      0.0608294209206169,
      0.0021623503039759793,
      0.05617299689105033,
      0.004820743968518055,
      0.0012065034483012187,
      0.0044375669184874515,
      0.039895813427531075,
      0.044804274944652014,
      0.49899199657645144,
      0.06828277147403843
    ],
    [
      0.000779009550868663,
      0.027382853941384667,
      0.0010484128158554065,
      0.0008677357952463493,
      0.013051864401742407,
      0.002690649680970221,
      0.0784240094083542,
      0.01722549895220319,
      0.03987637554333425,
      0.02915660913177237,
      0.0011674910863538103,
      0.04980870482240182,
      0.0001398231731114235,
      0.00010874361575701879,
      0.02239791984832204,
      0.025744355711791768,
      0.08072267710504354,
      0.02371683276325607,
      0.5856904326522308
    ]
  ]
}