{
  "poids_LS": 0.095,
  "poids_EM": 0.905,
  "mae_validation": 8.228450609930974,
  "matrice_de_transition": [
    [
      0.1561674901912047,
      0.005311746862063704,
      0.01925010910941376,
      0.0982049794138791,
      0.012420231711361099,
      0.07561377436560197,
      0.051093920913733756,
      0.034764101365579655,
      0.04461584242232563,
      0.043085286963231786,
      0.030470360845913733,
      0.19253920247067952,
      0.044887399379331124,
      0.07296875489053593,
      0.013667225251643735,
      0.04758075677853307,
      0.02709093685044944,
      0.011493996242048738,
      0.018773883972469693
    ],
    [
      0.012964257024018084,
      0.41271616355695606,
      0.004448053766453832,
      0.023573951824886367,
      0.07773417638428938,
      0.015451197873844578,
      0.024921780949122504,
      0.031776781194234986,
      0.06046219546248967,
      0.01201460026475567,
      0.005156776377282257,
      0.006961689651563192,
      0.017518583525984153,
      0.00032732241980319845,
      0.028333993477116095,
      0.07736079690234329,
      0.09997622482144584,
      0.016620168452001233,
      0.07168128607140961
    ],
    [
      0.041863191777862664,
      0.035716394611397646,
      0.2082940981962778,
      0.025512831140045395,
      0.016893825806300035,
      0.024504000334688435,
      0.04434495615235102,
      0.1662119809193668,
      0.0043411933097351136,
      0.04840929864993647,
      0.01246869680432249,
      0.1255269826728781,
      0.040487794660897566,
      0.0606729475791285,
      0.03705712724853648,
      0.030432538667915104,
      0.06657884432798353,
      0.0015733354375209911,
      0.009109961702855808
    ],
    [
      0.04092193290416785,
      0.03132058348579189,
      0.04623340364570344,
      0.10795598454768218,
      0.02243158319472896,
      0.05761116197717217,
      0.03991683269036837,
      0.012588697006091516,
      0.04724933359371569,
      0.06309605529852073,
      0.05924673676440879,
      0.06449843941904343,
      0.07464157362378375,
      0.06880253765688724,
      0.10666690595423986,
      0.05711761921502259,
      0.03402345673292542,
      0.03965416072857554,
      0.02602300156117071
    ],
    [
      0.012924598307562467,
      0.10064261237522282,
      0.018947860297464612,
      0.049531986570604154,
      0.2619549464677254,
      0.03019679383332833,
      0.03965296949950826,
      0.0251793498280861,
      0.11580436677776333,
      0.010681260762232499,
      0.004708306836772531,
      0.009059366286940616,
      0.028016150183659796,
      0.005973129772888536,
      0.0008221990649706707,
      0.019703408106545143,
      0.045187625543200695,
      0.09503274041390625,
      0.12598032907161785
    ],
    [
      0.03379565432745199,
      0.013882876376345343,
      0.06152281861431401,
      0.02626243338970632,
      0.023830984798752838,
      0.16723496180757488,
      0.009678988263763665,
      0.02258713556626248,
      0.04080222862935189,
      0.050649906182729985,
      0.029308893892769042,
      0.0850591712268747,
      0.06227193014982694,
      0.08182817124080723,
      0.06871669597826616,
      0.07033755541984316,
      0.05873281834073727,
      0.07868539775483765,
      0.014811378039784487
    ],
    [
      0.03064176175083474,
      0.014487088534629542,
      0.07738732653998055,
      0.013612618892195717,
      0.03023544233739558,
      0.0653668909401012,
      0.05953191433684922,
      0.05530344546008381,
      0.07260987998334706,
      0.01081662316342475,
      0.08723299457493813,
      0.042409344744837096,
      0.0917121401231377,
      0.02043815942940382,
      0.09603690349793712,
      0.10456641064473171,
      0.05197019122999584,
      0.048206697128989964,
      0.027434166687186408
    ],
    [
      0.020847099736146617,
      0.0417879270737009,
      0.07769344647121422,
      0.04099292092532573,
      0.04154941534674521,
      0.03763458244391555,
      0.029233527814119108,
      0.18994940732193805,
      0.009946972492692488,
      0.05388340998161491,
      0.11191643825764647,
      0.08527130108501565,
      0.008382660257270845,
      0.06051873433223453,
      0.0038034787934797106,
      0.05782375940220765,
      0.025257281278783805,
      0.054144642630212604,
      0.049362994355735976
    ],
    [
      0.009284009942882502,
      0.019309203250369916,
      0.031040220311945983,
      0.04068756326482664,
      0.07097913730061475,
      0.012783884125285373,
      0.037752295330050034,
      0.03428435989643255,
      0.26525122575408777,
      0.0375372346400554,
      0.0028170009276327003,
      0.011941301099776818,
      0.09201528228414534,
      0.026945361601986354,
      0.03937222833855656,
      0.0576546784608168,
      0.07258246043684301,
      0.05575083397286806,
      0.08201171906082351
    ],
    [
      0.01744805813279698,
      0.013017169665757994,
      0.015350939317375063,
      0.013014614258337338,
      0.018272643873436217,
      0.08311628195892035,
      0.05107639967430746,
      0.08462674781213322,
      0.04251605471845614,
      0.23534622522397008,
      0.06284829698289078,
      0.05807265237399289,
      0.07358312499280464,
      0.005266132768312211,
      0.10419905845576927,
      0.056097010573707196,
      0.033851379037317185,
      0.02667304598807395,
      0.005624164191641053
    ],
    [
      0.019625165472594457,
      0.011465640067899562,
      0.019916536258903866,
      0.05256835343595127,
      0.006448111546184482,
      0.021051038624904712,
      0.03831457752829814,
      0.09506387715693208,
      0.016228481043871798,
      0.021910215130213875,
      0.4523439616356284,
      0.12678831049032985,
      0.010486810576239453,
      0.05637866136175323,
      0.01748933676661091,
      0.015402365294600547,
      0.00814366910350265,
      0.0022564411283002993,
      0.008118447377280536
    ],
    [
      0.07914216456418893,
      0.00025680048655738754,
      0.05272238165899146,
      0.038846813322259324,
      0.008655643602298905,
      0.007446777954079756,
      0.05148658480225453,
      0.02910037649690389,
      0.008716056845981786,
      0.06384355267412498,
      0.0814030986071073,
      0.3716712135204677,
      0.07337887185306957,
      0.05553890978567,
      0.03544261204898129,
      0.020754317586356215,
      0.010974706646829042,
      0.005709624360237269,
      0.004909493183640713
    ],
    [
      0.07278142451282463,
      0.036327316985007324,
      0.06549390122366262,
      0.0005968484505375322,
      0.053253757447409227,
      0.02851179417554052,
      0.0745067014013525,
      0.031772246471337945,
      0.11732669382496669,
      0.02537067194497633,
      0.0721888740331998,
      0.03130939738536894,
      0.16558867174118375,
      0.09289009817904464,
      0.04885105619056013,
      0.04035736315718287,
      0.011337865802960059,
      0.027015719928802206,
      0.004519597144082476
    ],
    [
      0.031673413388540884,
      0.006766629240784435,
      0.019254180045216687,
      0.04087456096280449,
      0.00867041062189444,
      0.028035756530321896,
      0.023052962110673515,
      0.0350961063347392,
      0.01881035797032962,
      0.028587057434299377,
      0.013653538696792523,
      0.04336154478822355,
      0.03222692189801909,
      0.6206623937094381,
      0.0192888831667599,
      0.015649789740024456,
      0.005537397854456351,
      0.005343914552919352,
      0.00345418095376208
    ],
    [
      0.0559031462878204,
      0.0028226251458703306,
      0.023307197010349435,
      0.09149335482350045,
      0.04652614815371193,
      0.07380399774305033,
      0.05768067092730831,
      0.05483425086124613,
      0.029218823243897882,
      0.07980301707488768,
      0.03465111471523986,
      0.06882157114165534,
      0.06781241578166686,
      0.08372605936180577,
      0.14075175095450326,
      0.02502317922833503,
      0.009791903699627232,
      0.033616659005542504,
      0.020412114839981337
    ],
    [
      0.02730019665821987,
      0.07498150684031314,
      0.040767277761884275,
      0.03641761259786228,
      0.06703738302548659,
      0.013552933319545287,
      0.030496245079634797,
      0.015676289424771235,
      0.09708420475247391,
      0.04877584263149469,
      0.01980892561264044,
      0.03414057422400095,
      0.08594620133722683,
      0.01100125095670876,
      0.015436370413565449,
      0.15770082740768468,
      0.04091441164383989,
      0.10247100677495077,
      0.08049093953769614
    ],
    [
      0.01695428115514717,
      0.0934182962762966,
      0.020240190365180537,
      0.010818500524020277,
      0.010643647322072784,
      0.01979061311245254,
      0.04134968617046799,
      0.03140966318332642,
      0.06305488617472228,
      0.038617183405638356,
      0.02925289596591691,
      0.012142236726324744,
      0.01442785967341241,
      0.023968033189534218,
      0.028376768200560298,
      0.10874331591979856,
      0.30081920453408373,
      0.009739585207753544,
      0.12623315289329068
    ],
    [
      0.01771846730406525,
      0.017299446769251905,
      0.011450489740841667,
      0.0230419977519846,
      0.17076507584203582,
      0.047775918345674406,
      0.02889436807445541,
      0.0182867274497108,
      0.15193404505422603,
      0.03164117996590404,
      0.01701675673998488,
      0.018255508614874502,
      0.03793715905659861,
      0.009494657571413939,
      0.02680264205561665,
      0.05547037436164385,
      0.125444914843161,
      0.11051069112901624,
      0.08025957932954032
    ],
    [
      0.0061304664655316525,
      0.16797281385262394,
      0.008250553029122983,
      0.006828703432156054,
      0.10271249811805981,
      0.021174243141548265,
      0.024365967797613006,
      0.004351811538586303,
      0.02261319987591077,
      0.014830985822860318,
      0.009187647244784334,
      0.014144434550680197,
      0.0011003475797029415,
      0.0008557649761748001,
      0.019709622772640004,
      0.07695706464128306,
      0.1196785501718504,
      0.10865706200967083,
      0.2704782629792003
    ]
  ]
}