{
  "poids_LS": 0.1725,
  "poids_EM": 0.8275,
  "mae_validation": 8.013650444755493,
  "matrice_de_transition": [
    [
      0.17251730597775283,
      0.004856873511997475,
      0.017601619102806505,
      0.09136607973181836,
      0.011356620708454486,
      0.06913856164368579,
      0.05973702628923256,
      0.03913050416680295,
      0.0483833632328936,
      0.0452654539795416,
      0.027861020552479132,
      0.18690206104199295,
      0.04104345081369779,
      0.06672004936123589,
      0.012496827509099659,
      0.046753825629992675,
      0.031193477323848473,
      0.010509703746182686,
      0.017166175676484718
    ],
    [
      0.011854058218093884,
      0.43599134053397914,
      0.004067143084796184,
      0.021555187994578416,
      0.07107738227403256,
      0.01412802899514518,
      0.028028832144746125,
      0.02935236351886899,
      0.0600257395328179,
      0.012321042315664034,
      0.004715173980332671,
      0.010213066847641221,
      0.01641959393707422,
      0.0002992920468366262,
      0.028472685070765676,
      0.07410252687081627,
      0.09509557688798079,
      0.01572369420045888,
      0.06655727154537128
    ],
    [
      0.03827822231622249,
      0.03265780833252105,
      0.23452395684093189,
      0.02430180864460618,
      0.01848865937755233,
      0.022897401027666554,
      0.0475922576287117,
      0.16713574452120886,
      0.005977205396738707,
      0.04479501372469003,
      0.011400935475775536,
      0.1204706996975324,
      0.03702060782529584,
      0.055477197924562245,
      0.03388372684879993,
      0.029586001146740183,
      0.06574432411722649,
      0.0014386022923189173,
      0.008329826860898544
    ],
    [
      0.03741756848419767,
      0.028638434071262753,
      0.04227418952134762,
      0.12375467432814571,
      0.02051064651230742,
      0.05267760943216571,
      0.04836088949165645,
      0.01987927811787635,
      0.052989162913411825,
      0.06622987942084603,
      0.05417312118513621,
      0.0700461504392254,
      0.0713315569737884,
      0.06291060763654607,
      0.09869561597362231,
      0.05741391575437293,
      0.0326438248327487,
      0.03625836243413952,
      0.02379451247720305
    ],
    [
      0.011817795690064024,
      0.092024046122096,
      0.01732525347641101,
      0.04529029711290048,
      0.2866358636518054,
      0.027610880549258778,
      0.045481379754819015,
      0.026768617906857438,
      0.1127862448641515,
      0.014068439291329969,
      0.004305109289977094,
      0.012392211902357488,
      0.02561697710163368,
      0.005461618659740622,
      0.0007517897527770497,
      0.018016099677531608,
      0.043541923595807504,
      0.09076124340520925,
      0.11934420819527218
    ],
    [
      0.030901551332559694,
      0.01269401127229367,
      0.05625428994844734,
      0.02401344047511821,
      0.021790209857423175,
      0.20241242100999426,
      0.015386014547358834,
      0.02099637150599373,
      0.04060914055523423,
      0.05227330891245265,
      0.026799016238968378,
      0.08534321485863948,
      0.05693925104859866,
      0.07482078641079334,
      0.06494620661712965,
      0.06731853062489122,
      0.05849324424800835,
      0.07306064223298811,
      0.014948348303107
    ],
    [
      0.02801774347935442,
      0.013246481505420935,
      0.07076023504070045,
      0.012446897384852988,
      0.028772734926837802,
      0.05976917376014778,
      0.1028233076868627,
      0.0529379333101841,
      0.06917576553093484,
      0.017072115519606367,
      0.08029719574117733,
      0.04703370444287112,
      0.08959965673260402,
      0.018687930306996312,
      0.08907884065638323,
      0.10159838076006908,
      0.049518571935564526,
      0.044078499308551594,
      0.025084831970880392
    ],
    [
      0.01906185086371417,
      0.03820940293203039,
      0.07104014028169035,
      0.037628550195438676,
      0.03799131624246592,
      0.0344117314611493,
      0.02738574752488355,
      0.2411525280365745,
      0.00918351062714991,
      0.05146905762314477,
      0.10233243387646679,
      0.08116431353686861,
      0.009166158133307064,
      0.05579040579111354,
      0.005271115089855058,
      0.05511230435812617,
      0.027360475667340588,
      0.04950794671436567,
      0.046761011044314946
    ],
    [
      0.008488970417387038,
      0.017655652695780226,
      0.028382079898492046,
      0.03720326917308735,
      0.06490081338813117,
      0.011689131617318946,
      0.04522537231124405,
      0.03494912356719247,
      0.28910211184917434,
      0.04191275251312087,
      0.0025757660415647067,
      0.01777148667871516,
      0.08799108839526802,
      0.02463788588468918,
      0.03600057342558624,
      0.05614458166370994,
      0.06856255854111205,
      0.050976591284583775,
      0.07583019065384247
    ],
    [
      0.0165679706443796,
      0.01190243966675662,
      0.014036356116163386,
      0.013332740752105566,
      0.016707859453335326,
      0.07599858930497966,
      0.05430995676940081,
      0.08085996237411407,
      0.03987840083098691,
      0.2680363472192814,
      0.05746626050093052,
      0.05854868495390617,
      0.06771134900211663,
      0.0053831575051334945,
      0.09527593466535808,
      0.05416134031696352,
      0.040291222936558777,
      0.024388890116167062,
      0.005142536871362399
    ],
    [
      0.019889923407492887,
      0.010483775863189932,
      0.018210976524025358,
      0.04951107979866099,
      0.008925987491331937,
      0.019248325372495743,
      0.03837787690154849,
      0.09818252423359455,
      0.01483874924177228,
      0.020033925989228707,
      0.46336374778537204,
      0.12332614109010608,
      0.009588768786561489,
      0.05155065444955889,
      0.015991631131901135,
      0.019466281215380177,
      0.009523199515162622,
      0.002063209981954141,
      0.007423221220662589
    ],
    [
      0.0723647968805153,
      0.00023480928466987648,
      0.04820748157217175,
      0.03552015251289458,
      0.007914414454035738,
      0.006809070449724859,
      0.053059284853119476,
      0.034400469732728055,
      0.014423206187101814,
      0.06498125985071893,
      0.07443211502473071,
      0.38780580463493286,
      0.07036911819633977,
      0.050782815301261795,
      0.032407471238156925,
      0.02137637028020963,
      0.014680857609436725,
      0.0057414349654692914,
      0.004489066971781978
    ],
    [
      0.06654876108769324,
      0.033216414149274655,
      0.059885307472464996,
      0.0005457371191379093,
      0.0486933528041228,
      0.026070176442276,
      0.07574762001938916,
      0.034709398777274095,
      0.11415558807905658,
      0.028811360292587178,
      0.06600695388118547,
      0.03469656323894122,
      0.2034753875895276,
      0.0849354212631596,
      0.044667678450484534,
      0.03819961808282641,
      0.01062875340107354,
      0.024873348029935943,
      0.0041325598195892255
    ],
    [
      0.028961049258582963,
      0.0061871665157448835,
      0.017605341422560008,
      0.03738900539565401,
      0.008572630857389478,
      0.026530684275587142,
      0.02725861236145371,
      0.035110344217716,
      0.019361140233225913,
      0.02801189593446874,
      0.012484313007288191,
      0.04379917223587403,
      0.029467157868078225,
      0.6273959188278255,
      0.01928396027195045,
      0.017453959173815942,
      0.0070829807043549155,
      0.0048862865110947664,
      0.0031583809273349403
    ],
    [
      0.051115860279747384,
      0.0025809086278538104,
      0.021311276824380283,
      0.08365828852646036,
      0.04254186474828356,
      0.06748376589212612,
      0.06652680243583063,
      0.05668780190477028,
      0.032458622442052755,
      0.08236141129368788,
      0.03168375406282981,
      0.07487576812100626,
      0.06440346392825418,
      0.07655614820098815,
      0.15819520798520045,
      0.027989943041824294,
      0.010167111290039778,
      0.030737884339322015,
      0.01866411605534205
    ],
    [
      0.024962334513455184,
      0.06856043857498245,
      0.037276157290562696,
      0.033298977264896175,
      0.062093310319468166,
      0.012392323007650525,
      0.03295848406764846,
      0.018208573972718904,
      0.09479417559120797,
      0.05025621709678673,
      0.01811258115409941,
      0.039966433542011265,
      0.08772792463807288,
      0.010059154880305524,
      0.014213943211009316,
      0.1887403465016823,
      0.03815012800238294,
      0.09369586531079753,
      0.07453263106026158
    ],
    [
      0.015502395199872135,
      0.08852550355360854,
      0.01850691439468165,
      0.010242134138426685,
      0.009732174761342794,
      0.01809583685144141,
      0.043330255373917784,
      0.03533883362407769,
      0.05914838572827758,
      0.03531018703664722,
      0.02674781371469198,
      0.01543561078953381,
      0.0158019898252265,
      0.022866016984989284,
      0.0259467134651532,
      0.10427684701284151,
      0.32467638673029264,
      0.008905532330846472,
      0.12161046848413112
    ],
    [
      0.016201139993496125,
      0.015818002432658507,
      0.010469922939830364,
      0.021068787999742825,
      0.15614154724782833,
      0.04368461042104483,
      0.035599793280027825,
      0.017315891931732743,
      0.14450006720176428,
      0.03450458335070182,
      0.015559520665566286,
      0.021975262211587954,
      0.03468839681694514,
      0.008681579160602247,
      0.024608599874442583,
      0.05394249021937329,
      0.11753396599235791,
      0.14862119894189751,
      0.07908463931839932
    ],
    [
      0.005605481768207118,
      0.15418076082335677,
      0.007544013957568252,
      0.0062439249614465574,
      0.09391667645601602,
      0.01936097922611181,
      0.02966913010752749,
      0.005614736569668972,
      0.024306739261006113,
      0.01623634760316498,
      0.008400859773545896,
      0.017643144608982003,
      0.0010061189195626342,
      0.000782481235121157,
      0.019973348118672102,
      0.07193303306908613,
      0.11585692971276491,
      0.10032431800132001,
      0.301400975826871
    ]
  ]
}