{
  "poids_LS": 0.61,
  "poids_EM": 0.39,
  "mae_validation": 6.820726251219288,
  "matrice_de_transition": [
    [
      0.2648146531598795,
      0.002289040084204248,
      0.00829562713002361,
      0.052759387978249646,
      0.005352365046884894,
      0.03258494143932019,
      0.10852875018317742,
      0.06377955223822478,
      0.06965162587319663,
      0.05757284842645184,
      0.013130873734703155,
      0.15507948846069775,
      0.01934374116899352,
      0.031445098792606645,
      0.005889743478608903,
      0.0420856659204904,
      0.05435297999626238,
      0.00495321385016465,
      0.008090403037859868
    ],
    [
      0.005586806894328235,
      0.5673834686300769,
      0.001916840849632038,
      0.010158940565420644,
      0.03349870584516338,
      0.006658527260551808,
      0.04556863728133109,
      0.015666134706319033,
      0.05756187541370314,
      0.014050957119178992,
      0.0022222572233592044,
      0.028567615535178476,
      0.010215620451292347,
      0.00014105607041242806,
      0.029255621486529465,
      0.05570906701542181,
      0.06754353210229087,
      0.010662952457881082,
      0.0376313830919291
    ],
    [
      0.018040491484382807,
      0.015391595467895118,
      0.3825957395123664,
      0.01746539133164285,
      0.027491752118492717,
      0.01382788881060756,
      0.06592379822107038,
      0.17235053904773676,
      0.01521275750079126,
      0.024391792372492387,
      0.005373250556558863,
      0.09192716677219384,
      0.01744777891464094,
      0.026146353100397916,
      0.015969369753512958,
      0.024807160301397926,
      0.06103332292746901,
      0.0006780119565007585,
      0.003925839849849465
    ],
    [
      0.0176348661133983,
      0.01349726802150148,
      0.01992378720643574,
      0.21294082631463335,
      0.009666649111540656,
      0.024826909581322814,
      0.09602895207957302,
      0.061035784394081076,
      0.08539142520201903,
      0.08392082204687591,
      0.02553174291504909,
      0.10136387394025256,
      0.05264597911091147,
      0.029649712360426544,
      0.053696398341103985,
      0.05908655750876997,
      0.024855580234976884,
      0.017088533352645815,
      0.011214332164482406
    ],
    [
      0.005569716397734102,
      0.04337084953186398,
      0.008165376260785855,
      0.021345275980702343,
      0.42596362194903115,
      0.013012982977898397,
      0.07838369571221844,
      0.03574029254508276,
      0.09574845986795555,
      0.033189608407202774,
      0.0020289941064544612,
      0.031206662957130146,
      0.012073258090195934,
      0.0025740559242282087,
      0.00035431782910338294,
      0.008490971449229398,
      0.03425167066697495,
      0.0666479538399842,
      0.08188223550622412
    ],
    [
      0.014563873135587047,
      0.0059826760074858385,
      0.02651259586694195,
      0.011317512731475653,
      0.010269706156368626,
      0.40099485199139406,
      0.047603098406363835,
      0.012016251810928196,
      0.03951912723360227,
      0.061437679160887056,
      0.012630352064287212,
      0.08694668697344068,
      0.026835417412632602,
      0.035262968822005324,
      0.04366118603006876,
      0.05027564871790453,
      0.05714080985357093,
      0.04130799009351486,
      0.015721567531540536
    ],
    [
      0.01320473710809453,
      0.00624305472763041,
      0.03334923464153858,
      0.005866211456305336,
      0.020515515673689054,
      0.02816915742170107,
      0.3472102056304872,
      0.03958423568978256,
      0.04978963555764,
      0.052385378820631635,
      0.04114349264736631,
      0.07313896080274057,
      0.07767434726991386,
      0.008807604615986177,
      0.04979945364761128,
      0.08484337334665096,
      0.035678785596032915,
      0.02077415677381888,
      0.011822458572378673
    ],
    [
      0.008983833035466498,
      0.01800805697098713,
      0.033481153727926566,
      0.018636134784785933,
      0.01790527291185705,
      0.016218217848759188,
      0.0169547297630699,
      0.5302024030385547,
      0.004873645257151496,
      0.03783964914791012,
      0.0482291833375493,
      0.057979706410232076,
      0.013589130014156675,
      0.029098228542849856,
      0.01355615869842557,
      0.03980570330282743,
      0.039233347215645004,
      0.02333305041522974,
      0.03207239557661561
    ],
    [
      0.00400084406378362,
      0.00832109311341908,
      0.013376448532219816,
      0.017533867042300984,
      0.030587694527336742,
      0.00550907713686331,
      0.08741209720508125,
      0.038701821708579165,
      0.42374421077305013,
      0.06661325663526466,
      0.0012139562008582907,
      0.05068382462433484,
      0.06527386482902513,
      0.011611813287043844,
      0.016967037626560284,
      0.047619841680042206,
      0.04586956396843722,
      0.02402522127007574,
      0.04093446577572375
    ],
    [
      0.011599734822668569,
      0.005609609027232727,
      0.006615321915774889,
      0.015128616120152016,
      0.007874399017281906,
      0.03581806625854026,
      0.07256390811266976,
      0.059595851030457545,
      0.024988419208176724,
      0.4525773584831356,
      0.027083796489864535,
      0.06123596564696505,
      0.03456422647403914,
      0.00604378101944719,
      0.04490346165497239,
      0.04323416951276539,
      0.07664518043227748,
      0.011494461807015292,
      0.002423672966563548
    ],
    [
      0.021384524652887253,
      0.004940994062409756,
      0.008582816730356362,
      0.0322522770075062,
      0.02291399685909983,
      0.009071718302445124,
      0.038735212073123026,
      0.1157877899889472,
      0.006993489068629836,
      0.009441971161086641,
      0.5255722179855382,
      0.10378163641142353,
      0.004519178038379433,
      0.02429577671942957,
      0.007536841258539508,
      0.042407742058491,
      0.017310871193888272,
      0.0009723889945161511,
      0.003498557433303214
    ],
    [
      0.03410546318235766,
      0.00011066540304683,
      0.02272014237238306,
      0.01674061568583551,
      0.003730056359001738,
      0.003209108731592381,
      0.06193743030155065,
      0.06432035090270316,
      0.04664098472568263,
      0.07140380036374928,
      0.03507978835002414,
      0.4788881738294943,
      0.053378573359961864,
      0.02393389482476387,
      0.015273611822212933,
      0.02488795806809182,
      0.035602677559641395,
      0.0059210109627468414,
      0.002115693195160086
    ],
    [
      0.031364370784532164,
      0.01565486588304183,
      0.028223891135059034,
      0.0002572054096239089,
      0.022949133043634915,
      0.01228685052868597,
      0.08275280576637026,
      0.05129009727852657,
      0.09625418467472541,
      0.04823460096458389,
      0.03110901753916898,
      0.053817660799429914,
      0.4173520093140496,
      0.04002998706058277,
      0.02105183636941265,
      0.026018799114685076,
      0.006625699519456105,
      0.012779313116981232,
      0.001947671697449907
    ],
    [
      0.013649316266885021,
      0.0029160059711667726,
      0.008297381455949732,
      0.017712482032707727,
      0.008020648315829215,
      0.018034308644019982,
      0.05100018635779354,
      0.0351907193635528,
      0.022470394943124368,
      0.024765016499940957,
      0.005883845405247607,
      0.04626964976293327,
      0.013887844795831428,
      0.6654077541735615,
      0.01925616973673584,
      0.027638786622638852,
      0.015808045179588757,
      0.002302902404020494,
      0.0014885420684720566
    ],
    [
      0.02409085862127067,
      0.0012163798971153912,
      0.01004398545197379,
      0.03942807555929854,
      0.0200499422982847,
      0.031805037701425,
      0.11646464159684375,
      0.06715139650530982,
      0.05074781146389476,
      0.09680395930304381,
      0.01493252457341828,
      0.10905268655282598,
      0.045159380884795514,
      0.03608084326088868,
      0.2566663363842976,
      0.04473780327926368,
      0.0122852186552719,
      0.014486737030012794,
      0.008796380980765437
    ],
    [
      0.01176472563171906,
      0.03231247256101892,
      0.01756821914600538,
      0.015693777804603636,
      0.034183222462912534,
      0.005840490601792997,
      0.04685822029030623,
      0.032503728678875105,
      0.08186659161631951,
      0.058613169723435346,
      0.008536443081690355,
      0.07285434904690818,
      0.09778604004607483,
      0.004740870578029189,
      0.0073131444869021164,
      0.3639634381613463,
      0.022545300994158222,
      0.04415877640025503,
      0.04089701868764706
    ],
    [
      0.007306264807190493,
      0.06090489947391791,
      0.008722291980575038,
      0.006988452929430597,
      0.004586765144318659,
      0.008528551507023746,
      0.05451088797403758,
      0.05751963449928652,
      0.0370955606273801,
      0.01664165914718117,
      0.012606220361002868,
      0.034027238565714026,
      0.023559176166112514,
      0.016644957765784018,
      0.012228662539467973,
      0.07906290963485813,
      0.4593540281605043,
      0.004197169316048488,
      0.09551466940016595
    ],
    [
      0.007635582595122041,
      0.00745501020995386,
      0.004934465192185912,
      0.009929700688700548,
      0.07358936969988283,
      0.020588517298135933,
      0.07345300008567858,
      0.011835368846372745,
      0.10253406319593183,
      0.0506689572971409,
      0.007333187987396799,
      0.04297387122529292,
      0.016348609980191667,
      0.00409162038989109,
      0.012222877883943817,
      0.04531733780332983,
      0.07287538377008235,
      0.36376116240171136,
      0.07245191344905491
    ],
    [
      0.0026418584768589442,
      0.07632239694846163,
      0.003555486940727031,
      0.002942756175183272,
      0.044262844492865557,
      0.009124811961551186,
      0.05960633669575442,
      0.0127441520677163,
      0.03386704224138304,
      0.024169841524239694,
      0.0039593175971998785,
      0.03739392719616961,
      0.0004741829348996101,
      0.00036878269691510723,
      0.021462120233369433,
      0.043571564516361516,
      0.09428326583083074,
      0.053284634083210575,
      0.47596467738630244
    ]
  ]
}