{
  "poids_LS": 0.465,
  "poids_EM": 0.5349999999999999,
  "mae_validation": 7.211767562691186,
  "matrice_de_transition": [
    [
      0.2342246752366604,
      0.0031400934488442886,
      0.011379898755288796,
      0.06555474867371812,
      0.007342346923290814,
      0.04469985556419563,
      0.09235777883546999,
      0.05561015344883925,
      0.06260271596955334,
      0.05349382626690445,
      0.01801286525145176,
      0.16562639823049843,
      0.026535644936952648,
      0.0431362252667809,
      0.00807951990014298,
      0.04363282742421115,
      0.046677259110548056,
      0.0067947933585591975,
      0.011098373398089816
    ],
    [
      0.007663953047347706,
      0.5238363633182274,
      0.0026295124475721543,
      0.013935982570512932,
      0.04595335289016001,
      0.009134133549731324,
      0.039755444721777215,
      0.020202141969907016,
      0.05837847037889546,
      0.01347761392715689,
      0.003048481062813267,
      0.022484393684451844,
      0.012271794520865766,
      0.00019349999402730513,
      0.028996133988733463,
      0.06180518513892397,
      0.07667506694554808,
      0.012340226863992578,
      0.04721824897935565
    ],
    [
      0.024747853702935384,
      0.02111411173159971,
      0.33352052011269095,
      0.019731175355367836,
      0.0245078699529239,
      0.0168337842882614,
      0.05984820191046007,
      0.17062220714751608,
      0.012151831660590985,
      0.031154002877792172,
      0.007370997558356388,
      0.10138730911316318,
      0.02393477363931513,
      0.0358674330992638,
      0.021906699533665207,
      0.026391004695854217,
      0.06259468332178864,
      0.0009300933249433482,
      0.005385446973511444
    ],
    [
      0.024191418899148946,
      0.01851548305513664,
      0.027331349116520815,
      0.1833819873705403,
      0.013260659678651924,
      0.0340574272461736,
      0.0802303941932921,
      0.04739534231396752,
      0.07465238970065208,
      0.078057538205106,
      0.035024313998849387,
      0.09098428557991213,
      0.05883891348832211,
      0.04067332336622615,
      0.0686104247564529,
      0.058532196241598375,
      0.02743682701595268,
      0.02344196241965515,
      0.015383763353841246
    ],
    [
      0.007640508391763446,
      0.05949590897319801,
      0.011201221280821618,
      0.02928134012737372,
      0.3797864220562363,
      0.017851143315834976,
      0.06747892813776606,
      0.03276682323641379,
      0.1013952686095519,
      0.026852306643084932,
      0.0027833637101362476,
      0.02497101632183407,
      0.016562033533986727,
      0.003531076716569465,
      0.00048605138094951237,
      0.011647871090609557,
      0.03733072592338802,
      0.07463978695303021,
      0.09429820359745146
    ],
    [
      0.019978646480869406,
      0.00820700426667929,
      0.036369843048240875,
      0.015525305926511468,
      0.014087930240146703,
      0.33517896058041585,
      0.03692543632737932,
      0.014992520052721342,
      0.03988038879162886,
      0.05840034502140594,
      0.017326252190752966,
      0.08641525050110657,
      0.0368126879891242,
      0.048373559794289346,
      0.05071564999606607,
      0.05592414672136296,
      0.05758904525287019,
      0.05183172623116884,
      0.015465300587259707
    ],
    [
      0.018114190648283516,
      0.008564190459698126,
      0.04574830905954651,
      0.008047238792623986,
      0.023252194054732635,
      0.03864230569387197,
      0.2662134051691717,
      0.04401003261540135,
      0.056214752920217714,
      0.040681554412291834,
      0.054120148529886516,
      0.06448693298061241,
      0.08162673554897688,
      0.012082226845006677,
      0.06281776477051854,
      0.09039646151795525,
      0.04026568621142053,
      0.02849788172818743,
      0.016217988041596382
    ],
    [
      0.012323976087114295,
      0.024703360203790034,
      0.045929274985745415,
      0.024930763892316552,
      0.02456236155857313,
      0.022248068074579908,
      0.020411867078413852,
      0.4344030158950413,
      0.006302057779779541,
      0.04235682452827359,
      0.0661605463733048,
      0.06566374762934589,
      0.012123230762217947,
      0.0379447787165601,
      0.01081025853101363,
      0.044878748224012145,
      0.03529833835963554,
      0.03200815890294336,
      0.036940622417338816
    ],
    [
      0.005488337369549324,
      0.011414832860715915,
      0.018349743499327182,
      0.024052868891361604,
      0.0419600424926286,
      0.007557323764671463,
      0.07343021124026664,
      0.03745807032457672,
      0.37911997227256555,
      0.058426803840497,
      0.0016652988909209882,
      0.03977573547664375,
      0.07280300178240848,
      0.015929025919406294,
      0.023275295205666027,
      0.050445184074629223,
      0.05339067074109516,
      0.03295767533202697,
      0.05249990602104309
    ],
    [
      0.013246350123578509,
      0.007695232896332073,
      0.009074864679332217,
      0.014533411712456621,
      0.010802060190373896,
      0.04913503961107445,
      0.06651402709604348,
      0.0666433850757837,
      0.029923384546022377,
      0.39141519474997244,
      0.03715341313353211,
      0.060345324045836965,
      0.045550129940487676,
      0.005824831511846079,
      0.061598338424128776,
      0.04685574612215677,
      0.06459644023369643,
      0.01576804376090559,
      0.003324782146439738
    ],
    [
      0.020889171097270832,
      0.006778030316382613,
      0.011773863976258084,
      0.037972337361146066,
      0.018277970897211046,
      0.012444536645661898,
      0.03861678098768689,
      0.10995290191003032,
      0.009593632440299902,
      0.012952447618413724,
      0.5049545535763403,
      0.11025924367635831,
      0.006199385257776913,
      0.03332882190998671,
      0.010339000187996503,
      0.03480428646477427,
      0.014729814294653486,
      0.0013339182360670276,
      0.004799303145685177
    ],
    [
      0.046785699493747036,
      0.00015181023238475393,
      0.03116737479288445,
      0.02296469074851794,
      0.005116872184784434,
      0.004402238901030573,
      0.05899495923864203,
      0.05440404742922571,
      0.035963092410038706,
      0.0692751869365735,
      0.0481222737622126,
      0.44870087432501105,
      0.05900972536287567,
      0.03283239418268889,
      0.020952262371497225,
      0.023724117544108005,
      0.028668588661859278,
      0.005861494346506282,
      0.0029022970754119123
    ],
    [
      0.04302548299929411,
      0.021475264736993276,
      0.03871738912117072,
      0.00035283306191997754,
      0.03148150302139661,
      0.016855038545761522,
      0.08043108706165653,
      0.04579478006096861,
      0.10218722123158944,
      0.041797184056150696,
      0.04267519072680872,
      0.047480382750810804,
      0.3464671861139223,
      0.05491293096772251,
      0.028878801173425044,
      0.030055870544126197,
      0.007952425948792169,
      0.016787621830989075,
      0.002671806046501795
    ],
    [
      0.018724062058419193,
      0.004000162037369803,
      0.011382305330597708,
      0.024233844061569924,
      0.008203591101032045,
      0.02085025028191081,
      0.043131550404720914,
      0.03516408074378974,
      0.021439899096415166,
      0.025841125112527306,
      0.008071428953352484,
      0.04545086292539363,
      0.01905127427120465,
      0.6528095458875461,
      0.019265380314121255,
      0.024263243811028973,
      0.012916309524939827,
      0.0031591097080793953,
      0.0020419743759808977
    ],
    [
      0.03304771631379438,
      0.001668623705017267,
      0.013778287735399939,
      0.05408723185698645,
      0.02750440802457003,
      0.04362998761605737,
      0.09991381490347942,
      0.06368346229484528,
      0.04468625167379855,
      0.09201728624851441,
      0.0204843606327661,
      0.09772547930113715,
      0.0515374198363418,
      0.049495515755321635,
      0.22403019097202542,
      0.03918708388628377,
      0.01158321735708068,
      0.019872831566812417,
      0.01206683031976797
    ],
    [
      0.016138790289665885,
      0.04432608415421826,
      0.024099992931058658,
      0.021528643911443445,
      0.043433423009656684,
      0.008011955056305775,
      0.042251450570796795,
      0.027765905976263335,
      0.08615116230513967,
      0.05584343685288894,
      0.011710248842831639,
      0.061954354193856635,
      0.09445249322513702,
      0.00650350194678363,
      0.009600266349749071,
      0.3058894992112863,
      0.027717186516884124,
      0.06057678301060625,
      0.05204482164542786
    ],
    [
      0.010022696594479264,
      0.07005915682604394,
      0.011965195409250371,
      0.008066815844412156,
      0.006292100903103799,
      0.011699423221173599,
      0.05080530688371216,
      0.05016828335207445,
      0.044404496946534686,
      0.022828942676261343,
      0.017293148443939827,
      0.02786544193132287,
      0.020988222978847434,
      0.01870679453557776,
      0.016775216560552215,
      0.08741952888013262,
      0.4147180098579199,
      0.005757655343810105,
      0.10416356281085154
    ],
    [
      0.010474453047154593,
      0.010226744775193112,
      0.006769074045690928,
      0.013621512483217415,
      0.10094951997291618,
      0.028243222447442876,
      0.06090736583009148,
      0.013651770783234912,
      0.11644279595215057,
      0.04531162193203538,
      0.010059629675018686,
      0.03601433223789356,
      0.022426939331801385,
      0.005612863868183929,
      0.016327860029366262,
      0.0481759597469328,
      0.08767651387803652,
      0.29245763165503025,
      0.07465018830860905
    ],
    [
      0.00362408791056291,
      0.102126883261284,
      0.0048773987520229775,
      0.004036857830059103,
      0.060719543086366845,
      0.012517370254948418,
      0.04968429108365635,
      0.010381260074077756,
      0.0306984846821724,
      0.021540454967540645,
      0.0054313715756459865,
      0.03084795353870172,
      0.0006504817183879266,
      0.0005058942124348265,
      0.0209686986182126,
      0.052971365522407374,
      0.10143339443170035,
      0.06887492932464112,
      0.4181092791551766
    ]
  ]
}