{
  "poids_LS": 0.0775,
  "poids_EM": 0.9225,
  "mae_validation": 8.277081155365538,
  "matrice_de_transition": [
    [
      0.15247559630391963,
      0.0054144601991754325,
      0.019622348788325077,
      0.09974924708402186,
      0.012660401937823883,
      0.0770759191737766,
      0.04914225195797596,
      0.03377813944272278,
      0.04376511191671351,
      0.04259299118535538,
      0.03105956671862477,
      0.1938121053739313,
      0.04575538776511929,
      0.0743797529132811,
      0.013931508612863365,
      0.04776748316691317,
      0.026164556743552884,
      0.01171625583788946,
      0.019136914878014683
    ],
    [
      0.01321494707696871,
      0.4074604784331121,
      0.004534065855860398,
      0.024029801722052678,
      0.07923732344144414,
      0.015749977943228313,
      0.024220188743659103,
      0.03232423034673698,
      0.06056075002725425,
      0.01194540367261507,
      0.0052564930475611955,
      0.0062275077040617015,
      0.01776674246541543,
      0.0003336518588601664,
      0.02830267602048554,
      0.07809653529655906,
      0.10107830661287344,
      0.016822598121704346,
      0.0728383216095473
    ],
    [
      0.04267270101113625,
      0.036407043125982676,
      0.20237122688942039,
      0.025786287832563932,
      0.01653370209666242,
      0.02486678082337079,
      0.043611694528656667,
      0.16600338913830565,
      0.0039717712255730115,
      0.04922542750402437,
      0.012709804201091156,
      0.12666872398989162,
      0.04127070781732376,
      0.06184618137209507,
      0.03777370153234796,
      0.030623692301728792,
      0.06676728437557382,
      0.0016037590509537173,
      0.00928612118329777
    ],
    [
      0.041713240998999826,
      0.03192623012778234,
      0.04712741973829992,
      0.10438853846822267,
      0.02286534309075963,
      0.058725189971205884,
      0.038010110186851714,
      0.010942436755043325,
      0.045953243102171394,
      0.06238841759347953,
      0.06039239189521227,
      0.06324573047900235,
      0.07538899673829882,
      0.07013297346793201,
      0.10846687465954058,
      0.05705071354484671,
      0.034334986516836294,
      0.04042095389183529,
      0.026526208773679533
    ],
    [
      0.013174521479255664,
      0.10258874023883209,
      0.019314255386089618,
      0.05048978741589207,
      0.25638183613583637,
      0.030780709736182743,
      0.038336876861212274,
      0.024820482842557084,
      0.11648587817761116,
      0.009916413997597587,
      0.0047993514441134364,
      0.00830678824474971,
      0.028557898944117303,
      0.006088632282309032,
      0.0008380979419176172,
      0.02008441323567723,
      0.04555923566035399,
      0.09599727199651524,
      0.12747880797917976
    ],
    [
      0.0344491614553309,
      0.014151329786937656,
      0.06271248637757422,
      0.02677027049945202,
      0.02429180494679502,
      0.1592916645683189,
      0.008390304909403465,
      0.0229463403540651,
      0.040845829162217163,
      0.05028333137279261,
      0.029875640459756287,
      0.08499503234228264,
      0.06347608349526558,
      0.08341048394435874,
      0.0695680968017486,
      0.07101927069612261,
      0.05878691571651476,
      0.07995550384041658,
      0.014780449270647145
    ],
    [
      0.031234282005685135,
      0.014767225605741162,
      0.07888376655594702,
      0.013875846329337622,
      0.03056573110752153,
      0.06663089159363907,
      0.04975643841910424,
      0.05583759336489987,
      0.07338532518227886,
      0.00940409263138374,
      0.08879914269869056,
      0.04136513449044232,
      0.0921891525016453,
      0.020833372457044225,
      0.09760807897828798,
      0.10523661094126843,
      0.0525237826835771,
      0.049138870830379267,
      0.027964661623126476
    ],
    [
      0.021250220449276522,
      0.04259598091214263,
      0.07919580593336477,
      0.041752617541751844,
      0.04235285707996956,
      0.038362322988411156,
      0.029650768524591652,
      0.17838741232185884,
      0.010119367107492422,
      0.05442858632062429,
      0.11408056827920317,
      0.08619868537008112,
      0.008205741382036861,
      0.06158642142216507,
      0.0034720770491368904,
      0.0584360234444196,
      0.024782366416851626,
      0.05519163848217804,
      0.049950538974443945
    ],
    [
      0.00946353499702664,
      0.01968258563366436,
      0.03164044556659687,
      0.0414743393500581,
      0.07235166205504652,
      0.013031086304503598,
      0.03606482633429654,
      0.034134251970777074,
      0.2598655417971327,
      0.03654921447516965,
      0.002871473321260957,
      0.010624807581952032,
      0.09292397122679505,
      0.027466404505892168,
      0.040133569770517595,
      0.057995668060163506,
      0.07349018021975,
      0.056828888773448376,
      0.08340754805594824
    ],
    [
      0.017646787565665425,
      0.01326888289133895,
      0.015647780685390602,
      0.012942779243615482,
      0.018625982290878355,
      0.08472350288077793,
      0.0503462416205767,
      0.08547731226587948,
      0.043111653983368546,
      0.2279645847734159,
      0.06406359554333342,
      0.05796516114627053,
      0.07490900989392775,
      0.005239707827739664,
      0.10621395737618468,
      0.05653409740587511,
      0.032397220737488436,
      0.027188823120440016,
      0.005732918747833007
    ],
    [
      0.01956538142277868,
      0.011687351339930768,
      0.020301662650650625,
      0.053258705547597464,
      0.005888591171473766,
      0.021458102907706736,
      0.03830028412143516,
      0.09435966652671798,
      0.016542291450797494,
      0.022333893323339554,
      0.4498556228276217,
      0.12757009067747715,
      0.010689594206166735,
      0.0574688564709584,
      0.017827528361545376,
      0.014484706860876113,
      0.007832162236353624,
      0.002300073967797819,
      0.00827543392877491
    ],
    [
      0.08067253791211523,
      0.0002617662418223094,
      0.053741875226983,
      0.039597994795341686,
      0.008823017926100265,
      0.007590776422805055,
      0.05113145898431728,
      0.02790358125010489,
      0.0074273457044385545,
      0.06358665105360375,
      0.08297719167409556,
      0.36802791875268526,
      0.07405849364652468,
      0.05661286660472992,
      0.03612796642561905,
      0.020613854074840926,
      0.010137833848820854,
      0.005702441320346166,
      0.005004428134705588
    ],
    [
      0.07418880012495108,
      0.03702977891565664,
      0.06676035787715887,
      0.0006083897189180921,
      0.054283526237828734,
      0.029063127212084122,
      0.07422649397147327,
      0.03110901853128785,
      0.11804274996113993,
      0.024593742318096464,
      0.07358479148688046,
      0.03054455348294939,
      0.15703360687220286,
      0.09468631554714771,
      0.049795689873803,
      0.04084459591590852,
      0.011497987958224756,
      0.02749948132532039,
      0.004606992668968049
    ],
    [
      0.0322858827082088,
      0.006897475662567558,
      0.019626498443881094,
      0.04166162189732235,
      0.008692489923556852,
      0.028375611555584584,
      0.02210329915081992,
      0.035092891328905716,
      0.018685987781933675,
      0.028716932611680488,
      0.013917557400874147,
      0.04326272568714118,
      0.03285009442090896,
      0.6191419202956087,
      0.019289994788168483,
      0.015242396642071537,
      0.005188395275446997,
      0.005447249917202322,
      0.0035209745081165953
    ],
    [
      0.05698414635415947,
      0.002877206295099867,
      0.023757888665245693,
      0.09326256334218692,
      0.04742582505171188,
      0.07523114687067836,
      0.05568315736086778,
      0.05441570707722455,
      0.028487255683024203,
      0.07922531515451343,
      0.035321163894816314,
      0.06745449440438255,
      0.0685821791034052,
      0.08534507155940975,
      0.13681290581853936,
      0.024353264818837456,
      0.009707179405017948,
      0.034266704897914876,
      0.0208068242429644
    ],
    [
      0.02782810101348931,
      0.07643142548087167,
      0.04155559528766657,
      0.03712182057627398,
      0.06815378653974881,
      0.013815006615779587,
      0.029940255630728482,
      0.015104483236524986,
      0.09760130811146946,
      0.04844156452642874,
      0.0201919711355368,
      0.03282505760380507,
      0.08554387672090674,
      0.011213982328799813,
      0.015712402362529736,
      0.1506919037412981,
      0.04153860472416887,
      0.10445249033137247,
      0.08183636403260071
    ],
    [
      0.017282126370854436,
      0.09452312043948422,
      0.020631575261744802,
      0.01094864777238012,
      0.01084946370675375,
      0.020173304526229247,
      0.0409024608664632,
      0.030522431148318062,
      0.06393699917875818,
      0.039363924521216995,
      0.029818559700064473,
      0.011398571615277537,
      0.014117572219776968,
      0.024216875558302427,
      0.028925490237587705,
      0.1097518734149179,
      0.29543209887687527,
      0.009927919728345462,
      0.12727698485664926
    ],
    [
      0.01806108960000021,
      0.01763396645816009,
      0.011671908050747444,
      0.023487561244426292,
      0.17406716294395363,
      0.04869976207059076,
      0.027380239802229377,
      0.018505948373125195,
      0.1536126852144593,
      0.03099460500804648,
      0.01734581004711166,
      0.017415564254326305,
      0.03867075053006875,
      0.009678255922242385,
      0.027298070935236597,
      0.05581538045828559,
      0.12723125813205202,
      0.10190509259062368,
      0.0805248883643141
    ],
    [
      0.006249011397185579,
      0.17108714840761974,
      0.008410094109796632,
      0.006960750183606585,
      0.10469865139658582,
      0.021583689832130687,
      0.02316847953408393,
      0.00406663491866441,
      0.022230787756695694,
      0.014513646066017329,
      0.009365308931838174,
      0.013354403247192694,
      0.0011216250190894622,
      0.0008723129177030421,
      0.01965007188805211,
      0.07809152338339204,
      0.12054149672712776,
      0.11053864936639521,
      0.263495714916823
    ]
  ]
}