{
  "poids_LS": 0.995,
  "poids_EM": 0.0050000000000000044,
  "mae_validation": 5.8163495343623,
  "matrice_de_transition": [
    [
      0.346036318680151,
      2.9346667746208333e-05,
      0.00010635419397466175,
      0.018785499235109172,
      6.862006470365254e-05,
      0.0004177556594784643,
      0.1514654672098489,
      0.08547071454107598,
      0.08836769699666332,
      0.06840335553973285,
      0.000168344535060297,
      0.127075624589158,
      0.00024799668165376333,
      0.00040314229221290605,
      7.550953177703728e-05,
      0.037977685376128396,
      0.07473334234798662,
      6.350274166877761e-05,
      0.00010372311586999838
    ],
    [
      7.162572941446461e-05,
      0.6830085413546431,
      2.4574882687590252e-05,
      0.00013024282776180325,
      0.0004294705877585052,
      8.536573410963863e-05,
      0.06100366580152586,
      0.0036222533512750713,
      0.05539367498888214,
      0.015573282146272157,
      2.849047722255393e-05,
      0.04471961838021127,
      0.004756123783804298,
      1.8084111591336947e-06,
      0.029944605532401598,
      0.03952282234267468,
      0.04329773269088375,
      0.006209499724412619,
      0.01217660125289999
    ],
    [
      0.0002312883523638823,
      0.00019732814702429655,
      0.5128989082632288,
      0.011449344096235116,
      0.03541447373052026,
      0.0058467180595956495,
      0.08205555394234604,
      0.17693955823108132,
      0.023340043352357502,
      0.006436957582558463,
      6.888782764819062e-05,
      0.06680885779789593,
      0.00022368947326462763,
      0.0003352096551333069,
      0.00020473550966042272,
      0.020601780357496737,
      0.05688764188048245,
      8.692460980778964e-06,
      5.033128012627523e-05
    ],
    [
      0.0002260880270948502,
      0.00017304189771155757,
      0.0002554331693132789,
      0.29142464006274243,
      0.00012393139886590596,
      0.000318293712581062,
      0.1379768471569396,
      0.09725350991714124,
      0.11390541601599338,
      0.09948885155778221,
      0.0003273300373724245,
      0.12892347062115647,
      0.03620267059157977,
      0.0003801245174413663,
      0.014097086824487843,
      0.060558482252639365,
      0.018001924988937688,
      0.0002190837609313568,
      0.0001437734892882361
    ],
    [
      7.14066204837706e-05,
      0.000556036532459795,
      0.00010468431103571617,
      0.00027365738436797897,
      0.5485720492505898,
      0.00016683311510126163,
      0.10733773375472994,
      0.04363536622672103,
      0.08075520907130311,
      0.05001623722917085,
      2.6012744954544396e-05,
      0.04776337988533008,
      0.00015478536013071724,
      3.3000716977284755e-05,
      4.5425362705561955e-06,
      0.00010885860832345393,
      0.026076248089602308,
      0.04542825902258617,
      0.048915699539861794
    ],
    [
      0.00018671632225111614,
      7.670097445494671e-05,
      0.0003399050752172048,
      0.0001450963170702008,
      0.00013166289944062354,
      0.5757473912550259,
      0.07595413220228824,
      0.004113746479270528,
      0.03855991551056615,
      0.06950232497950933,
      0.00016192759056778488,
      0.08835774243446573,
      0.0003440438129824696,
      0.0004520893438718635,
      0.024930367913455168,
      0.035277912639756236,
      0.055950667586465996,
      0.013365656210778391,
      0.016402000452562047
    ],
    [
      0.00016929150138582743,
      8.003916317474892e-05,
      0.000427554290276136,
      7.52078391834018e-05,
      0.013249162730918154,
      0.0003611430438679627,
      0.5622706758208769,
      0.0278329817838292,
      0.03272984118114055,
      0.08346105052553386,
      0.006688233924812609,
      0.09611158639942569,
      0.06718007494274653,
      0.00011291800789725878,
      0.015233593079891968,
      0.07009896682284301,
      0.023499773617245097,
      0.00026633534325408843,
      0.0001515699816971626
    ],
    [
      0.00011517734660854494,
      0.00023087252526906598,
      0.00042924556061444357,
      0.0019228092234115195,
      0.00022955478092124445,
      0.00020792586985588722,
      0.007775434132673892,
      0.7845662930402973,
      0.0010809637315528922,
      0.02584576968970362,
      0.0006183228633019147,
      0.037577252138791914,
      0.017481345269304335,
      0.005609112564377817,
      0.02084699707396762,
      0.026335894374164545,
      0.0496814741781529,
      0.00029914167199012517,
      0.019146413965040195
    ],
    [
      5.129287261261055e-05,
      0.00010668068094127035,
      0.00017149292990025421,
      0.00022479316720898718,
      0.0003921499298376509,
      7.062919406235019e-05,
      0.12453641511165797,
      0.04200419607299946,
      0.5422292578260608,
      0.08834970026275117,
      1.5563541036644766e-05,
      0.07964668201648016,
      0.045282708090731386,
      0.00014886940111594684,
      0.00021752612341743974,
      0.0401180704944146,
      0.025899728744483375,
      0.0003080156573086636,
      0.01022622788297928
    ],
    [
      0.0072276872995628615,
      7.191806445170169e-05,
      8.481181943301147e-05,
      0.016708986444032892,
      0.00010095383355489632,
      0.00045920597767359347,
      0.08862738529474642,
      0.0408834330480398,
      0.011885235380103762,
      0.6149734483953272,
      0.0003472281601264687,
      0.06360077265685686,
      0.005394758649330938,
      0.006625129712043242,
      0.0005756854058329798,
      0.03361825920507104,
      0.10863666302850994,
      0.00014736489496173464,
      3.107273034055833e-05
    ],
    [
      0.022699773748834293,
      6.334607772320206e-05,
      0.00011003611192764576,
      0.01706453055128998,
      0.035223445102735576,
      0.00011630408080057862,
      0.039049667024108614,
      0.13128042385365754,
      8.966011626448515e-05,
      0.00012105091232162371,
      0.5803156717616844,
      0.0865824722941829,
      5.793817997922355e-05,
      0.000311484316915764,
      9.662616998127583e-05,
      0.06259622760042852,
      0.024164022271166846,
      1.2466525570719897e-05,
      4.485330042696432e-05
    ],
    [
      0.00043724952797894476,
      1.4187872185491038e-06,
      0.00029128387656901386,
      0.0002146232780235324,
      4.782123537181719e-05,
      4.1142419635799796e-05,
      0.06975019829617007,
      0.09064984633228128,
      0.07499262983963376,
      0.07705563601521602,
      0.0004497408762823612,
      0.5590406587207083,
      0.03842689390394931,
      0.00030684480544569085,
      0.00019581553618221726,
      0.027978155321428146,
      0.0540138791158215,
      0.0060790378403510845,
      2.7124271732821638e-05
    ],
    [
      0.0004021073177504127,
      0.0002007034087569467,
      0.0003618447581417828,
      3.2975052515885785e-06,
      0.0002942196544055761,
      0.00015752372472674334,
      0.08891736922371364,
      0.06588111195962874,
      0.08050094967891397,
      0.065327052755941,
      0.00039883355819447444,
      0.07064422665265996,
      0.6055634364316289,
      0.0005132049623151643,
      0.0002698953380693932,
      0.015299678422720703,
      0.003103012103632763,
      0.0021365623935810894,
      2.497014996730652e-05
    ],
    [
      0.00017499123419083376,
      3.738469193803558e-05,
      0.00010637668533268897,
      0.00039714147331500156,
      0.007534903679256182,
      0.010557498088240884,
      0.07189277147457258,
      0.03526144949188919,
      0.025206539087835007,
      0.02190776259755651,
      7.543391545189245e-05,
      0.048443669986745395,
      0.00017804929225424923,
      0.6988581692778091,
      0.019231714065746978,
      0.03660143477760302,
      0.023486101917794537,
      2.9524389795134566e-05,
      1.908387267271869e-05
    ],
    [
      0.0003088571618111627,
      1.559461406558195e-05,
      0.00012876904425607435,
      0.0005054881481961355,
      0.00025705054228570147,
      0.00040775689360801317,
      0.16040994005853532,
      0.07635935975378463,
      0.06684229780311572,
      0.10951340155127703,
      0.00019144262273613198,
      0.1391283747728273,
      0.02822458780655189,
      0.0004625749136011373,
      0.3433209293755031,
      0.05947592028821034,
      0.014149153136676166,
      0.000185727397820677,
      0.00011277411513801852
    ],
    [
      0.00015082981579127012,
      0.00041426246873101216,
      0.00022523357879494096,
      0.0002012022795462006,
      0.009622345149143584,
      7.487808463837182e-05,
      0.05908998816624507,
      0.04508346482029257,
      0.07049031771841768,
      0.06596728803488612,
      0.00010944157797038927,
      0.10179571469121748,
      0.10663718160511652,
      6.07803920260153e-05,
      0.0012404416096877804,
      0.5181597588218507,
      0.008813053226920472,
      0.000566138158977629,
      0.011297679799746295
    ],
    [
      9.367006163064742e-05,
      0.036598767883790156,
      0.00011182425616121853,
      0.004125213465514039,
      5.880468133741875e-05,
      0.00010934040393620197,
      0.064349844662143,
      0.07703873926947027,
      0.017689074538590314,
      0.0002133546044510408,
      0.00016161820975644714,
      0.05038787100875262,
      0.0303855001460922,
      0.01117042565288338,
      0.00015677772486497415,
      0.05687464474223276,
      0.5778703526190906,
      5.380986302626272e-05,
      0.0725503662062766
    ],
    [
      9.789208455284677e-05,
      9.557705397376751e-05,
      6.326237425879379e-05,
      0.00012730385498334044,
      0.0009434534576908064,
      0.00026395534997610193,
      0.10676382207465125,
      0.007012508531255947,
      0.06560397967079927,
      0.0648936063700073,
      9.401523060765136e-05,
      0.06145264715735329,
      0.0002095975638486113,
      5.245667166527043e-05,
      0.0013234425323049059,
      0.037727203677211586,
      0.033575831414479874,
      0.5530843302463475,
      0.06661511468403185
    ],
    [
      3.38699804725506e-05,
      0.007807036738553883,
      4.5583165906756846e-05,
      3.772764327158044e-05,
      0.0005674723652931487,
      0.00011698476873783582,
      0.08595107849339412,
      0.01901803770599795,
      0.04228010886411474,
      0.03115131617478544,
      5.07604820153831e-05,
      0.054774615872894714,
      6.079268396148853e-06,
      4.72798329378343e-06,
      0.022772239694303083,
      0.018613472189963867,
      0.07529844161472866,
      0.011889712235274267,
      0.6295807347586021
    ]
  ]
}