{
  "poids_LS": 0.6,
  "poids_EM": 0.4,
  "mae_validation": 6.847498596522535,
  "matrice_de_transition": [
    [
      0.26270499951000237,
      0.002347733419696665,
      0.008508335517972932,
      0.053641826646902646,
      0.0054896051762921986,
      0.03342045275827712,
      0.10741351077988726,
      0.06321614542516371,
      0.069165494155704,
      0.0572915365533796,
      0.01346756280482375,
      0.15580686154827023,
      0.019839734532301048,
      0.032251383377032455,
      0.006040762542162977,
      0.04219236671385045,
      0.05382361993517863,
      0.005080219333502205,
      0.008297849269599865
    ],
    [
      0.005730058353157165,
      0.5643802199878805,
      0.0019659906150072187,
      0.010419426220944251,
      0.034357647020680386,
      0.006829258728771085,
      0.045167727449637714,
      0.015978962793463034,
      0.05761819230785433,
      0.014011416209384365,
      0.0022792381778043123,
      0.028148082993749057,
      0.01035742555953879,
      0.00014467289273069545,
      0.029237725797026295,
      0.056129488954973675,
      0.06817329312596379,
      0.010778626554854287,
      0.03829254625657921
    ],
    [
      0.01850306818911057,
      0.01578625176194371,
      0.3792112416227336,
      0.017621652298796295,
      0.027285967141556938,
      0.014035191946997481,
      0.06550479157895933,
      0.1722313437442733,
      0.015001659166984344,
      0.024858151717685475,
      0.005511026211855244,
      0.09257959038191588,
      0.017895157861170196,
      0.026816772410664533,
      0.016378840772833803,
      0.02491639094929146,
      0.06114100295466347,
      0.0006953968784623165,
      0.004026502410102015
    ],
    [
      0.018087042167588,
      0.013843351816924594,
      0.020434653545062298,
      0.21090228569779934,
      0.009914511909272469,
      0.02546349700648494,
      0.09493939636327779,
      0.06009506425062497,
      0.08465080206399372,
      0.08351645764399523,
      0.02618640298979394,
      0.10064804026022908,
      0.05307307803349152,
      0.030409961395309278,
      0.054724951886990114,
      0.05904832569724089,
      0.025033597254354525,
      0.017526700874508527,
      0.011501879143058877
    ],
    [
      0.005712529638701644,
      0.04448292259678357,
      0.008374744882857287,
      0.0218925907494383,
      0.42277898747366593,
      0.01334664920810092,
      0.07763164277604931,
      0.03553522569620903,
      0.09613789495358288,
      0.032752553113125686,
      0.00208101959636355,
      0.030776618361592484,
      0.012382828810457368,
      0.002640057358182778,
      0.0003634029016444953,
      0.008708688665876306,
      0.034464019305348266,
      0.0671991147443322,
      0.08273850916768807
    ],
    [
      0.014937305780089278,
      0.006136077956395732,
      0.02719240601737636,
      0.011607705365616054,
      0.010533031955249874,
      0.3964558249975335,
      0.046866707918158,
      0.012221511689672553,
      0.03954404182381101,
      0.06122820784092284,
      0.012954207245422782,
      0.08691003618224523,
      0.027523505038597542,
      0.03616714750974905,
      0.04414770078634443,
      0.05066520030434994,
      0.0571717226397295,
      0.04203376499955996,
      0.01570389394917634
    ],
    [
      0.013543320110866184,
      0.006403133053979908,
      0.03420434322209085,
      0.00601662713467214,
      0.020704252113761024,
      0.028891443509436995,
      0.3416242193917758,
      0.03988946306396317,
      0.05023274709988674,
      0.051578218516608196,
      0.042038434432367704,
      0.0725422692288007,
      0.07794692577191821,
      0.009033440631780694,
      0.05069726820781178,
      0.08522634494467193,
      0.035995123569507924,
      0.021306827460327055,
      0.012125598535772998
    ],
    [
      0.009214187728683588,
      0.01846980202152526,
      0.03433964484915546,
      0.019070247137029425,
      0.01836438247369954,
      0.016634069588470964,
      0.01719315302619707,
      0.5235955487527952,
      0.004972156465608602,
      0.0381511784844869,
      0.04946582906415314,
      0.05850964028741233,
      0.01348803351402297,
      0.029708335451381598,
      0.013366786273086816,
      0.04015556846980568,
      0.038961967294540906,
      0.023931333759209993,
      0.032408135358734456
    ],
    [
      0.00410342980900884,
      0.00853445447530162,
      0.013719434392020325,
      0.017983453376718958,
      0.03137199438701204,
      0.005650335524988011,
      0.08644782920750782,
      0.038616045751061756,
      0.4206666770833615,
      0.06604867368390137,
      0.0012450832829315802,
      0.04993154261414925,
      0.0657931156533964,
      0.011909552089275736,
      0.017402089873395164,
      0.0478146928796689,
      0.04638826098724122,
      0.024641252584693064,
      0.04173208234436647
    ],
    [
      0.011713294498593391,
      0.00575344515613613,
      0.006784945554640912,
      0.015087567540310955,
      0.0080763066843917,
      0.036736478213887445,
      0.07214667493910933,
      0.06008188786116969,
      0.025328761645269527,
      0.448359278225676,
      0.027778252810117473,
      0.06117454208826656,
      0.03532187498896663,
      0.006028681053405734,
      0.04605483246663835,
      0.04348393341686135,
      0.07581423283237534,
      0.011789191596938762,
      0.0024858184272446644
    ],
    [
      0.02135036233870681,
      0.00506768621785616,
      0.008802888954211654,
      0.03264676392844688,
      0.022594270930693706,
      0.00930432646404628,
      0.03872704441205846,
      0.11538538391453915,
      0.007172809301158806,
      0.009684072985729889,
      0.5241503100952487,
      0.10422836794693628,
      0.00463505439833788,
      0.024918745353261097,
      0.00773009359850206,
      0.041883365810648464,
      0.017132867269803113,
      0.000997322045657591,
      0.0035882640341571427
    ],
    [
      0.03497996223831555,
      0.0001135029774839282,
      0.023302710125521087,
      0.017169862241882574,
      0.003825698829745372,
      0.0032913935708639807,
      0.06173450126272936,
      0.06363646790453231,
      0.0459045783590865,
      0.07125699943773717,
      0.03597927010258886,
      0.47680629110504713,
      0.05376692867050764,
      0.02454758443565525,
      0.015665242894577366,
      0.024807693204368795,
      0.03512446453220815,
      0.005916906368523354,
      0.0021699417386257295
    ],
    [
      0.03216858542003299,
      0.016056272700555724,
      0.0289475806513426,
      0.0002638004201270861,
      0.023537572352446065,
      0.012601897978139457,
      0.08259268723501069,
      0.050911109884212234,
      0.09666335960968155,
      0.04779064117779539,
      0.031906684655557925,
      0.05338060714090446,
      0.41246340081748906,
      0.0410563969852131,
      0.02159162704555144,
      0.026297217833956874,
      0.006717197893893076,
      0.013055748200705913,
      0.00199761199738452
    ],
    [
      0.013999298735266688,
      0.002990775355042844,
      0.00851013482661511,
      0.018162231138146502,
      0.008033265059636308,
      0.018228511515598664,
      0.05045752180930577,
      0.035188882217362244,
      0.022399326264040974,
      0.024839230887015878,
      0.0060347132361513916,
      0.04621318170517191,
      0.014243943380339928,
      0.6645389122228018,
      0.019256804948969315,
      0.02740599056666576,
      0.015608615134440553,
      0.002361951183610763,
      0.0015267098138174939
    ],
    [
      0.024708572944892995,
      0.001247569125246555,
      0.010301523540485939,
      0.04043905185569081,
      0.0205640433828561,
      0.03262055148864103,
      0.11532320527316346,
      0.06691222862872606,
      0.050329772857681226,
      0.09647384391997281,
      0.015315409818890544,
      0.10827149984581294,
      0.045599245640074566,
      0.03700599308809095,
      0.2544155677351754,
      0.044354995045265064,
      0.012236804772638022,
      0.014858191825654147,
      0.009021929211041474
    ],
    [
      0.0120663852633016,
      0.03314099749848095,
      0.018018686303595263,
      0.016096182363696036,
      0.03482116732820524,
      0.0059902467710697405,
      0.04654051203378834,
      0.032176982285591536,
      0.08216207925003124,
      0.05842215366339766,
      0.008755326237631134,
      0.07210262526393911,
      0.09755614026532049,
      0.0048624313620812196,
      0.0074708770291674245,
      0.3599583389234111,
      0.02290198275434622,
      0.04529105271821029,
      0.041665832684735386
    ],
    [
      0.007493604930451788,
      0.06153622756716798,
      0.008945940492897476,
      0.007062822785636221,
      0.0047043745069934965,
      0.00874723231489615,
      0.054255330657463414,
      0.057012644764996026,
      0.0375996252011149,
      0.01706836835608325,
      0.012929456780515762,
      0.03360228707368705,
      0.023381869049749406,
      0.016787153405080135,
      0.012542217989197921,
      0.07963922820349775,
      0.4562756820706709,
      0.0043047890421010135,
      0.09611114480779945
    ],
    [
      0.007831366764227734,
      0.007646164317901394,
      0.0050609899407035,
      0.010184308398667227,
      0.07547627661526446,
      0.021116427998088137,
      0.07258778393012086,
      0.011960637945466687,
      0.10349328614463657,
      0.05029948589265086,
      0.007521218448612102,
      0.042493903019265374,
      0.01676780510788889,
      0.004196533733221631,
      0.012505980100869505,
      0.045514484144267967,
      0.07389615136373437,
      0.35884367752262986,
      0.07260351861178278
    ],
    [
      0.0027095984378040453,
      0.0781020166941735,
      0.003646653272540545,
      0.003018211461726433,
      0.045397789223451855,
      0.009358781499026856,
      0.05892205768802352,
      0.012581193999189503,
      0.03364852103040299,
      0.023988504520329412,
      0.004060838561230645,
      0.0369424807370339,
      0.0004863414716919078,
      0.0003782386635026741,
      0.021428091156462065,
      0.044219826654709506,
      0.0947763781481321,
      0.05435982685848165,
      0.4719746499220868
    ]
  ]
}