{
  "poids_LS": 0.34,
  "poids_EM": 0.6599999999999999,
  "mae_validation": 7.552557877672851,
  "matrice_de_transition": [
    [
      0.20785400461319564,
      0.003873760142499496,
      0.014038753604655337,
      0.07658523203188061,
      0.009057848540882126,
      0.05514374705115723,
      0.07841728629434289,
      0.048567568285575874,
      0.05652606950089534,
      0.04997742785350152,
      0.022221478627959184,
      0.1747185618251542,
      0.032735561978296725,
      0.05321478257210355,
      0.00996725819456891,
      0.0449665873412118,
      0.04006025834700123,
      0.008382361900278636,
      0.013691451294839773
    ],
    [
      0.00945459628270932,
      0.48629575529077085,
      0.00324388451476191,
      0.01719205326455801,
      0.05669011758412263,
      0.011268276902472289,
      0.03474407182561008,
      0.024112493059207003,
      0.059082431555785395,
      0.012983352554724045,
      0.003760742993377115,
      0.017240236916584058,
      0.0140443583739463,
      0.00023871027300564746,
      0.02877243786994381,
      0.06706045938332239,
      0.08454707974145949,
      0.013786153076157664,
      0.05548278853748198
    ],
    [
      0.030530062512032434,
      0.026047315407207117,
      0.2912142964922811,
      0.02168443744478593,
      0.02193555774122665,
      0.019425073493135395,
      0.05461061888407188,
      0.1691322658542224,
      0.009513102488004544,
      0.03698349469270579,
      0.00909319324956115,
      0.10954260423468848,
      0.029527010470930818,
      0.04424767447759647,
      0.02702508727517577,
      0.027756387794523434,
      0.06394068366171934,
      0.001147404849462822,
      0.006643728976668323
    ],
    [
      0.029843619576520194,
      0.022841530497925575,
      0.03371717834935278,
      0.15790022966011527,
      0.01635894465029957,
      0.04201477006070014,
      0.06661094773960165,
      0.03563634052076617,
      0.06539460047533573,
      0.07300298316909747,
      0.04320756493315999,
      0.08203636457961866,
      0.06417765002057266,
      0.0501764363022603,
      0.08146734408002956,
      0.058054298597484934,
      0.0296620397581732,
      0.028919056442939066,
      0.018978100586047146
    ],
    [
      0.00942567390385771,
      0.07339682228469287,
      0.013818329056714521,
      0.03612277473657319,
      0.33997849111417183,
      0.022021971193366515,
      0.058078266435651935,
      0.030203487625492274,
      0.10626320717989361,
      0.021389115467121272,
      0.003433682333999857,
      0.019595458877613305,
      0.020431667537254655,
      0.004356094641001583,
      0.0005996147877134172,
      0.014369336298695903,
      0.03998508390305446,
      0.08152929825738021,
      0.1050016243657509
    ],
    [
      0.024646554537147303,
      0.010124528628052956,
      0.04486746992867099,
      0.019152713853266484,
      0.017379502726162288,
      0.2784411231571588,
      0.027720555224806463,
      0.01755826853702578,
      0.040191821169237994,
      0.05578195352185325,
      0.021374441954947584,
      0.08595711561116337,
      0.04541378331368594,
      0.059675793391085925,
      0.05679708444951205,
      0.06079354155193059,
      0.05797545507985231,
      0.06090391255673264,
      0.015244380807707267
    ],
    [
      0.0223464781829292,
      0.010565169539066846,
      0.0564371663164499,
      0.009927434772209028,
      0.02561139955563228,
      0.04767088179057103,
      0.19638857718527897,
      0.047825374792658935,
      0.061753647198301946,
      0.030592050611998902,
      0.06530692084240396,
      0.05702828830636399,
      0.0850339668240312,
      0.014905177042438144,
      0.0740404467730248,
      0.09518360649321755,
      0.04421991087985813,
      0.035156265309539636,
      0.020007237584025443
    ],
    [
      0.015203409752327916,
      0.030475173335516678,
      0.05666041400110649,
      0.030357168295360188,
      0.030301231081604235,
      0.027446214820977085,
      0.023392157867503465,
      0.351817337323047,
      0.0075334478854933735,
      0.0462509412354835,
      0.08161861795585267,
      0.07228792109409919,
      0.010859524510546628,
      0.045571115073206866,
      0.008443103214279199,
      0.04925206281124036,
      0.031906089345834276,
      0.039486700702696484,
      0.04113736969382434
    ],
    [
      0.006770659184864586,
      0.01408184988424767,
      0.022637066746833533,
      0.029672698071586276,
      0.05176379073856986,
      0.009323053616230216,
      0.06137686127059887,
      0.0363858708556091,
      0.3406508011514582,
      0.051369516948455915,
      0.002054387416837107,
      0.03037221034932384,
      0.07929363708704931,
      0.019650760947304963,
      0.028713448291102017,
      0.05288082406996286,
      0.05987438347614511,
      0.040658066764743546,
      0.062470113129077014
    ],
    [
      0.014665846072638804,
      0.009493184507624612,
      0.011195160165157503,
      0.01402030446444335,
      0.013325906029246302,
      0.06061518905291428,
      0.061298612426538064,
      0.07271884545968557,
      0.03417766500968243,
      0.3386891915317284,
      0.045834117136693824,
      0.05957752956210585,
      0.05502073637708124,
      0.005636081936327881,
      0.07599047356995327,
      0.04997779492335624,
      0.05420959523491965,
      0.019452166134948955,
      0.004101600404953696
    ],
    [
      0.0204621421700153,
      0.008361682259462664,
      0.014524766774449227,
      0.042903423872904585,
      0.014281396792134502,
      0.01535213866567636,
      0.038514685224379876,
      0.10492282597992958,
      0.011835135346912029,
      0.015978720426454315,
      0.48718070494772137,
      0.1158433878702676,
      0.007647839757257501,
      0.0411159298328808,
      0.012754654437528396,
      0.02824958336674261,
      0.012504765243589015,
      0.0016455813753350247,
      0.005920635656359284
    ],
    [
      0.05771693769322065,
      0.0001872799128484815,
      0.038449471707109786,
      0.028330272699106245,
      0.006312403069079863,
      0.0054307993919255676,
      0.056458346253375986,
      0.04585550995208996,
      0.02675801282758704,
      0.06744017536142197,
      0.059365795669271616,
      0.4226773402694221,
      0.06386416674469794,
      0.04050351431883115,
      0.025847650776052652,
      0.022720806747570238,
      0.022690925818943657,
      0.005810186918712696,
      0.003580403868732453
    ],
    [
      0.05307816594305442,
      0.02649284995591694,
      0.04776350807471528,
      0.00043527069320969193,
      0.038836994381536004,
      0.0207931316639301,
      0.07842960541966193,
      0.04105743763203933,
      0.1073019079185412,
      0.03624768672129449,
      0.05264602968167057,
      0.042017212019242606,
      0.285359579906916,
      0.06774305502560161,
      0.03562618462515987,
      0.033536104535023724,
      0.009096155629254293,
      0.020243060377547566,
      0.0032960597956844576
    ],
    [
      0.023098842913190032,
      0.004934779335820692,
      0.014041722463914929,
      0.029855707879554574,
      0.008361300398620692,
      0.023277786176644284,
      0.036348243548623815,
      0.0351411164164078,
      0.020551540607872752,
      0.026768804950963815,
      0.009957276839649795,
      0.04474501220337671,
      0.023502506577560877,
      0.6419490215030501,
      0.019273320467039716,
      0.021353293111365287,
      0.0104234339605873,
      0.0038972194529577585,
      0.0025190711927988644
    ],
    [
      0.04076914535907344,
      0.0020584890566568152,
      0.016997513841801794,
      0.06672443556188982,
      0.03393067158171256,
      0.05382390995625769,
      0.08564586085747566,
      0.06069386383754827,
      0.0394607690961294,
      0.087890843960127,
      0.025270426201169392,
      0.08796064546347437,
      0.05703572927733,
      0.06105988859535006,
      0.19589558285799766,
      0.034401980961301086,
      0.010978043824157218,
      0.024516016512329337,
      0.01488618319821843
    ],
    [
      0.019909535684447636,
      0.05468264587249355,
      0.029730832400932175,
      0.026558700900098455,
      0.051407733825815434,
      0.00988390717226507,
      0.03828009736432315,
      0.023681576060218708,
      0.08984475772653637,
      0.05345573610241791,
      0.014446288292091368,
      0.05255780690674322,
      0.09157874596570789,
      0.00802301174743401,
      0.011571923128065414,
      0.25582575873709656,
      0.03217570851923404,
      0.07473023698504697,
      0.061654996609032
    ],
    [
      0.012364448135245447,
      0.07795075799166983,
      0.014760801813280832,
      0.008996439046982468,
      0.007762217936539267,
      0.014432933319578645,
      0.04761084042653507,
      0.04383091167344336,
      0.050705304118219684,
      0.02816280778753736,
      0.021333603687851,
      0.022553548280985665,
      0.018771884024308575,
      0.020484240026779264,
      0.020694659682176566,
      0.09462351098812788,
      0.37623868373500224,
      0.007102901919466671,
      0.11161950540627016
    ],
    [
      0.01292175516097576,
      0.012616171124537298,
      0.008350633402160771,
      0.016804108857800922,
      0.12453585641518633,
      0.03484210619684542,
      0.050092163885619836,
      0.015217634521909197,
      0.12843308281095983,
      0.040693229375909926,
      0.012410010440209967,
      0.030014729662549283,
      0.027666878428016663,
      0.006924280659815689,
      0.01986663774093734,
      0.05064028900865951,
      0.10043610879868668,
      0.23098907066651198,
      0.07654525284270744
    ],
    [
      0.0044708374223766745,
      0.12437213008268264,
      0.006016977899691898,
      0.004980048911848613,
      0.07490635221869554,
      0.015441989473394311,
      0.041130803487020084,
      0.008344284217492805,
      0.027966969544921852,
      0.019273742418662157,
      0.006700383626030562,
      0.02520487279950526,
      0.0008024634282916477,
      0.0006240937947794121,
      0.02054333515687051,
      0.061074642251757266,
      0.10759729839796725,
      0.08231483901552952,
      0.3682339358524819
    ]
  ]
}