{
  "poids_LS": 0.8875,
  "poids_EM": 0.11250000000000004,
  "mae_validation": 6.090641843487843,
  "matrice_de_transition": [
    [
      0.3233575419439713,
      0.0006603000242896872,
      0.002392969364429888,
      0.028271714923128917,
      0.0015439514558321815,
      0.009399502338265442,
      0.13947664362447962,
      0.07941409130066947,
      0.08314178103361743,
      0.06537925290420633,
      0.003787752038856681,
      0.13489488528056195,
      0.005579925337209672,
      0.009070701574790382,
      0.0016989644649833377,
      0.03912471890474896,
      0.06904272169133634,
      0.0014288116875474956,
      0.0023337701070749624
    ],
    [
      0.001611578911825453,
      0.6507236184510304,
      0.0005529348604707804,
      0.0029304636246405714,
      0.009663088224566362,
      0.0019207290174668682,
      0.05669388511082212,
      0.006985155288073062,
      0.055999081601007486,
      0.015148217365979908,
      0.0006410357375074631,
      0.04020964355984496,
      0.006280528697453559,
      4.068925108050811e-05,
      0.029752226870242496,
      0.04404235819285732,
      0.05006766369536757,
      0.007452996266874592,
      0.019284105272888638
    ],
    [
      0.005203987928187349,
      0.00443988330804667,
      0.4765155559496763,
      0.013129149493134679,
      0.033202285228460617,
      0.008075226775787288,
      0.07755123253965218,
      0.17565820871884874,
      0.021070736263933163,
      0.011450320543384171,
      0.001549976122084288,
      0.07382241160240768,
      0.005033013148454119,
      0.007542217240499402,
      0.004606548967359509,
      0.021776009822352265,
      0.05804520217282284,
      0.00019558037206752658,
      0.001132453802841192
    ],
    [
      0.005086980609634127,
      0.003893442698510043,
      0.005747246309548773,
      0.2695103284317769,
      0.0027884564744828826,
      0.007161608533073891,
      0.1262641232067658,
      0.08714076837498808,
      0.10594371728222132,
      0.09514193422681487,
      0.007364925840879548,
      0.12122825856090408,
      0.04079398400931524,
      0.008552801642430738,
      0.02515403744276378,
      0.06014749027870181,
      0.019915607947247334,
      0.004929384620955525,
      0.0032349035089853104
    ],
    [
      0.0016066489608848379,
      0.012510821980345383,
      0.0023553969983036126,
      0.006157291148279524,
      0.5143372286404143,
      0.003753745089778385,
      0.09925316469091178,
      0.04143089760132852,
      0.08494163624179697,
      0.045317892817842105,
      0.0005852867614772486,
      0.04314040048330023,
      0.003482670602941136,
      0.0007425161319889066,
      0.00010220706608751435,
      0.002449318687277712,
      0.028358995952115447,
      0.05135323874432718,
      0.05812064140059933
    ],
    [
      0.004201117250650111,
      0.0017257719252363002,
      0.0076478641923871035,
      0.0032646671340795163,
      0.002962415237414028,
      0.5269528510710247,
      0.06803793445407558,
      0.006320290175772346,
      0.03882774735531,
      0.06725050828989403,
      0.0036433707877751584,
      0.08796374642911459,
      0.007740985792105561,
      0.010172010237116924,
      0.030160401543418702,
      0.0394655921940444,
      0.05628298003767062,
      0.021167736450763253,
      0.01621200944214695
    ],
    [
      0.0038090587811811156,
      0.0018008811714318497,
      0.009619971531213056,
      0.00169217638162654,
      0.015278079461691848,
      0.008125718487029157,
      0.502221323754729,
      0.031114176056270725,
      0.037493290260292994,
      0.07478407725728194,
      0.016308858113577608,
      0.08969715197957205,
      0.07011029383929325,
      0.0025406551776883213,
      0.024885099602047364,
      0.0742159115015686,
      0.026900406832101438,
      0.005992545223216987,
      0.003410324588186157
    ],
    [
      0.00259149029869226,
      0.0051946318185539814,
      0.009658025113824974,
      0.006589517010029052,
      0.005164982570727997,
      0.00467833207175746,
      0.010338484211290959,
      0.7135426094683822,
      0.0021399592224667884,
      0.02919471005790414,
      0.013912264424293073,
      0.04327404131847975,
      0.016394557892867003,
      0.01216776183109404,
      0.018811243501576008,
      0.03009694491918081,
      0.04676414002628381,
      0.006730687619777812,
      0.022755616622817748
    ],
    [
      0.001154089633783737,
      0.0024003153211785816,
      0.0038585909227557176,
      0.005057846262202209,
      0.00882337342134714,
      0.0015891568664028785,
      0.1141705341377437,
      0.0410821045296873,
      0.5091457706619085,
      0.08228043353559585,
      0.0003501796733245071,
      0.07155965040698505,
      0.0508646544527225,
      0.0033495615251088024,
      0.004894337776892392,
      0.042212720890401526,
      0.03147572169662633,
      0.006930352289444927,
      0.018800605995888453
    ],
    [
      0.008448453815754715,
      0.0016181564501632872,
      0.001908265937242757,
      0.016267714210741475,
      0.002271461254985166,
      0.010332134497655849,
      0.08414212867897176,
      0.046108328978195404,
      0.015543916578851407,
      0.5696290856276373,
      0.007812633602845542,
      0.0629404694008481,
      0.013539480184801413,
      0.006462805077097591,
      0.01295292163124204,
      0.036303221174102576,
      0.0997039763295619,
      0.0033157101366390277,
      0.0006991364326625621
    ],
    [
      0.022332528871394537,
      0.0014252867487720455,
      0.0024758125183720284,
      0.0213052649514023,
      0.03178639137236975,
      0.0026168418180130175,
      0.03896186466766458,
      0.12695455855377089,
      0.002017352615950915,
      0.002723645527236532,
      0.5650301619410721,
      0.09138483630094489,
      0.0013036090495325292,
      0.007008397130604686,
      0.002174088824578705,
      0.05695918293612129,
      0.0222504800872514,
      0.00028049682534119755,
      0.0010091992596066967
    ],
    [
      0.009838114379526253,
      3.192271241735482e-05,
      0.006553887222802808,
      0.004829023755529476,
      0.0010759777958658863,
      0.0009257044418054949,
      0.06756871112884127,
      0.08329810410194453,
      0.06707626139872531,
      0.07547752606058569,
      0.010119169716353122,
      0.5366604194329018,
      0.042601713492316444,
      0.006904008122528041,
      0.0044058495640998865,
      0.02711530803640566,
      0.04887308907091406,
      0.006034913452448601,
      0.0006102961139884866
    ],
    [
      0.009047414649384281,
      0.004515826697031299,
      0.008141507058190108,
      7.419386816074297e-05,
      0.006619942224125459,
      0.0035442838063517233,
      0.08719609501159828,
      0.06180699747074957,
      0.08489958022969248,
      0.06055448504796466,
      0.008973755059375671,
      0.0659458998235113,
      0.5530108950936035,
      0.011547111652091189,
      0.006072645106561344,
      0.018292679654892573,
      0.004086619628830191,
      0.00510823954362139,
      0.0005618283742643965
    ],
    [
      0.003937302769293757,
      0.0008411555686058001,
      0.0023934754199855003,
      0.005231944356781804,
      0.007670533675182418,
      0.01264517895771167,
      0.06605912757832909,
      0.035241700170340715,
      0.02444255078768853,
      0.022705567258611906,
      0.0016972630976675794,
      0.04783663836581084,
      0.004006109075720606,
      0.6895181183071425,
      0.01923854259725686,
      0.034098877175892245,
      0.021342228932451364,
      0.0006642987703905273,
      0.0004293871351361703
    ],
    [
      0.006949286140751158,
      0.00035087881647559373,
      0.0028973034957616712,
      0.011373483334413043,
      0.005783637201428281,
      0.009174530106180292,
      0.1481394995789721,
      0.07378830508050921,
      0.06234838278632025,
      0.10596466118326386,
      0.004307459011562967,
      0.13073061767243732,
      0.032953133925801736,
      0.010407935556025583,
      0.3191251663974392,
      0.05536073177272524,
      0.013628703898361988,
      0.00417886645096523,
      0.0025374175906054154
    ],
    [
      0.003393670855303576,
      0.00932090554644777,
      0.0050677555228861694,
      0.004527051289789512,
      0.016480252451040116,
      0.001684756904363365,
      0.05567462440867773,
      0.04157094109249418,
      0.07366680978081883,
      0.06391386538948103,
      0.0024624355043337573,
      0.09371468402429993,
      0.10416575896200747,
      0.0013675588205853434,
      0.002936066439039836,
      0.47510494201404746,
      0.012647382148941403,
      0.012738108576996648,
      0.01956243026844586
    ],
    [
      0.002107576386689566,
      0.04338554488622842,
      0.002516045763627416,
      0.004924689419724506,
      0.0013231053300919212,
      0.0024601590885645432,
      0.061602603508970705,
      0.07158859962584754,
      0.02310776870623941,
      0.004800478600148416,
      0.003636409719520059,
      0.045819642469462615,
      0.028479448645188782,
      0.012699028775316675,
      0.0035274988094619168,
      0.06307006935510868,
      0.5447781321533813,
      0.0012107219180909105,
      0.07896247683833661
    ],
    [
      0.0022025719024390514,
      0.002150483714409768,
      0.0014234034208228596,
      0.002864336737125159,
      0.021227702798043136,
      0.005938995374462291,
      0.09746274840240564,
      0.008359151346515832,
      0.07591562636937524,
      0.060921788771739406,
      0.0021153426886721545,
      0.05629298894255721,
      0.004715945186593752,
      0.0011802751124685839,
      0.004366791364256032,
      0.039846526842296545,
      0.044549083046239016,
      0.5002213677962218,
      0.06824487018335647
    ],
    [
      0.000762074560632388,
      0.0269379490049567,
      0.0010256212329020286,
      0.0008488719736105595,
      0.012768128219095839,
      0.0026321572966013043,
      0.07859507916028692,
      0.017266238469334887,
      0.03993100584607927,
      0.02920194338274994,
      0.0011421108453461193,
      0.04992156643718575,
      0.0001367835389133491,
      0.00010637962411012712,
      0.022406427117548883,
      0.025582290177204772,
      0.08059939902571821,
      0.023448034569438305,
      0.5866879395182846
    ]
  ]
}