{
  "poids_LS": 0.6675,
  "poids_EM": 0.3325,
  "mae_validation": 6.667243831917278,
  "matrice_de_transition": [
    [
      0.2769451616466733,
      0.0019515534051228526,
      0.007072553899315001,
      0.0476853656334949,
      0.00456323430279289,
      0.02778075135531785,
      0.1149413767520959,
      0.06701914141332593,
      0.07244688324877933,
      0.05919039169661719,
      0.011194911581509741,
      0.1508970932071561,
      0.016491779329975247,
      0.02680896243215823,
      0.005021383863172975,
      0.0414721363586701,
      0.05739680034749391,
      0.004222932320973708,
      0.006897587205354887
    ],
    [
      0.004763111006061893,
      0.584652148322707,
      0.0016342296987247504,
      0.008661148046159908,
      0.028559794085940574,
      0.005676821318290964,
      0.04787386881356797,
      0.013867373205241038,
      0.057238053272333764,
      0.014278317350498101,
      0.0018946167352998347,
      0.03097992764839766,
      0.0094002410788753,
      0.0001202593420823906,
      0.029358521701172705,
      0.053291640862998535,
      0.06392240621617162,
      0.009997826400285143,
      0.03382969489519099
    ],
    [
      0.01538067543219816,
      0.01312232177711571,
      0.4020566023777549,
      0.016566890770510524,
      0.028675015735873454,
      0.012635895776365522,
      0.06833308641320895,
      0.17303591204265184,
      0.016426572920181022,
      0.021710226137632127,
      0.004581040538604672,
      0.08817573101629221,
      0.014875349972097725,
      0.02229144206636489,
      0.013614911392418098,
      0.024179084076010084,
      0.06041416277110089,
      0.0005780486552218006,
      0.0033470301283972997
    ],
    [
      0.015034853801807526,
      0.011507286197818569,
      0.016986305759333034,
      0.22466243486142887,
      0.008241438024582739,
      0.021166531886640604,
      0.10229389744827062,
      0.0664449252189537,
      0.08965000824566455,
      0.08624591736343984,
      0.02176744748526621,
      0.10547991760038757,
      0.05019016030607622,
      0.025278280409850837,
      0.04778221545225871,
      0.05930639042506215,
      0.023831982373555445,
      0.014569070101935214,
      0.009560937037667692
    ],
    [
      0.004748540262170741,
      0.03697642940857634,
      0.00696150668387512,
      0.018198216060470587,
      0.44427527018238083,
      0.01109440215423389,
      0.08270800009519093,
      0.036919426926106655,
      0.09350920812559836,
      0.035702676348146056,
      0.0017298475394772008,
      0.03367941938147169,
      0.010293226448692688,
      0.0021945476789894344,
      0.00030207866199198673,
      0.007239097453509679,
      0.03303066599632838,
      0.06347877863998319,
      0.07695866195280637
    ],
    [
      0.012416635429699212,
      0.005100614801253952,
      0.022603687501944098,
      0.009648905085168344,
      0.008755582812801458,
      0.42709425720609234,
      0.05183734371354734,
      0.010836007508148155,
      0.03937586833990207,
      0.0626421392506813,
      0.010768184772757686,
      0.08715742902281455,
      0.022878913563334206,
      0.0300639413674789,
      0.04086372618148361,
      0.04803572709584342,
      0.05696306133315915,
      0.03713478438375552,
      0.01582319063013466
    ],
    [
      0.011257884842157515,
      0.005322604351120799,
      0.02843236030336302,
      0.005001321305696216,
      0.01943028114327522,
      0.024016012417219502,
      0.37932962650307783,
      0.03782917828824407,
      0.047241744189721255,
      0.05702655056876638,
      0.03599757738360829,
      0.07656993735289484,
      0.07610702088338886,
      0.007509047525167702,
      0.044637019926458396,
      0.08264128665803029,
      0.03385984224855162,
      0.017711300326396864,
      0.010079403782861306
    ],
    [
      0.007659293549468232,
      0.015353022930392875,
      0.028544829780860474,
      0.016139988759385857,
      0.015265392931262743,
      0.013827070345416487,
      0.01558379600008868,
      0.5681918151816722,
      0.004307205808523134,
      0.036048355462593565,
      0.04111847040957729,
      0.05493258661644555,
      0.014170434889925481,
      0.02559011381879234,
      0.014645050144123409,
      0.037793978592702455,
      0.04079378176199359,
      0.019892921187343305,
      0.03014189182943227
    ],
    [
      0.0034109760287385988,
      0.007094265282594472,
      0.011404279838366895,
      0.014948745619397635,
      0.02607797033420376,
      0.004696841405146284,
      0.09295663819112841,
      0.03919503346430428,
      0.4414400294887595,
      0.06985960860560354,
      0.001034975478936876,
      0.055009446182901996,
      0.062288172588890356,
      0.009899815174210456,
      0.01446548720725973,
      0.04649944728218873,
      0.042887056110314244,
      0.02048304121102611,
      0.03634817050602815
    ],
    [
      0.010946766686100833,
      0.004782551286038158,
      0.005639985992295258,
      0.015364645454238119,
      0.0067134299314006,
      0.03053719751529394,
      0.07496299886064224,
      0.05680113925386268,
      0.023031450194893097,
      0.47683131996352784,
      0.023090672648410148,
      0.061589151109481356,
      0.030207747513206096,
      0.006130605824185561,
      0.038283079487893126,
      0.041798027064213636,
      0.08142312913171479,
      0.009799765514955346,
      0.0020663365676471274
    ],
    [
      0.021580957959424794,
      0.0042125141685929336,
      0.007317401443188437,
      0.029983977212097283,
      0.024752420947435037,
      0.007734221373238472,
      0.03878217612424425,
      0.11810162491679356,
      0.005962397731588257,
      0.00804988566938797,
      0.5337481883547028,
      0.10121293008222526,
      0.0038528889686183627,
      0.020713707074898287,
      0.006425640303754837,
      0.04542290548358556,
      0.018334393757377932,
      0.0008290239504528725,
      0.002982744478393125
    ],
    [
      0.0290770936105998,
      9.434935003351532e-05,
      0.019370377791839404,
      0.01427244798856489,
      0.0031801121522258406,
      0.002735970905780684,
      0.06310427227477303,
      0.06825267814218561,
      0.05087532133361039,
      0.07224790568831899,
      0.029907768272776993,
      0.4908589994950652,
      0.051145530324323625,
      0.020405179562138425,
      0.013021733156117437,
      0.025349481034499192,
      0.03835240246738258,
      0.0059446123795318905,
      0.0018037640702326374
    ],
    [
      0.026740136630402422,
      0.013346776682336947,
      0.024062676416428536,
      0.0002192840992306403,
      0.019565607017970794,
      0.010475327694328424,
      0.08367348732168778,
      0.05346927479583404,
      0.0939014287987276,
      0.05078736973861775,
      0.026522431619932528,
      0.05633071933595128,
      0.4454615081692725,
      0.034128129993958395,
      0.017948039981614632,
      0.024417891478872213,
      0.006099583866443529,
      0.011189811385564328,
      0.0016605149728258822
    ],
    [
      0.011636917073690436,
      0.002486082013879364,
      0.00707404957462381,
      0.015126424676434791,
      0.007948102038938436,
      0.016917642132442588,
      0.054120507511598206,
      0.0352012829541485,
      0.022879039847853878,
      0.024338283774260165,
      0.005016355377550844,
      0.046594341095061054,
      0.011840277934907564,
      0.6704035953904296,
      0.01925251726639335,
      0.02897736394448415,
      0.01695476793919092,
      0.0019633719213764467,
      0.0012690775327357919
    ],
    [
      0.020539001260442304,
      0.0010370418353611989,
      0.008563141443028936,
      0.03361496185504299,
      0.017093861061999133,
      0.027115833424932855,
      0.12302790045800548,
      0.06852661179566645,
      0.05315153344962256,
      0.09870212275570202,
      0.012730934411952765,
      0.11354451011815084,
      0.042630158541940945,
      0.030761231754475604,
      0.2696082561167504,
      0.04693895062475571,
      0.012563598480416691,
      0.01235087195507501,
      0.007499478656678225
    ],
    [
      0.010030182750119455,
      0.027548454170612288,
      0.014978032989863561,
      0.01337995158982233,
      0.030515039487479512,
      0.004979392628451721,
      0.04868504276528411,
      0.03438252044025563,
      0.08016753772247702,
      0.059711512068652016,
      0.00727786493503088,
      0.07717676079898034,
      0.09910796378541221,
      0.004041896069730014,
      0.006406182368876599,
      0.3869927587794736,
      0.02049438087307726,
      0.0376481875720123,
      0.036476338204389155
    ],
    [
      0.006229059098438049,
      0.05727476293773,
      0.007436313034721026,
      0.006560826256248254,
      0.003910511308938344,
      0.007271136861757425,
      0.055980342544339035,
      0.060434825471456816,
      0.034197189328405,
      0.014188081195994202,
      0.010747610948803726,
      0.036470709644869134,
      0.024578692085200388,
      0.015827332839831322,
      0.010425718703520772,
      0.07574907786518031,
      0.4770545181770464,
      0.0035783558912464678,
      0.09208493580627339
    ],
    [
      0.006509823622764305,
      0.006355874089255534,
      0.0042069478882097834,
      0.008465706356392133,
      0.06273965493643857,
      0.017553030773410763,
      0.07842799298013554,
      0.011115071526582573,
      0.09701853124087956,
      0.05279341787295861,
      0.00625201283540881,
      0.04573368840995128,
      0.01393823799593264,
      0.00348836866574048,
      0.010595040136621124,
      0.044183746342935544,
      0.06700597010658328,
      0.39203670045642974,
      0.07158018376336965
    ],
    [
      0.0022523537014246127,
      0.06608958341061827,
      0.003031280532799328,
      0.0025088882775600972,
      0.03773691229199435,
      0.007779487121066075,
      0.0635409409902071,
      0.013681160961745376,
      0.03512353920451829,
      0.025212529296723796,
      0.0033755720540229735,
      0.039989744336199985,
      0.00040427134834389837,
      0.00031441088903659786,
      0.021657787425586796,
      0.03984405722086057,
      0.09144787000634796,
      0.0471022756254019,
      0.498907335305542
    ]
  ]
}