{
  "poids_LS": 0.1675,
  "poids_EM": 0.8325,
  "mae_validation": 8.027474857463744,
  "matrice_de_transition": [
    [
      0.17146247915281426,
      0.004886220179743684,
      0.017707973296781167,
      0.09180729906614485,
      0.011425240773158138,
      0.06955631730316425,
      0.05917940658758748,
      0.03884880076027242,
      0.04814029737414728,
      0.04512479804300548,
      0.028029365087539428,
      0.18726574758577916,
      0.04129144749535156,
      0.0671231916534488,
      0.012572337040876696,
      0.0468071760266727,
      0.030928797293306602,
      0.010573206487851464,
      0.017269898792354715
    ],
    [
      0.011925683947508349,
      0.43448971621288085,
      0.004091717967483774,
      0.021685430822340222,
      0.07150685286179106,
      0.014213394729254819,
      0.027828377228899442,
      0.02950877756244099,
      0.06005389797989351,
      0.01230127186076672,
      0.004743664457555225,
      0.01000330057692651,
      0.01649049649119744,
      0.0003011004579957599,
      0.028463737226014092,
      0.07431273784059221,
      0.09541045739981724,
      0.015781531248945484,
      0.06688785312769634
    ],
    [
      0.03850951066858637,
      0.03285513647954535,
      0.2328317078961155,
      0.0243799391281829,
      0.018385766889084443,
      0.023001052595861514,
      0.04738275430765617,
      0.1670761468694771,
      0.005871656229835251,
      0.04502819339728657,
      0.011469823303423726,
      0.12079691150239341,
      0.037244297298560464,
      0.05581240757969556,
      0.03408846235846035,
      0.029640616470686956,
      0.06579816413082372,
      0.001447294753299696,
      0.008380158141024819
    ],
    [
      0.03764365651129253,
      0.02881147596897431,
      0.0425296226906609,
      0.12273540401972871,
      0.020634577911173325,
      0.052995903144746774,
      0.04781611163350884,
      0.0194089180461483,
      0.05261885134439917,
      0.06602769721940568,
      0.054500451222508635,
      0.06968823359921365,
      0.07154510643507843,
      0.06329073215398744,
      0.09920989274656539,
      0.05739479984860839,
      0.03273283334243752,
      0.03647744619507087,
      0.023938285966491286
    ],
    [
      0.011889202310547796,
      0.09258008265455579,
      0.01742993778744673,
      0.04556395449726846,
      0.28504354641412283,
      0.027777713664360038,
      0.04510535328673445,
      0.02666608448242058,
      0.11298096240696516,
      0.013849911644291422,
      0.004331122034931638,
      0.012177189604588658,
      0.025771762461764398,
      0.005494619376717907,
      0.0007563322890476059,
      0.018124958285855062,
      0.043648097914994154,
      0.09103682385738324,
      0.11977234502600416
    ],
    [
      0.03108826765481081,
      0.012770712246748616,
      0.05659419502366455,
      0.02415853679218841,
      0.0219218727568638,
      0.20014290751306402,
      0.015017819303255922,
      0.021099001445365907,
      0.0406215978503386,
      0.05216857325247055,
      0.026960943829536163,
      0.08532488946304176,
      0.05728329486158113,
      0.07527287575466521,
      0.0651894639952675,
      0.06751330641811393,
      0.05850870064108764,
      0.07342352968601067,
      0.014939511511924903
    ],
    [
      0.028187034980740246,
      0.013326520668595684,
      0.07118778933097658,
      0.01252210522403639,
      0.02886710314687379,
      0.06013031680401574,
      0.100030314567507,
      0.05309054699727441,
      0.06939732130205821,
      0.01666853536759465,
      0.08074466663367802,
      0.046735358655901185,
      0.0897359459836062,
      0.018800848314893568,
      0.08952774793648346,
      0.10178986655907957,
      0.04967674092230203,
      0.044344834651805685,
      0.025236401952577554
    ],
    [
      0.019177028210322716,
      0.03844027545729945,
      0.07146938584230479,
      0.03784560637156042,
      0.038220871023387164,
      0.034619657331005194,
      0.027504959156447132,
      0.23784910089369476,
      0.009232766231378463,
      0.05162482229143316,
      0.10295075673976871,
      0.08142928047545875,
      0.00911560988324021,
      0.056095459245379405,
      0.005176428877185681,
      0.05528723694161529,
      0.02722478570678854,
      0.049807088386355794,
      0.04692888093537437
    ],
    [
      0.00854026328999965,
      0.017762333376721496,
      0.028553572828392302,
      0.03742806234029633,
      0.06529296331796881,
      0.011759760811381297,
      0.04474323831245734,
      0.03490623558843377,
      0.28756334500433,
      0.04163046103743923,
      0.0025913295826013516,
      0.017395345673622366,
      0.08825071380745367,
      0.024786755285805127,
      0.036218099549003686,
      0.05624200726352329,
      0.06882190705051405,
      0.051284606941892436,
      0.07622899893816383
    ],
    [
      0.01662475048234201,
      0.011974357731208321,
      0.014121167935596398,
      0.013312216462185035,
      0.016808813286890222,
      0.07645779528265326,
      0.0541013401826206,
      0.08110298078947015,
      0.04004857204953331,
      0.2659273070905516,
      0.05781348866105699,
      0.05851797317455693,
      0.06809017325958037,
      0.005375607522112767,
      0.09585162007119107,
      0.0542862222690115,
      0.03987574913660771,
      0.024536255011128796,
      0.0051736096017029574
    ],
    [
      0.019872842250402666,
      0.010547121940913133,
      0.018321012635953003,
      0.04970832325913133,
      0.008766124527128875,
      0.019364629453296322,
      0.0383737930710162,
      0.09798132119639053,
      0.014928409358036765,
      0.020154976901550332,
      0.4626527938402274,
      0.12354950685786245,
      0.009646706966540712,
      0.05186213876647466,
      0.016088257301882413,
      0.019204093091458912,
      0.009434197553120045,
      0.002075676507524861,
      0.0074680745210895525
    ],
    [
      0.07280204640849423,
      0.00023622807188842558,
      0.048498765448740766,
      0.03573477579091811,
      0.007962235689407555,
      0.0068502128693606595,
      0.05295782033370884,
      0.034058528233642624,
      0.014055003003803749,
      0.06490785938771286,
      0.07488185590101307,
      0.3867648632727093,
      0.07056329585161267,
      0.051089660106707485,
      0.032603286774339144,
      0.02133623784834812,
      0.014441751095720101,
      0.0057393826683575485,
      0.004516191243514799
    ],
    [
      0.06695086840544365,
      0.0334171175580316,
      0.06024715223060678,
      0.0005490346243894978,
      0.048987572458528375,
      0.026227700167002745,
      0.07566756075370938,
      0.03451990508011693,
      0.11436017554653466,
      0.028589380399192933,
      0.06640578743937993,
      0.034478036409678496,
      0.20103108334124736,
      0.08544862622547476,
      0.04493757378855393,
      0.03833882744246231,
      0.010674502588292027,
      0.025011565571798282,
      0.004157529969556532
    ],
    [
      0.029136040492773796,
      0.006224551207682919,
      0.017711718107892696,
      0.0376138799483734,
      0.008578939229293025,
      0.026627785711376483,
      0.02698728008720983,
      0.03510942564462072,
      0.019325605893684216,
      0.028049003128006202,
      0.012559746922740084,
      0.04377093820699336,
      0.029645207160332473,
      0.6269614978524458,
      0.01928427787806719,
      0.017337561145829395,
      0.006983265681780815,
      0.0049158109008899005,
      0.003177464800007659
    ],
    [
      0.05142471744155855,
      0.0025965032419193925,
      0.02144004586863636,
      0.08416377667465649,
      0.04279891529056926,
      0.06789152278573414,
      0.06595608427399048,
      0.0565682179664784,
      0.03224960313894599,
      0.08219635360215238,
      0.031875196685565946,
      0.07448517476749975,
      0.0646233963058937,
      0.0770187231145893,
      0.15706982366063937,
      0.027798538924824985,
      0.01014290434872284,
      0.03092361173714269,
      0.01877689017048007
    ],
    [
      0.025113164329246453,
      0.06897470104371346,
      0.03750139086935764,
      0.03350017954444237,
      0.062412282752114516,
      0.012467201092288896,
      0.032799629939389514,
      0.018045200776077117,
      0.09494191940806382,
      0.050160709066767895,
      0.018222022732069798,
      0.03959057165052673,
      0.08761297474769572,
      0.010119935272331538,
      0.014292809482141969,
      0.18673779688271475,
      0.038328468882476936,
      0.09426200346977516,
      0.07491703805880573
    ],
    [
      0.015596065261502782,
      0.08884116760023357,
      0.018618738650842872,
      0.010279319066529497,
      0.009790979442680214,
      0.018205177255377614,
      0.0432024767156307,
      0.035085338756932455,
      0.059400418015144986,
      0.035523541641098264,
      0.02690943192444843,
      0.015223135043520325,
      0.01571333626704495,
      0.022937114804637344,
      0.026103491190018174,
      0.10456500629716133,
      0.32313721368537596,
      0.008959342193872734,
      0.12190870618794787
    ],
    [
      0.01629903207804897,
      0.015913579486632277,
      0.010533185314089158,
      0.02119609185472617,
      0.15708500070551915,
      0.04394856577102094,
      0.035167185202248964,
      0.017378526481279712,
      0.14497967867611664,
      0.03431984764845681,
      0.015653535896173937,
      0.02173527810857418,
      0.03489799438079375,
      0.008734035832267518,
      0.024750150982905426,
      0.05404106338984236,
      0.1180443497891839,
      0.1461624565023568,
      0.07916044189976323
    ],
    [
      0.005639351748679669,
      0.15507057069621275,
      0.007589597123475009,
      0.006281652604718138,
      0.09448414882130916,
      0.019477963994849645,
      0.02932699060366204,
      0.005533257535405574,
      0.02419747865551609,
      0.016145679101209842,
      0.008451620255561279,
      0.017417421379414145,
      0.001012198187958783,
      0.0007872092184149404,
      0.019956333580218418,
      0.07225716413826011,
      0.11610348587141558,
      0.10086191438895555,
      0.2994059620947632
    ]
  ]
}