{
  "poids_LS": 0.185,
  "poids_EM": 0.815,
  "mae_validation": 7.979099586531953,
  "matrice_de_transition": [
    [
      0.17515437304009931,
      0.004783506842631954,
      0.017335733617869848,
      0.0902630313960021,
      0.011185070546695354,
      0.06809417249498961,
      0.06113107554334527,
      0.039834762683129285,
      0.0489910278797594,
      0.04561709382088189,
      0.027440159214828386,
      0.18599284468252736,
      0.04042345910956338,
      0.06571219363070363,
      0.012308053679657064,
      0.04662044963829261,
      0.031855177400203154,
      0.010350946892010741,
      0.016906867886809722
    ],
    [
      0.011674993894557721,
      0.43974540133672474,
      0.004005705878077207,
      0.021229580925173908,
      0.07000370580463629,
      0.013914614659871084,
      0.02852996943436284,
      0.028961328409938987,
      0.05995534341512891,
      0.012370468452907317,
      0.004643947787276286,
      0.010737482524427999,
      0.016242337551766167,
      0.000294771018938792,
      0.02849505468264464,
      0.07357699944637643,
      0.09430837560838964,
      0.015579101579242369,
      0.06573081758955865
    ],
    [
      0.03770000143531278,
      0.032164487964960305,
      0.23875457920297288,
      0.024106482435664368,
      0.018745890598722056,
      0.022638272107179152,
      0.048116015931350516,
      0.16728473865053822,
      0.006241078313997352,
      0.04421206454319866,
      0.011228715906655059,
      0.11965517018537986,
      0.03646138414213427,
      0.05463917378672897,
      0.03337188807464887,
      0.02944946283687326,
      0.06560972408323341,
      0.0014168711398669697,
      0.008203998660582855
    ],
    [
      0.03685234841646055,
      0.028205829326983855,
      0.04163560659806442,
      0.1263028500991882,
      0.020200818015142653,
      0.051881875150713054,
      0.049722834137025496,
      0.021055178297196487,
      0.053914941835943454,
      0.06673533492444687,
      0.053354796091705146,
      0.07094094253925473,
      0.07079768332056335,
      0.061960296342942645,
      0.09740992404126465,
      0.05746170551878427,
      0.03242130355852664,
      0.035710653031811125,
      0.02343507875398246
    ],
    [
      0.011639279138854597,
      0.0906339547909465,
      0.01706354269882172,
      0.04460615365198053,
      0.29061665674601184,
      0.02719379776150562,
      0.04642144592503042,
      0.027024951467949587,
      0.11229945100711732,
      0.014614758408926334,
      0.004240077427590732,
      0.012929767646779564,
      0.025230013701306887,
      0.00537911686729741,
      0.0007404334121006591,
      0.01774395315672297,
      0.04327648779784085,
      0.09007229227477423,
      0.11827386611844222
    ],
    [
      0.0304347605269319,
      0.012502258836156303,
      0.055404527260404325,
      0.023650699682442707,
      0.021461052608821616,
      0.20808620475231998,
      0.016306502657616122,
      0.020739796657563283,
      0.04057799731747331,
      0.052535148062407916,
      0.026394197262548914,
      0.0853890283476338,
      0.05607914151614248,
      0.07369056305111368,
      0.06433806317178505,
      0.06683159114183446,
      0.058454603265310136,
      0.07215342360043173,
      0.014970440281062241
    ],
    [
      0.027594514725889845,
      0.01304638359748406,
      0.0696913493150101,
      0.012258877786894483,
      0.028536814376747835,
      0.05886631615047787,
      0.10980579048525198,
      0.05255639909245834,
      0.06862187610312641,
      0.01808106589963566,
      0.07917851850992556,
      0.04777956891029596,
      0.08925893360509858,
      0.018405635287253162,
      0.08795657245613259,
      0.10111966626254285,
      0.04912314946872076,
      0.04341266095041637,
      0.024705907016637482
    ],
    [
      0.018773907497192807,
      0.037632221618857715,
      0.06996702638015423,
      0.0370859097551343,
      0.037417429290162806,
      0.03389191678650958,
      0.027087718445974584,
      0.24941109589377397,
      0.009060371616578527,
      0.05107964595242377,
      0.10078662671821201,
      0.08050189619039327,
      0.009292528758474194,
      0.05502777215544885,
      0.005507830621528501,
      0.05467497289940334,
      0.02769970056872071,
      0.048760092534390356,
      0.04634133631666639
    ],
    [
      0.008360738235855512,
      0.01738895099342705,
      0.02795334757374141,
      0.036641286255064874,
      0.06392043856353703,
      0.01151255863216307,
      0.04643070730821083,
      0.03505634351408923,
      0.29294902896128505,
      0.042618481202324976,
      0.0025368571889730946,
      0.01871183919144715,
      0.08734202486480393,
      0.024265712381899313,
      0.035456758117042644,
      0.05590101766417658,
      0.06791418726760705,
      0.05020655214131211,
      0.07483316994303908
    ],
    [
      0.01642602104947357,
      0.011722644505627364,
      0.013824326567580857,
      0.013384051476906893,
      0.016455474869448084,
      0.07485057436079567,
      0.054831498236351355,
      0.08025241633572387,
      0.0394529727846209,
      0.2733089475411058,
      0.05659819010061434,
      0.05862546440227928,
      0.06676428835845728,
      0.005402032462685315,
      0.09383672115077563,
      0.053849135436843575,
      0.041329907436436455,
      0.024020477878762724,
      0.005064855045511003
    ],
    [
      0.01993262630021844,
      0.010325410668881926,
      0.017935886244206244,
      0.04901797114748514,
      0.00932564490183959,
      0.018957565170494295,
      0.03838808647787918,
      0.09868553182660462,
      0.014614598951111066,
      0.019731298708424647,
      0.4651411326482339,
      0.12276772667071514,
      0.00944392333661343,
      0.05077194365726948,
      0.015750065706947945,
      0.02012175152518334,
      0.00974570442026907,
      0.002032043668027341,
      0.0073110879695951776
    ],
    [
      0.07127167306056792,
      0.00023126231662350368,
      0.04747927188074921,
      0.034983594317835744,
      0.007794861365606195,
      0.00670621440063536,
      0.053312946151646085,
      0.03525532348044163,
      0.015343714145346982,
      0.06516476100823407,
      0.0733077628340248,
      0.3904081580404918,
      0.06988367405815754,
      0.05001570328764757,
      0.03191793239770138,
      0.021476701359863404,
      0.015278623893728287,
      0.00574656570824865,
      0.004421256292449923
    ],
    [
      0.0655434927933172,
      0.03271465562738229,
      0.05898069557711054,
      0.0005374933560089378,
      0.04795780366810885,
      0.025676367130459142,
      0.07594776818358862,
      0.035183133020167026,
      0.1136441194103614,
      0.029366310026072796,
      0.06500986998569927,
      0.03524288031209804,
      0.20958614821022825,
      0.08365240885737169,
      0.04399294010531105,
      0.03785159468373665,
      0.010514380433027328,
      0.02452780417528009,
      0.004070134444670959
    ],
    [
      0.028523571173105874,
      0.006093704785899794,
      0.017339399709228286,
      0.036826819013855545,
      0.008556859927630613,
      0.026287930686113795,
      0.02793694304706342,
      0.03511264065045419,
      0.019449976082080156,
      0.027919127950625088,
      0.01229572821865846,
      0.04386975730807573,
      0.029022034637442597,
      0.6284819712662751,
      0.01928316625665861,
      0.01774495424378231,
      0.007332268260790168,
      0.004812475536606929,
      0.0031106712456531434
    ],
    [
      0.05034371737521948,
      0.0025419220926898556,
      0.020989354213740097,
      0.08239456815597002,
      0.0418992383925693,
      0.06646437365810609,
      0.06795359784043101,
      0.05698676175049998,
      0.032981170699819665,
      0.0827740555225266,
      0.031205147505989482,
      0.07585225150477254,
      0.06385363298415536,
      0.0753997109169853,
      0.16100866879660325,
      0.02846845333432256,
      0.010227628643332124,
      0.030273565844770322,
      0.018382180767497
    ],
    [
      0.024585259973977005,
      0.06752478240315492,
      0.03671307334357534,
      0.03279597156603067,
      0.061295879237852284,
      0.012205127796054593,
      0.03335561938829582,
      0.018617006964323363,
      0.09442481604906829,
      0.05049498717183384,
      0.017838977209173434,
      0.040906088270722604,
      0.08801529936401578,
      0.009907203900240484,
      0.014016777533177682,
      0.19374672054910125,
      0.03770427580214794,
      0.09228051991335345,
      0.07357161356390114
    ],
    [
      0.015268220045795516,
      0.08773634343704594,
      0.018227353754278603,
      0.010149171818169654,
      0.009585163057999247,
      0.017822485841600906,
      0.04364970201963549,
      0.0359725707919408,
      0.05851830501110908,
      0.03477680052551962,
      0.026343768190300862,
      0.015966800154567532,
      0.016023623720680388,
      0.02268827243586913,
      0.02555476915299076,
      0.10355644880204198,
      0.3285243193425844,
      0.008771007673280814,
      0.12086487422458925
    ],
    [
      0.015956409782114007,
      0.01557905979772409,
      0.010311767004183379,
      0.020750528362284474,
      0.1537829136036013,
      0.04302472204610457,
      0.036681313474474994,
      0.017159305557865313,
      0.14330103851588333,
      0.034966422606314364,
      0.015324482589047157,
      0.022575222469122382,
      0.03416440290732361,
      0.00855043748143907,
      0.024254722103285473,
      0.05369605729320062,
      0.11625800650029289,
      0.15476805504074934,
      0.07889513286498946
    ],
    [
      0.005520806817025742,
      0.15195623614121692,
      0.00743005604280136,
      0.006149605853267606,
      0.09249799554278314,
      0.01906851730426722,
      0.030524478867191118,
      0.005818434155327467,
      0.024579890774731165,
      0.016463018858052826,
      0.008273958568507437,
      0.01820745268290165,
      0.000990920748572262,
      0.0007706612768866984,
      0.02001588446480631,
      0.07112270539615113,
      0.11524053931613822,
      0.09898032703223117,
      0.30638851015714047
    ]
  ]
}