{
  "poids_LS": 0.5775,
  "poids_EM": 0.4225,
  "mae_validation": 6.907858688607144,
  "matrice_de_transition": [
    [
      0.25795827879777866,
      0.002479793424554602,
      0.00898692939085891,
      0.055627313651371885,
      0.005798395467458635,
      0.0353003532259302,
      0.10490422212248438,
      0.0619484800957763,
      0.06807169779134556,
      0.05665858483896708,
      0.014225113212595085,
      0.15744345099530827,
      0.020955719599742982,
      0.03406552369199053,
      0.006380555435159644,
      0.042432443498910566,
      0.0526325597977402,
      0.005365981671011703,
      0.008764603291014856
    ],
    [
      0.006052374135522255,
      0.5576229105429382,
      0.0020765775871013745,
      0.011005518945872364,
      0.03629026466559366,
      0.007213404532264458,
      0.04426568032832763,
      0.01668282598953703,
      0.05774490531969452,
      0.013922449162346452,
      0.0024074453253058047,
      0.027204134775532855,
      0.010676487053093285,
      0.00015281074294679707,
      0.029197460495644156,
      0.0570754383189654,
      0.06959025542922784,
      0.011038893273044003,
      0.03978016337704195
    ],
    [
      0.019543865774748037,
      0.016674228423553043,
      0.37159612137105985,
      0.01797323947489155,
      0.026822950943451433,
      0.014501624003874801,
      0.06456202663420946,
      0.1719631543114804,
      0.014526687915918785,
      0.025907460244369924,
      0.005821021436272101,
      0.09404754350379042,
      0.018901760490861015,
      0.028325215858764408,
      0.017300150566305704,
      0.025162159907051923,
      0.061383283015851,
      0.0007345129528758217,
      0.004252993170670253
    ],
    [
      0.019104438289514823,
      0.0146220403566266,
      0.02158410280697205,
      0.20631556930992284,
      0.010472203204169044,
      0.026895818713099713,
      0.0924878960016135,
      0.05797844392784873,
      0.08298440000343679,
      0.0826066377375137,
      0.027659388157969846,
      0.09903741448017626,
      0.05403405060929661,
      0.03212052172379542,
      0.05703919736523391,
      0.05896230412130048,
      0.025434135547954217,
      0.018512577798699633,
      0.012148859844855938
    ],
    [
      0.0060338594308786105,
      0.046985086992852636,
      0.00884582428251801,
      0.023124048979094203,
      0.4156135599040944,
      0.014097398226056596,
      0.07593952366966876,
      0.03507382528624316,
      0.09701412389624439,
      0.031769178701452225,
      0.002198076948658999,
      0.029809018021632747,
      0.013079362931045594,
      0.002788560584580559,
      0.0003838443148619982,
      0.009198552403331848,
      0.034941803741688225,
      0.06843922677911521,
      0.08466512490598196
    ],
    [
      0.015777529230219297,
      0.006481232341442991,
      0.02872197885585378,
      0.012260638792431956,
      0.011125515002732678,
      0.3862430142613473,
      0.04520982931969489,
      0.01268334641684735,
      0.03960009965178064,
      0.06075689737100336,
      0.013682881402977812,
      0.08682757190205545,
      0.02907170219701865,
      0.03820154955717243,
      0.045242358987964706,
      0.05154169137385211,
      0.057241276408586284,
      0.043666758538161446,
      0.015664128388856904
    ],
    [
      0.014305131867102406,
      0.0067633092882662775,
      0.03612833752833346,
      0.006355062410997447,
      0.02112890910392296,
      0.030516587206842822,
      0.3290557503546751,
      0.04057622465586953,
      0.0512297480699419,
      0.04976210783255547,
      0.044052053448620836,
      0.07119971318743598,
      0.07856022740142798,
      0.009541571667318357,
      0.052717350968262904,
      0.08608803104021916,
      0.03670688400982669,
      0.02250533650497045,
      0.012807663453410228
    ],
    [
      0.009732485788422039,
      0.019508728385236058,
      0.036271249871920444,
      0.020046999929577276,
      0.01939737898784514,
      0.017569736002822453,
      0.0177296053682332,
      0.5087301266098363,
      0.005193806684637092,
      0.03885211949178469,
      0.052248281949011745,
      0.05970199151106793,
      0.013260566388722134,
      0.031081075995578012,
      0.012940698316074618,
      0.04094276509550676,
      0.03835136247205668,
      0.025277471283165553,
      0.03316354986850185
    ],
    [
      0.004334247735765588,
      0.009014517539537336,
      0.014491152576571468,
      0.0189950226291594,
      0.03313666907128147,
      0.005968166898268586,
      0.08427822621296763,
      0.038423049846647586,
      0.4137422262815622,
      0.06477836204333397,
      0.0013151192175964816,
      0.048238908091231665,
      0.06696143000823174,
      0.012579464394297496,
      0.01838095742877364,
      0.04825310807882895,
      0.04755532927955021,
      0.026027323042582047,
      0.04352671962381257
    ],
    [
      0.011968803769424245,
      0.006077076446168787,
      0.0071665987420894625,
      0.014995208235668566,
      0.008530598935388732,
      0.03880290511341861,
      0.07120790029859836,
      0.06117547073027203,
      0.026094532128728337,
      0.43886859764639213,
      0.02934077953068658,
      0.06103633908119496,
      0.037026584147553464,
      0.005994706129812458,
      0.04864541679288675,
      0.04404590220107725,
      0.07394460073259551,
      0.012452333624266567,
      0.0026256457137771765
    ],
    [
      0.021273497131800812,
      0.005352743567610569,
      0.009298051457886059,
      0.03353435950056341,
      0.02187488759177993,
      0.009827694827648883,
      0.0387086671746632,
      0.114479970247121,
      0.007576279824348988,
      0.010228802091177195,
      0.5209510173420973,
      0.10523351390183994,
      0.004895776208244385,
      0.026320424779382033,
      0.0081649113634178,
      0.040703519253002765,
      0.016732358440611512,
      0.0010534214107258302,
      0.0037901038860784814
    ],
    [
      0.0369475851142208,
      0.00011988751996739916,
      0.02461348757008165,
      0.018135666992988467,
      0.004040894388918549,
      0.0034765344592250793,
      0.06127791092538148,
      0.062097731158647876,
      0.0442476640342452,
      0.0709266973542099,
      0.038003104045859486,
      0.47212205497504117,
      0.05464072811923565,
      0.025928386060160857,
      0.016546412807397343,
      0.024627097260992,
      0.03404848522048333,
      0.005907671031520509,
      0.0022920009614234263
    ],
    [
      0.03397806834990984,
      0.016959438039961982,
      0.030575882062980616,
      0.00027863919375923464,
      0.024861560797271157,
      0.0133107547394098,
      0.08223242053945166,
      0.05005838824700496,
      0.09758400321333285,
      0.04679173165752128,
      0.03370143566743306,
      0.05239723640922218,
      0.40146403170022793,
      0.04336581931563133,
      0.022806156066863703,
      0.026923659952318428,
      0.006923069236376258,
      0.01367772713908644,
      0.0021099776722373993
    ],
    [
      0.014786759289125439,
      0.0031590064687640035,
      0.00898882991061221,
      0.01917416662538374,
      0.008061652733202262,
      0.018665467976650685,
      0.04923652657520829,
      0.035184748638433495,
      0.02223942173610334,
      0.02500621325793445,
      0.006374165855684907,
      0.04608612857520887,
      0.015045165195484047,
      0.6625840178335924,
      0.019258234176494637,
      0.026882199440726298,
      0.0151598975328571,
      0.0024948109376888685,
      0.0016125872408447278
    ],
    [
      0.026098430173043224,
      0.0013177448885416736,
      0.01088098423963827,
      0.04271374852257341,
      0.021720770823141757,
      0.03445545750987708,
      0.11275497354488279,
      0.0663741009064126,
      0.049389185993700783,
      0.09573108430806308,
      0.016176901621203135,
      0.10651382975503365,
      0.04658894133945244,
      0.03908758019929606,
      0.2493513382746504,
      0.04349367651876819,
      0.012127873536711799,
      0.01569396511584719,
      0.009529412729162556
    ],
    [
      0.012745119434362313,
      0.0350051786077705,
      0.019032237408172493,
      0.017001592621653936,
      0.03625654327511381,
      0.006327198151942413,
      0.045825668456623087,
      0.0314418029007035,
      0.08282692642588264,
      0.05799236752831288,
      0.009247813338497885,
      0.0704112467522587,
      0.09703886575862325,
      0.005135943126198288,
      0.007825775249264364,
      0.350946865638057,
      0.0237045167147692,
      0.04783867443360961,
      0.043395664178184135
    ],
    [
      0.0079151202077897,
      0.06295671577698064,
      0.009449149645622958,
      0.007230154962098877,
      0.00496899557301188,
      0.009239264132609058,
      0.05368032669517154,
      0.05587191786284243,
      0.0387337704920182,
      0.018028464076112933,
      0.013656738724419772,
      0.03264614621662635,
      0.02298292803793241,
      0.01710709359349641,
      0.013247717751090304,
      0.08093594498293691,
      0.44934940336854573,
      0.0045469334257191955,
      0.09745321447497479
    ],
    [
      0.008271881144715545,
      0.008076261060783347,
      0.005345670624868071,
      0.010757175746092258,
      0.07972181717487307,
      0.022304227072980593,
      0.07064104758011597,
      0.01224249341842806,
      0.10565153777922223,
      0.04946817523254828,
      0.007944286986346532,
      0.041413974555703406,
      0.01771099414520764,
      0.0044325887557153465,
      0.013142960088952297,
      0.04595806341137877,
      0.0761928784494514,
      0.34777933654469656,
      0.0729446302279205
    ],
    [
      0.002862013349930523,
      0.08210616112202526,
      0.00385177751912095,
      0.0031879858564485444,
      0.04795141486727102,
      0.009885212958347118,
      0.057382429920628995,
      0.012214538345004213,
      0.0331568483056979,
      0.023580496261531286,
      0.004289260730299868,
      0.035926726203978535,
      0.0005136981794745776,
      0.00039951458832469946,
      0.021351525733420487,
      0.04567841646599248,
      0.09588588086206014,
      0.05677901060284156,
      0.46299708812760176
    ]
  ]
}