{
  "poids_LS": 0.23,
  "poids_EM": 0.77,
  "mae_validation": 7.8548392100621465,
  "matrice_de_transition": [
    [
      0.18464781446454664,
      0.004519386832916079,
      0.016378545872097895,
      0.08629205738706361,
      0.010567489964362482,
      0.06433437155968344,
      0.06614965285815103,
      0.04237009334190411,
      0.05117862060847629,
      0.046882997249706945,
      0.025925058399285716,
      0.18271966578845128,
      0.03819148897467952,
      0.06208391300078748,
      0.01162846789366373,
      0.046140296068172375,
      0.03423729767508002,
      0.009779422216991745,
      0.015973359843979736
    ],
    [
      0.011030362329827542,
      0.45326002022660916,
      0.0037845319338888957,
      0.020057395475317683,
      0.06613847051480974,
      0.013146323052884337,
      0.030334063676983006,
      0.027553602017790994,
      0.05970191739144854,
      0.012548402546983143,
      0.004387533492273301,
      0.012625378960860405,
      0.015604214564657173,
      0.00027849531850658875,
      0.02857558528540892,
      0.071685100718393,
      0.09147445100186154,
      0.015058568142862942,
      0.06275558334863317
    ],
    [
      0.035618406264037845,
      0.03038853464174164,
      0.2539848197063204,
      0.023403308083473857,
      0.019671922994933068,
      0.021705407993424516,
      0.05000154582085027,
      0.16782111751612397,
      0.007191020816128472,
      0.042113447489829765,
      0.010608725457821344,
      0.11671926394163076,
      0.034448178882752624,
      0.05162228689052922,
      0.03152926848770507,
      0.028957924921352345,
      0.06512516396085836,
      0.0013386389910399591,
      0.007751017139446379
    ],
    [
      0.0348175561726069,
      0.02664845224757984,
      0.03933670807424492,
      0.13547628287494123,
      0.0190854354253495,
      0.049017231737483506,
      0.054625834860354064,
      0.025288418942748976,
      0.05724774595705734,
      0.06855497473740996,
      0.05040882575535333,
      0.0741621940993604,
      0.06887573816895315,
      0.058539175685970356,
      0.09278143308477704,
      0.05763374867066511,
      0.031620226971327256,
      0.033738899183428914,
      0.022141117350388338
    ],
    [
      0.010996619554500663,
      0.08562962599880836,
      0.016121383899500276,
      0.04214323719266873,
      0.30494751188515506,
      0.02569229972559427,
      0.0498056841377915,
      0.027947752287881336,
      0.1105469931217943,
      0.01658150723227325,
      0.004005962722999834,
      0.014864968326699039,
      0.023836945460130432,
      0.005082110414501848,
      0.0006995505856656535,
      0.01676422568181189,
      0.04232091892516094,
      0.08759206820520823,
      0.11442063464185442
    ],
    [
      0.02875431362667186,
      0.011811950066061783,
      0.05234538158344949,
      0.022344832828810904,
      0.020276086513856005,
      0.22851182622469254,
      0.01962025985454235,
      0.019816127203213685,
      0.04046588166153403,
      0.05347776900224689,
      0.024936848947438854,
      0.08555395690801336,
      0.05298274719930027,
      0.06962175895626692,
      0.06214874676854451,
      0.0650786090028301,
      0.058315495727596575,
      0.06888743652322876,
      0.01504997140170112
    ],
    [
      0.026070891213417404,
      0.012326031128911322,
      0.06584336070252489,
      0.01158200723424387,
      0.027687500396423967,
      0.055616028755666215,
      0.13494272855945336,
      0.05118287590864562,
      0.06662787416301609,
      0.02171328726774112,
      0.0751512804774193,
      0.05046468099302539,
      0.08803233034607903,
      0.017389373216177836,
      0.08391640693523034,
      0.09939629407144841,
      0.04769962858808323,
      0.04101564286112958,
      0.023341777181363023
    ],
    [
      0.017737311377715906,
      0.03555436889143613,
      0.06610381633462425,
      0.0351324041700386,
      0.035351436261871615,
      0.0320205839578066,
      0.026014813761902327,
      0.27914194017969196,
      0.008617071178521547,
      0.04967776393782822,
      0.09522172094849478,
      0.0781171937430821,
      0.00974746300907587,
      0.05228229106705602,
      0.006360006535552897,
      0.05310057964800119,
      0.02892091021368917,
      0.046067817486479236,
      0.04483050729713161
    ],
    [
      0.007899102382342019,
      0.01642882486495562,
      0.026409911204639126,
      0.03461814775018399,
      0.06039108919499818,
      0.01087689588560192,
      0.050769913297291226,
      0.03544233532291759,
      0.3067979305648837,
      0.045159104483459764,
      0.002396785319643292,
      0.022097108237282323,
      0.08500539615513325,
      0.022925887771855794,
      0.03349902300628569,
      0.055024187265856464,
      0.06558005068298907,
      0.04743441122553415,
      0.07124389538414687
    ],
    [
      0.015915002507811863,
      0.01107538192556205,
      0.013061020192683756,
      0.013568770086191671,
      0.015546890367454021,
      0.07071772056173334,
      0.05670904751737331,
      0.07806525059751922,
      0.037921431817703286,
      0.29229030869967365,
      0.05347313665947613,
      0.05890187041642249,
      0.0633548700412836,
      0.005469982309871866,
      0.08865555249827882,
      0.052725197868411774,
      0.045069171635996094,
      0.022694193824107117,
      0.004785200472445979
    ],
    [
      0.02008635671403043,
      0.009755295969373108,
      0.016945561236857434,
      0.04724278000325208,
      0.010764411579667146,
      0.01791082844328909,
      0.03842484095266971,
      0.10049635916144091,
      0.013807657904730701,
      0.018641840497530034,
      0.47153971815453677,
      0.1207574347609078,
      0.008922479716800418,
      0.04796858480502761,
      0.014880430177116464,
      0.022481444640474746,
      0.01054672207865228,
      0.0019198449378908624,
      0.006907408265752499
    ],
    [
      0.06733642730875743,
      0.0002184932316565618,
      0.04485771699162809,
      0.03305198481562396,
      0.007364470247259842,
      0.006335932623913162,
      0.05422612682634187,
      0.0383327969722105,
      0.018657542795029583,
      0.06582536517528863,
      0.06926009494748356,
      0.3997766303005038,
      0.06813607516070153,
      0.04725410003863635,
      0.03015559257206143,
      0.021837893246617,
      0.01743058251717791,
      0.0057650363822543405,
      0.004177137846854529
    ],
    [
      0.0619245269335635,
      0.03090832494856977,
      0.0557240927538345,
      0.0005078158087446406,
      0.04530982677845868,
      0.024258653607918453,
      0.07666830157470668,
      0.036888576294581574,
      0.11180283220305878,
      0.03136412906662103,
      0.06142036796194901,
      0.037209621775462595,
      0.2315848864447505,
      0.07903356419653522,
      0.04156388206268652,
      0.036598710447013544,
      0.010102637748060965,
      0.023283846298519036,
      0.003845403094965201
    ],
    [
      0.026948650065388376,
      0.005757242558457475,
      0.016382009541234085,
      0.034802948039381075,
      0.008500084580498703,
      0.02541401776400975,
      0.030378933515258374,
      0.03512090780831169,
      0.019769785137955423,
      0.027585163208787948,
      0.01161682297959143,
      0.044123863568001825,
      0.02741959100715436,
      0.6323917600446938,
      0.01928030780160796,
      0.01879253649566124,
      0.008229703463957079,
      0.004546756028450719,
      0.0029389163915986755
    ],
    [
      0.04756400291891902,
      0.002401570566099618,
      0.01983043281543543,
      0.07784517482220481,
      0.03958578351199799,
      0.06279456161563397,
      0.07309006129699236,
      0.05806301719512691,
      0.034862344427780564,
      0.08425957474634607,
      0.029482163901364298,
      0.07936759168633113,
      0.06187424158539961,
      0.07123653669457508,
      0.17113712771765324,
      0.03019109038731633,
      0.010445491115184573,
      0.028602019264384233,
      0.017367213731254837
    ],
    [
      0.02322779163185558,
      0.06379642018457582,
      0.03468597113442088,
      0.03098515105011487,
      0.05842512734403514,
      0.011531225034309249,
      0.03478530654262634,
      0.020087365734099433,
      0.09309512169736547,
      0.05135455944200341,
      0.016854003007439933,
      0.04428884529408343,
      0.08904984837741028,
      0.009360180372006349,
      0.013306981092983798,
      0.2117696671198096,
      0.03609920788130198,
      0.0871852764825548,
      0.07011195057700366
    ],
    [
      0.014425189491119692,
      0.08489536701742063,
      0.01722093544882764,
      0.009814507465244341,
      0.00905592092596248,
      0.01683842220617509,
      0.044799709944219245,
      0.038254024596248,
      0.05625001442930248,
      0.03285660908546026,
      0.02488920430249284,
      0.017879081868688924,
      0.016821505744314378,
      0.02204839205903659,
      0.024143769629206,
      0.1009630152431637,
      0.3423768767468348,
      0.008286718906044451,
      0.11818073489023856
    ],
    [
      0.01507538102113839,
      0.014718866311960184,
      0.009742405635854236,
      0.019604793667434412,
      0.14529183248438407,
      0.04064912389631966,
      0.04057478617448479,
      0.01659559461194257,
      0.138984535246712,
      0.03662904392651953,
      0.014478345513578296,
      0.02473507939624632,
      0.03227802483268611,
      0.008078327436451638,
      0.022980762127119886,
      0.05280889875897901,
      0.11166455232885883,
      0.17689673699661593,
      0.07821290963271404
    ],
    [
      0.005215976992772787,
      0.14394794728551344,
      0.007019807549640549,
      0.005810057063823383,
      0.08739074425514481,
      0.0180156543856267,
      0.03360373440198017,
      0.00655174546369805,
      0.025563236224141368,
      0.017279035375649086,
      0.007817114230368991,
      0.020238961749012376,
      0.0009362073330069225,
      0.0007281094272426476,
      0.020169015310889465,
      0.06820552577358517,
      0.11302153388828214,
      0.09414195954351134,
      0.3243436337461106
    ]
  ]
}