{
  "poids_LS": 0.5325,
  "poids_EM": 0.4675,
  "mae_validation": 7.029036847397003,
  "matrice_de_transition": [
    [
      0.24846483737333136,
      0.002743913434270477,
      0.009944117136630865,
      0.05959828766031039,
      0.006415976049791507,
      0.03906015416123638,
      0.09988564480767861,
      0.05941314943700148,
      0.06588410506262868,
      0.05539268141014203,
      0.01574021402813776,
      0.16071662988938432,
      0.02318768973462685,
      0.037693804321906686,
      0.007060141221152979,
      0.042912597069030806,
      0.05025043952286334,
      0.005937506346030702,
      0.009698111333844841
    ],
    [
      0.0066970057002524366,
      0.544108291653054,
      0.002297751531289687,
      0.012177704395728593,
      0.040155499955420206,
      0.007981696139251206,
      0.042461586085707465,
      0.018090552381685027,
      0.0579983313433749,
      0.013744515068270628,
      0.00266385962030879,
      0.025316238339100447,
      0.011314610040202278,
      0.00016908644337900033,
      0.02911692989287988,
      0.05896733704694883,
      0.07242418003575594,
      0.011559426709423434,
      0.04275539761796743
    ],
    [
      0.021625460946022978,
      0.01845018174677171,
      0.35636588086771226,
      0.018676413827082065,
      0.02589691854724042,
      0.01543448811762944,
      0.0626764967447097,
      0.17142677544589469,
      0.013576745413787663,
      0.028006077297738827,
      0.006441011885105817,
      0.09698344974753953,
      0.020914965750242664,
      0.03134210275496417,
      0.019142770153249507,
      0.02565369782257284,
      0.061867843138226054,
      0.0008127451017028324,
      0.00470597469180673
    ],
    [
      0.021139230533368476,
      0.01617941743603062,
      0.023883001330791558,
      0.19714213653416982,
      0.011587585793962197,
      0.02976046212632927,
      0.08758489527828495,
      0.05374520328229624,
      0.0796515958823229,
      0.08078699792455062,
      0.030605358494321666,
      0.09581616292007061,
      0.05595599576090682,
      0.03554164238076772,
      0.061667688321721516,
      0.05879026096941963,
      0.026235212135153604,
      0.02048433164708184,
      0.013442821248450063
    ],
    [
      0.006676519015232546,
      0.05198941578499079,
      0.009787983081839454,
      0.025586965438406013,
      0.40128270476495115,
      0.01559889626196795,
      0.07255528545690768,
      0.034151024466311415,
      0.09876658178156739,
      0.02980242987810531,
      0.002432191653249899,
      0.027873817341713274,
      0.01447243117222205,
      0.003085567037376122,
      0.0004247271412970039,
      0.010178279878242933,
      0.035897372614368143,
      0.0709194508486812,
      0.08851835638256977
    ],
    [
      0.017457976130479343,
      0.007171541111537512,
      0.03178112453280862,
      0.013566505646063763,
      0.01231048109769829,
      0.3658173927889747,
      0.041896072122768656,
      0.013607015871196948,
      0.03971221530771993,
      0.059814276431164395,
      0.015140229718087875,
      0.0866626433416759,
      0.03216809651386088,
      0.0422703536520192,
      0.047431675391205255,
      0.05329467351285645,
      0.05738038394629984,
      0.0469327456153644,
      0.015584597268218025
    ],
    [
      0.015828755379574854,
      0.007483661756839018,
      0.03997632614081868,
      0.0070319329636480635,
      0.02197822308424683,
      0.033766874601654485,
      0.3039188122804737,
      0.041949747839682264,
      0.05322375001005223,
      0.046129886464450015,
      0.048079291481127114,
      0.06851460110470654,
      0.07978683066044755,
      0.010557833738393687,
      0.056757516489165175,
      0.08781140323131359,
      0.03813040489046423,
      0.024902354594257246,
      0.014171793288684693
    ],
    [
      0.010769081907898943,
      0.02158658111265765,
      0.04013445991745044,
      0.02200050551467299,
      0.021463372016136337,
      0.019441068831525438,
      0.018802510052305463,
      0.47899928232391825,
      0.0056371071226940725,
      0.040254001506380255,
      0.057813187718728974,
      0.06208669395837911,
      0.012805632138120459,
      0.03382655708397085,
      0.01208852240205022,
      0.04251715834690892,
      0.037130152827088224,
      0.02796974633107668,
      0.034674378888036636
    ],
    [
      0.004795883589279083,
      0.009974643668008768,
      0.016034588945673754,
      0.021018161134040283,
      0.03666601843982033,
      0.006603829644829737,
      0.07993902022388723,
      0.03803705803781924,
      0.39989332467796357,
      0.06223773876219918,
      0.0014551910869262845,
      0.04485363904539649,
      0.06929805871790244,
      0.013919289004341018,
      0.0203386925395306,
      0.04912993847714906,
      0.04988946586416819,
      0.02879946395836002,
      0.04711599418270479
    ],
    [
      0.012479822311085952,
      0.006724339026234102,
      0.007929905116986566,
      0.014810489626383788,
      0.009439183437382799,
      0.042935758912480956,
      0.0693303510175764,
      0.0633626364684767,
      0.027626073095645957,
      0.4198872364878242,
      0.032465832971824794,
      0.060759933067051755,
      0.04043600246472715,
      0.005926756282625907,
      0.05382658544538357,
      0.04516983976950906,
      0.07020533653303587,
      0.013778617678922177,
      0.0029053002868422015
    ],
    [
      0.02111976671798882,
      0.005922858267119387,
      0.01028837646523487,
      0.035309550644796475,
      0.020436120913952374,
      0.010874431554854092,
      0.038671912699872676,
      0.11266914291228473,
      0.008383220870729355,
      0.011318260302071809,
      0.5145524318357945,
      0.1072438058116473,
      0.005417219828057397,
      0.029123783631623906,
      0.009034546893249283,
      0.03834382613771137,
      0.0159313407822283,
      0.0011656201408623095,
      0.00419378358992116
    ],
    [
      0.0408828308660313,
      0.0001326566049343411,
      0.02723504245920277,
      0.02006727649520026,
      0.004471285507264904,
      0.003846816235947277,
      0.0603647302506857,
      0.05902025766687901,
      0.0409338353845626,
      0.07026609318715533,
      0.042050771932400734,
      0.4627535827150291,
      0.056388327016691664,
      0.028689989309172072,
      0.018308752633037297,
      0.0242659053742384,
      0.03189652659703371,
      0.005889200357514818,
      0.0025361194070188213
    ],
    [
      0.03759703420966355,
      0.018765768718774504,
      0.03383248488625666,
      0.0003083167410235318,
      0.02750953768692134,
      0.01472846826195049,
      0.08151188714833361,
      0.04835294497259042,
      0.0994252904206355,
      0.04479391261697304,
      0.03729093769118333,
      0.05043049494585762,
      0.3794652934657057,
      0.04798466397646781,
      0.025235214109488244,
      0.028176544189041537,
      0.007334811921342624,
      0.014921685015847496,
      0.0023347090219431577
    ],
    [
      0.016361680396842944,
      0.0034954686962063238,
      0.00994622007860641,
      0.021198037599858215,
      0.008118428080334176,
      0.01953938089875474,
      0.04679453610701334,
      0.03517648148057599,
      0.02191961268022807,
      0.025340177999771594,
      0.007053071094751939,
      0.04583202231528278,
      0.016647608825772292,
      0.6586742290551739,
      0.01926109263154529,
      0.025834617188847366,
      0.01426246232969019,
      0.0027605304458450794,
      0.001784342094899196
    ],
    [
      0.02887814462934369,
      0.0014580964151319111,
      0.01203990563794294,
      0.047263141856338634,
      0.02403422570371307,
      0.0381252695523492,
      0.10761851008832143,
      0.06529784546178569,
      0.04750801226573989,
      0.09424556508424362,
      0.017899885225828322,
      0.10299848957347504,
      0.04856833273820819,
      0.0432507544217063,
      0.23922287935360043,
      0.041771039465774415,
      0.011910011064859352,
      0.017365511696233283,
      0.010544379765404724
    ],
    [
      0.014102587776483745,
      0.038733540826349604,
      0.02105933961732696,
      0.01881241313756974,
      0.03912729516893096,
      0.007001100913687759,
      0.04439598130229257,
      0.029971444130927435,
      0.08415662077758546,
      0.0571327952581433,
      0.010232787540231388,
      0.06702848972889787,
      0.09600431674522876,
      0.005682966654432426,
      0.008535571689458248,
      0.3329239190673487,
      0.02530958463561517,
      0.05293391786440827,
      0.04685532716508163
    ],
    [
      0.008758150762465527,
      0.06579769219660596,
      0.010455567951073925,
      0.007564819315024189,
      0.005498237705048648,
      0.010223327768034876,
      0.05253031877058779,
      0.05359046405853524,
      0.0410020610738248,
      0.0199486555161723,
      0.015111302612227796,
      0.030733864502504957,
      0.02218504601429842,
      0.01774697397032895,
      0.01465871727487507,
      0.08352937854181519,
      0.4354968459642954,
      0.00503122219295556,
      0.1001373538093255
    ],
    [
      0.009152909905691165,
      0.008936454546547255,
      0.005915031993197215,
      0.011902910440942322,
      0.08821289829409033,
      0.02467982522276551,
      0.06674757488010617,
      0.012806204364350801,
      0.10996804104839358,
      0.04780555391234312,
      0.008790424061815395,
      0.039254117628579464,
      0.01959737221984514,
      0.004904698800702781,
      0.014416920065117885,
      0.04684522194560038,
      0.08078633262088546,
      0.32565065458883,
      0.07362685346019593
    ],
    [
      0.0031668431741834783,
      0.09011444997772877,
      0.004262026012281762,
      0.0035275346458927682,
      0.053058666154909354,
      0.010938075876987639,
      0.05430317438583993,
      0.01148122703663363,
      0.0321735028562877,
      0.02276447974393503,
      0.004746105068438316,
      0.033895217137867806,
      0.0005684115950399173,
      0.00044206643796875037,
      0.02119839488733733,
      0.04859559608855845,
      0.09810488628991623,
      0.06161737809156139,
      0.4450419645386317
    ]
  ]
}