{
  "poids_LS": 0.4775,
  "poids_EM": 0.5225,
  "mae_validation": 7.177859320010433,
  "matrice_de_transition": [
    [
      0.23686174229900686,
      0.003066726779478768,
      0.011114013270352142,
      0.06445170033790187,
      0.007170796761531683,
      0.04365546641549948,
      0.0937518280895827,
      0.056314411965165595,
      0.06321038061641915,
      0.05384546610824474,
      0.01759200391380102,
      0.16471718187103285,
      0.025915653232818244,
      0.04212836953624864,
      0.007890746070700387,
      0.043499451432511084,
      0.047338959186902736,
      0.006636036504387255,
      0.01083906560841482
    ],
    [
      0.007484888723811546,
      0.527590424120973,
      0.002568075240853179,
      0.013610375501108427,
      0.04487967642076375,
      0.008920719214457229,
      0.04025658201139393,
      0.01981110686097702,
      0.05830807426120647,
      0.013527040064400175,
      0.0029772548697568828,
      0.023008809361238624,
      0.012094538135557715,
      0.00018897896612947093,
      0.02901850360061243,
      0.061279657714484126,
      0.07588786566595696,
      0.01219563424277607,
      0.046391795023543014
    ],
    [
      0.02416963282202568,
      0.02062079136403897,
      0.3377511424747319,
      0.019535849146426025,
      0.024765101174093626,
      0.016574655367774,
      0.06037196021309889,
      0.17077120127684545,
      0.012415704577849629,
      0.030571053696300813,
      0.007198777989235912,
      0.10057177960101066,
      0.023375549956153565,
      0.03502940896143054,
      0.021394860759514155,
      0.026254466385987295,
      0.062460083287795565,
      0.0009083621724914008,
      0.005259618773195756
    ],
    [
      0.023626198831411822,
      0.01808287831085775,
      0.02669276619323762,
      0.18593016314158278,
      0.01295083118148716,
      0.033261692964720944,
      0.08159233883866114,
      0.04857124249328765,
      0.0755781686231837,
      0.07856299370870685,
      0.03420598890541833,
      0.09187907767994147,
      0.05830503983509706,
      0.039723012072622736,
      0.06732473282409523,
      0.05857998600600972,
      0.02721430574173063,
      0.02289425301732676,
      0.015024329630620658
    ],
    [
      0.007461991840554021,
      0.05810581764204853,
      0.01093951050323233,
      0.028597196666453776,
      0.38376721515044276,
      0.017434060528081826,
      0.06841899430797746,
      0.03302315679750595,
      0.10090847475251774,
      0.027398625760681295,
      0.002718331847749887,
      0.02550857206625614,
      0.016175070133659937,
      0.0034485749241262536,
      0.00047469504027312194,
      0.011375724569800924,
      0.037065290125421375,
      0.0739508358225952,
      0.09322786152062151
    ],
    [
      0.019511855675241618,
      0.008015251830541924,
      0.03552008036019787,
      0.015162565133835968,
      0.013758772991545145,
      0.3408527443227416,
      0.037845924437636604,
      0.0147359452042909,
      0.03984924555386795,
      0.05866218417136121,
      0.016921433214333505,
      0.08646106399010088,
      0.035952578456668036,
      0.04724333643460969,
      0.05010750655072148,
      0.05543720723830621,
      0.057550404270171975,
      0.05092450759861247,
      0.01548739256521495
    ],
    [
      0.01769096189481895,
      0.008364092551761255,
      0.04467942333385617,
      0.007859219194665482,
      0.02301627350464267,
      0.03773944808420207,
      0.27319588796756095,
      0.043628498397675596,
      0.055660863492409285,
      0.04169050479232113,
      0.05300147129863478,
      0.06523279744803724,
      0.08128601242147145,
      0.01179993182526353,
      0.06169549657026792,
      0.08991774702042901,
      0.03987026374457677,
      0.027832043370052212,
      0.01583906308735348
    ],
    [
      0.012036032720592935,
      0.02412617889061737,
      0.04485616108420931,
      0.02438812345201219,
      0.023988474606270023,
      0.02172825339994019,
      0.02011383799950489,
      0.44266158375224074,
      0.006178918769208158,
      0.04196741285755261,
      0.06461473921505002,
      0.06500133028287056,
      0.01224960138738508,
      0.03718214508089542,
      0.011046974062687072,
      0.04444141676528933,
      0.035637563261015665,
      0.03126030472296805,
      0.03652094768969026
    ],
    [
      0.005360105188017798,
      0.01114813115836274,
      0.017921011174576548,
      0.023490885973339138,
      0.04097966766803448,
      0.007380750779515588,
      0.07463554623723341,
      0.037565290271473484,
      0.38296688938467627,
      0.059132532529701104,
      0.0016263900383293765,
      0.04071608798937574,
      0.0721539382519444,
      0.01555685241661643,
      0.02273147989712243,
      0.05020162007509586,
      0.05274229946759017,
      0.03218763618875531,
      0.0515028853102397
    ],
    [
      0.01310440052867248,
      0.0075154377352028194,
      0.00886283513074969,
      0.014584722437257948,
      0.010549675606486656,
      0.047987024666890477,
      0.06703556856299402,
      0.06603583903739352,
      0.029497956499656374,
      0.39668779507179686,
      0.036285342733215944,
      0.06042210349421007,
      0.04460306929682832,
      0.0058437064693979,
      0.060159124909546335,
      0.04654354124203682,
      0.0656351247335741,
      0.015399631523501255,
      0.0032471003205883425
    ],
    [
      0.020931873989996387,
      0.0066196651220746085,
      0.011498773696438971,
      0.03747922870997022,
      0.018677628307718696,
      0.012153776443660454,
      0.03862699056401758,
      0.1104559095030404,
      0.009369482149638689,
      0.012649820337609667,
      0.5067319384392022,
      0.10970082925696739,
      0.006054539807828854,
      0.0325501111176973,
      0.010097434763043315,
      0.03545975677457743,
      0.014952319199759933,
      0.0013027519221402279,
      0.004687169894617767
    ],
    [
      0.04569257567379968,
      0.0001482632643383812,
      0.030439165101461916,
      0.022428132553459112,
      0.004997319096354892,
      0.004299382851941074,
      0.05924862053716863,
      0.05525890117693928,
      0.03688360036828387,
      0.06945868809408866,
      0.046997921571506694,
      0.45130322773056997,
      0.05852428122469345,
      0.032065282169074664,
      0.020462723531041685,
      0.023824448623761783,
      0.029266354946150836,
      0.00586662508928564,
      0.002834486396079859
    ],
    [
      0.04202021470491808,
      0.020973506215100912,
      0.03781277722581627,
      0.0003445892987910061,
      0.03074595388538267,
      0.016461229233944663,
      0.08063123522585598,
      0.04626851430386154,
      0.10167575256289427,
      0.042352133789636315,
      0.04167810683132254,
      0.04802669982396762,
      0.3525779467346229,
      0.05362991856193461,
      0.028204062828251563,
      0.029707847145036447,
      0.007838052980745958,
      0.01644207797633323,
      0.002609380671583529
    ],
    [
      0.01828658397294211,
      0.003906700307524715,
      0.011116363617265985,
      0.02367165767977146,
      0.00818782017127318,
      0.020607496692437464,
      0.04380988109033062,
      0.03516637717652794,
      0.021528734945269405,
      0.025748357128683654,
      0.007882844164722754,
      0.04552144799759533,
      0.01860615104056903,
      0.6538955983259958,
      0.019264586298829406,
      0.02455423888099534,
      0.013165597081375078,
      0.003085298733591559,
      0.0019942646942991012
    ],
    [
      0.03227557340926647,
      0.0016296371698533122,
      0.013456365124759756,
      0.05282351148649611,
      0.02686178166885578,
      0.04261059538203733,
      0.10134061030807978,
      0.063982422140575,
      0.045208799931565465,
      0.09242993047735315,
      0.02000575407592577,
      0.09870196268490342,
      0.05098758889224299,
      0.0483390784713188,
      0.2268436517834282,
      0.039665594178782036,
      0.011643734710373027,
      0.019408513072260727,
      0.011784895031922924
    ],
    [
      0.015761715750187713,
      0.04329042798239073,
      0.023536908984071306,
      0.021025638212577944,
      0.04263599192804081,
      0.007824759844709848,
      0.04264858589144416,
      0.028174338967867796,
      0.085781802763,
      0.05608220692793604,
      0.011436644897905668,
      0.06289400892256797,
      0.09473986795107994,
      0.006351550966718592,
      0.00940310067191744,
      0.31089587325870516,
      0.027271334316649135,
      0.05916143761316218,
      0.05108380414906744
    ],
    [
      0.009788521440402646,
      0.06926999670948135,
      0.011685634768847326,
      0.007973853524155127,
      0.006145089199760254,
      0.011426072211333096,
      0.05112475352942987,
      0.05080202051993756,
      0.04377441622936619,
      0.022295556165133745,
      0.01688910291954871,
      0.028396631296356587,
      0.02120985687430132,
      0.01852904998645761,
      0.016383272248389782,
      0.08669913066933309,
      0.4185659424702116,
      0.005623130686244449,
      0.10341796855130966
    ],
    [
      0.010229722835772477,
      0.009987802140258696,
      0.006610918110043945,
      0.013303252845759065,
      0.09859088632868918,
      0.027583334072502626,
      0.06198888602453864,
      0.013495184409367486,
      0.11524376726626964,
      0.045773461187647926,
      0.009824591598499558,
      0.03661429249542798,
      0.02190294542217986,
      0.005481722189020754,
      0.015973982258209157,
      0.047929526820760134,
      0.08640055438597151,
      0.298604487753882,
      0.07446068185519922
    ],
    [
      0.003539412959381534,
      0.09990235857914415,
      0.004763440837256086,
      0.003942538721880153,
      0.059300862173133975,
      0.01222490833310383,
      0.050539639843319974,
      0.01058495765973625,
      0.030971636195897455,
      0.021767126222428494,
      0.005304470370607529,
      0.03141226161262137,
      0.0006352835473975545,
      0.000494074254200368,
      0.021011234964346807,
      0.052161037849472396,
      0.10081700403507365,
      0.06753093835555228,
      0.42309681348544603
    ]
  ]
}