{
  "poids_LS": 0.745,
  "poids_EM": 0.255,
  "mae_validation": 6.46205962710591,
  "matrice_de_transition": [
    [
      0.29329497743322147,
      0.0014966800550566238,
      0.005424063892707744,
      0.04084646595143415,
      0.0034996232998862767,
      0.02130553863340166,
      0.1235844821275947,
      0.07138554421454922,
      0.07621440405934729,
      0.061370558712927,
      0.00858557128807514,
      0.1452599517784695,
      0.012647830764341918,
      0.02056025690285819,
      0.0038509861206288977,
      0.040645205210129695,
      0.06149934082089296,
      0.0032386398251076556,
      0.005289878909369913
    ],
    [
      0.0036529122001376924,
      0.60792732529973,
      0.0012533190170671018,
      0.00664238421585196,
      0.02190299997568375,
      0.004353652439591567,
      0.0509809200091916,
      0.011442955529875048,
      0.056801597342662005,
      0.014584759401406465,
      0.0014530143383502492,
      0.03423130484447569,
      0.008301251489965368,
      9.222896911581835e-05,
      0.02949721329482229,
      0.05003337083147152,
      0.05904175828270656,
      0.009101352148742789,
      0.028705680369152657
    ],
    [
      0.011795705970557988,
      0.010063735498239116,
      0.428286461022409,
      0.015355868275071304,
      0.03026984930712575,
      0.011029296469343645,
      0.07158038788956964,
      0.17395967564449394,
      0.01806258500718462,
      0.018095941212385686,
      0.003513279210057718,
      0.08311944804094652,
      0.011408163136496,
      0.01709569241179864,
      0.01044151099268155,
      0.023332546554835173,
      0.05957964256034386,
      0.00044331551001972676,
      0.0025668952864400345
    ],
    [
      0.01153048938183735,
      0.008825136783289429,
      0.013027091634977214,
      0.2404611246418924,
      0.006320501342161199,
      0.016232979341634146,
      0.1107379542495587,
      0.07373550633073854,
      0.0953898375653607,
      0.08937974148576514,
      0.016693831905993637,
      0.11102762862056952,
      0.04688014365608087,
      0.019386350389509664,
      0.03981092547164118,
      0.05960268696441248,
      0.02245235047337872,
      0.011173271807499186,
      0.0073324479537000345
    ],
    [
      0.0036417376446722977,
      0.028357863155449522,
      0.00533889986282152,
      0.013956526602766915,
      0.4689561873664608,
      0.008508488870164336,
      0.08853641035050168,
      0.038508695004877996,
      0.09049108621198651,
      0.03908985487724353,
      0.001326649992681763,
      0.03701226499688857,
      0.007894053366666572,
      0.001683036565841521,
      0.00023166934979836575,
      0.005551789024496145,
      0.03138496404893519,
      0.05920728163128619,
      0.07032254107646069
    ],
    [
      0.009522532434806915,
      0.0039117496972022785,
      0.01733515883607743,
      0.007399912170580234,
      0.006714807871471795,
      0.4622717164085117,
      0.05754436999714251,
      0.009245243447879404,
      0.039182780265784416,
      0.06426554198040396,
      0.008258307118957023,
      0.08744147265457933,
      0.01754623446210593,
      0.02305655653746502,
      0.03709323682034711,
      0.04501670230089149,
      0.056723487240430234,
      0.031510028861905966,
      0.01596016089345717
    ],
    [
      0.008633866570677192,
      0.004081997321912191,
      0.021805268804082917,
      0.003835599798353489,
      0.01796757373271744,
      0.018418295237266083,
      0.42262101985309136,
      0.03546366613834437,
      0.04380762973730902,
      0.063282042924948,
      0.029061778549847476,
      0.08119429705092886,
      0.07399453749285519,
      0.005758818402760192,
      0.037678957084904506,
      0.07967325677336765,
      0.0314082229541203,
      0.013583102505958497,
      0.0077300690665552865
    ],
    [
      0.005874044677035787,
      0.011774498788722354,
      0.0218915235913366,
      0.0127756180294988,
      0.011707293826983456,
      0.010604219362650238,
      0.01373601571085312,
      0.6193949358963087,
      0.003543743942980557,
      0.03363400310412342,
      0.03153446602839762,
      0.050825599068298505,
      0.014953932765961698,
      0.020861785277671345,
      0.016112686440498757,
      0.035082523548620966,
      0.04289697615055037,
      0.015256225271496369,
      0.027539908518011247
    ],
    [
      0.002615936503243136,
      0.0054407147280047825,
      0.008746139424912957,
      0.011464451527658336,
      0.019999646421720176,
      0.0036020888971798567,
      0.10042971517232244,
      0.03985979713506421,
      0.46529091558384605,
      0.074235126478669,
      0.0007937405928688824,
      0.06083963176184034,
      0.05826397870001304,
      0.007592339456913282,
      0.011093832294289417,
      0.044989350485081875,
      0.038867154214583276,
      0.01570879852274183,
      0.030166642099047118
    ],
    [
      0.010066679197683451,
      0.0036678212870367827,
      0.004325402791083581,
      0.01568277194800635,
      0.005148645511299708,
      0.023419504861353246,
      0.07819655595573559,
      0.053034353815843524,
      0.020393796307423866,
      0.5095214419588391,
      0.01770863616644989,
      0.06206518368939465,
      0.024335971522518082,
      0.006247630561006845,
      0.029359955697481947,
      0.03986235680746997,
      0.08786297303095639,
      0.00751560964304846,
      0.0015847092473684735
    ],
    [
      0.021845715894323225,
      0.003230649963883302,
      0.005611841708309929,
      0.026926703574807004,
      0.027230296892582495,
      0.005931508120829504,
      0.03884547549749459,
      0.12122027199345603,
      0.004572665929488739,
      0.006173596528402804,
      0.5447679745044466,
      0.09775076068200149,
      0.002954847178940398,
      0.01588570016270395,
      0.0049279346690450625,
      0.049486821404365194,
      0.019713924169037902,
      0.0006357928041067142,
      0.0022875183217751782
    ],
    [
      0.022299725926926164,
      7.235814814600423e-05,
      0.014855477705019693,
      0.010945787179200141,
      0.0024388830039626746,
      0.0020982634014257875,
      0.06467697232563799,
      0.07355277137800978,
      0.05658247067473042,
      0.07338561286491294,
      0.0229367846904004,
      0.5069935906095304,
      0.04813577666759382,
      0.01564908507773022,
      0.009986592345293071,
      0.02597153372835261,
      0.042058553429990264,
      0.005976422984763914,
      0.0013833378583739024
    ],
    [
      0.020507473205271028,
      0.010235873846604274,
      0.018454082665230905,
      0.00016817276783101734,
      0.015005202374684367,
      0.008033709961063904,
      0.08491440593972444,
      0.05640642710177019,
      0.0907303230528175,
      0.05422805808622859,
      0.02034051146791818,
      0.05971788518952356,
      0.48334822401761635,
      0.026173453078073353,
      0.013764662241539041,
      0.02226014640451575,
      0.005390471464557012,
      0.009047439486698065,
      0.0012734776483326316
    ],
    [
      0.008924552943732515,
      0.001906619288839813,
      0.0054252109519671325,
      0.011640869109284305,
      0.007850322274433476,
      0.015412569877707831,
      0.0583261577623784,
      0.0352155208371253,
      0.023429822110750176,
      0.023763122274429525,
      0.003847129688046512,
      0.04703196854271155,
      0.009080513904966704,
      0.6771371205088171,
      0.019247594371583902,
      0.03078153337827564,
      0.018500350789089483,
      0.0015057438795518614,
      0.0009732775063086524
    ],
    [
      0.015751715252369285,
      0.0007953253173446788,
      0.006567221257059786,
      0.025779895558002888,
      0.013109577656570764,
      0.020795601574008653,
      0.1318740319665278,
      0.0703801628391906,
      0.05639133264777743,
      0.1012605169745022,
      0.009763573759542721,
      0.11959870709750177,
      0.03922120668852827,
      0.02359132059365798,
      0.2870517131474476,
      0.04990571443824498,
      0.012938806070829239,
      0.009472097288854519,
      0.00575147987203894
    ],
    [
      0.00769232060535477,
      0.0211273859052816,
      0.011486912518541979,
      0.010261316256856223,
      0.025570966781461087,
      0.003818782316556959,
      0.051147281753297774,
      0.036914804988203306,
      0.07787750856121108,
      0.061191886533944057,
      0.005581520476489848,
      0.08300262011699065,
      0.10088968708625828,
      0.0030997999933267775,
      0.005183755166320466,
      0.4180322778734712,
      0.01773009723162031,
      0.028873046107859058,
      0.030518029726954582
    ],
    [
      0.0047771731431630144,
      0.05238197021504194,
      0.005703037064222141,
      0.0059844598706546605,
      0.0029990387482083537,
      0.005576360600746295,
      0.05796091174778883,
      0.0643639959122081,
      0.030290688881960307,
      0.010881084827003071,
      0.008242528697578798,
      0.039764083708078206,
      0.02595282223701448,
      0.014725316635286392,
      0.007995663968113674,
      0.07128260895822326,
      0.5009117003732553,
      0.002744303014339396,
      0.08746225139711383
    ],
    [
      0.004992496312195181,
      0.004874429752662139,
      0.0032263810871984806,
      0.006492496604150358,
      0.048116126342231086,
      0.013461722848781187,
      0.08513341818570797,
      0.010144236008604517,
      0.08958455338841781,
      0.055656821257756395,
      0.004794776760990215,
      0.04945344200666474,
      0.010689475756279166,
      0.0026752902549287893,
      0.008400997955447057,
      0.04265586220066499,
      0.059095021255780186,
      0.430147208269311,
      0.07040524375222865
    ],
    [
      0.0017273690041000789,
      0.05229753038135112,
      0.002324741461244597,
      0.0019241098068506009,
      0.028941090629950556,
      0.0059662232056296215,
      0.06884410330012158,
      0.014944085992828047,
      0.03681707858961364,
      0.02661789107702846,
      0.002588784582784536,
      0.04348845439450179,
      0.00031004268820359124,
      0.00024112714798295474,
      0.021921512771618894,
      0.03482002564866364,
      0.08762624954726249,
      0.03876953161705109,
      0.5298300481532127
    ]
  ]
}