{
  "poids_LS": 0.9725,
  "poids_EM": 0.02749999999999997,
  "mae_validation": 5.87328481943671,
  "matrice_de_transition": [
    [
      0.34128959796792735,
      0.0001614066726041455,
      0.0005849480668606385,
      0.020770986239578418,
      0.00037741035587008823,
      0.002297656127131549,
      0.14895617855244603,
      0.08420304921168857,
      0.08727390063230488,
      0.06777040382532032,
      0.0009258949428316317,
      0.128712214036196,
      0.0013639817490956954,
      0.002217282607170979,
      0.00041530242477370416,
      0.038217762161188516,
      0.07354228221054819,
      0.00034926507917827616,
      0.0005704771372849899
    ],
    [
      0.0003939415117795546,
      0.6762512319097008,
      0.00013516185478174613,
      0.0007163355526899164,
      0.002362088232671774,
      0.0004695115376030115,
      0.060101618680215775,
      0.004326116547349068,
      0.05552038800072233,
      0.015484315099234244,
      0.0001566976247240463,
      0.043775670161995066,
      0.005075185277358793,
      9.9462613752353e-06,
      0.02990434023101946,
      0.04046877170666639,
      0.044714694994147805,
      0.006469766442602333,
      0.013664218373362727
    ],
    [
      0.0012720859380013503,
      0.0010853048086336289,
      0.5052837880115549,
      0.011800931272330374,
      0.034951457532414756,
      0.0063131501164729684,
      0.08111278899759615,
      0.17667136879828846,
      0.022865072101291947,
      0.007486266109242912,
      0.0003788830520650476,
      0.06827681091977048,
      0.0012302921029554495,
      0.0018436531032331844,
      0.0011260453031323226,
      0.020847549315257195,
      0.05712992194166997,
      4.7808535394284205e-05,
      0.0002768220406945132
    ],
    [
      0.0012434841490216735,
      0.0009517304374135647,
      0.0014048824312230311,
      0.28683792367486594,
      0.0006816226937624814,
      0.0017506154191958374,
      0.13552534679527534,
      0.09513688959436499,
      0.11223901395543644,
      0.09857903165130068,
      0.0018003152055483312,
      0.12731284484110364,
      0.03716364316738486,
      0.0020906848459275105,
      0.01641133230273164,
      0.060472460676698946,
      0.01840246328253738,
      0.00120496068512246,
      0.0007907541910852968
    ],
    [
      0.00039273641266073753,
      0.0030582009285288667,
      0.0005757637106964378,
      0.0015051156140238812,
      0.5414066216810182,
      0.0009175821330569371,
      0.1056456146483494,
      0.04317396581675516,
      0.08163143801396462,
      0.04903286281749739,
      0.0001430700972499939,
      0.04679577954537035,
      0.0008513194807189431,
      0.0001815039433750658,
      2.4983949488059023e-05,
      0.0005987223457789954,
      0.02655403252594227,
      0.046668371057369165,
      0.05084231527815569
    ],
    [
      0.0010269397723811366,
      0.00042185535950220606,
      0.0018694779136946226,
      0.0007980297438861027,
      0.000724145946923428,
      0.5655345805188396,
      0.07429725360382511,
      0.004575581206445326,
      0.038615973338535795,
      0.06903101450958986,
      0.0008906017481228151,
      0.08827527815427597,
      0.0018922409714035788,
      0.0024864913912952444,
      0.02602502611507544,
      0.03615440370925841,
      0.05602022135532277,
      0.01499864974937987,
      0.016362234892242613
    ],
    [
      0.0009311032576220491,
      0.00044021539746111815,
      0.0023515485965187434,
      0.00041364311550870915,
      0.013673819721080088,
      0.001986286741273791,
      0.5497022067837761,
      0.028519743375735568,
      0.03372684215119571,
      0.08164493984148113,
      0.008701852941065744,
      0.09476903035806097,
      0.0677933765722563,
      0.000621049043434922,
      0.017253675840343093,
      0.07096065291839022,
      0.024211534057563863,
      0.0014648443878974833,
      0.0008336348993343926
    ],
    [
      0.0006334754063469959,
      0.0012697988889798604,
      0.002360850583379435,
      0.002899562015959373,
      0.0012625512950668418,
      0.0011435922842073774,
      0.00831188647471002,
      0.7697008708973384,
      0.0013026139505813816,
      0.026546710697001402,
      0.003400775748160524,
      0.0387696033624475,
      0.017253878144003497,
      0.0069818531085742335,
      0.020420909116955425,
      0.027123090999865623,
      0.04907086935566867,
      0.001645279195945685,
      0.019901828474807592
    ],
    [
      0.00028211079936935746,
      0.0005867437451769857,
      0.0009432111144513963,
      0.001236362419649427,
      0.0021568246141070754,
      0.0003884605673429253,
      0.12236681211711778,
      0.04181120016858529,
      0.5353048070242615,
      0.08707938862218378,
      8.559947570154604e-05,
      0.07795404749356258,
      0.04645102244556673,
      0.0008187817061377059,
      0.0011963936787959162,
      0.04055648569357465,
      0.027066797036792364,
      0.0016940861151976462,
      0.012020865162425383
    ],
    [
      0.007483196570393714,
      0.00039554935448435846,
      0.00046646500688156216,
      0.0166166271393905,
      0.0005552460845519286,
      0.0025256328772047592,
      0.08768861065423546,
      0.04197701591714213,
      0.012651005863562569,
      0.6054827678160433,
      0.001909754880695574,
      0.06346256964978525,
      0.007099467807917779,
      0.006591154788449966,
      0.0031662697320813827,
      0.03418022798928694,
      0.1067670309287301,
      0.0008105069222895389,
      0.0001709000168730705
    ],
    [
      0.022622908541928298,
      0.0003484034274776106,
      0.0006051986156020505,
      0.01795212612340651,
      0.0345040617638218,
      0.0006396724444031811,
      0.03903128978671336,
      0.1303750101862394,
      0.0004931306394546673,
      0.000665780017768929,
      0.577116379008533,
      0.08758761824908656,
      0.0003186599898857289,
      0.0017131637430366983,
      0.000531443934897016,
      0.061416381042782825,
      0.023763513441975245,
      6.856589063895929e-05,
      0.0002466931523483033
    ],
    [
      0.002404872403884191,
      7.803329702020054e-06,
      0.001602061321129573,
      0.0011804280291294257,
      0.000263016794544994,
      0.00022628330799689841,
      0.0692936079588222,
      0.08911110958639684,
      0.07333571551479245,
      0.07672533393168873,
      0.0024735748195529816,
      0.5543564225907023,
      0.03930069335267731,
      0.0016876464299512965,
      0.0010769854490021928,
      0.027797559378051347,
      0.05293789980409669,
      0.00606980250334824,
      0.00014918349453051872
    ],
    [
      0.0022115902476272653,
      0.0011038687481632048,
      0.0019901461697798013,
      1.8136278883737146e-05,
      0.0016182080992306652,
      0.0008663804859970867,
      0.08855710252815462,
      0.06502839032242148,
      0.08142159328256528,
      0.06432814323566688,
      0.002193584570069605,
      0.06966085592097768,
      0.5945640673143677,
      0.0028226272927333973,
      0.0014844243593816597,
      0.015926120541082257,
      0.0033088834461159453,
      0.0027585413319616164,
      0.00013733582482018558
    ],
    [
      0.0009624517880495837,
      0.00020561580565919528,
      0.0005850717693297881,
      0.0014090769605522374,
      0.007563291352822138,
      0.010994454549292907,
      0.07067177624047512,
      0.03525731591296044,
      0.025046634559897373,
      0.022074744968475078,
      0.0004148865349854077,
      0.04831661685678235,
      0.000979271107398369,
      0.6969032748885998,
      0.019233143293272303,
      0.03607764365166355,
      0.023037384316211083,
      0.00016238414387323977,
      0.00010496129969995259
    ],
    [
      0.0016987143899613916,
      8.577037736070055e-05,
      0.0007082297434084074,
      0.0027801848150787395,
      0.0014137779825713554,
      0.002242662914844068,
      0.15784170833025463,
      0.07582123203147118,
      0.06590171093913527,
      0.1087706419393673,
      0.0010529344250487236,
      0.137370704682048,
      0.02921428350592976,
      0.00254416202480625,
      0.33825669991497814,
      0.05861460176171346,
      0.014040221900749944,
      0.0010215006880137214,
      0.0006202576332591007
    ],
    [
      0.000829563986851984,
      0.0022784435780205626,
      0.0012387846833721728,
      0.0011066125375041012,
      0.011057721096052157,
      0.00041182946551104416,
      0.05837514458907981,
      0.04434828543540453,
      0.07115516489426908,
      0.06553750189980133,
      0.0006019286788371398,
      0.10010433617953707,
      0.10611990709841929,
      0.00033429215614308347,
      0.0015953398297847215,
      0.5091482855364966,
      0.009615587187343457,
      0.0031137598743769535,
      0.013027511293195038
    ],
    [
      0.0005151853389685599,
      0.038019256093602814,
      0.0006150334088867007,
      0.004292545641976694,
      0.0003234257473558025,
      0.0006013722216491096,
      0.06377484069985113,
      0.07589801236731668,
      0.01882321982949361,
      0.0011734503244807222,
      0.0008889001536604575,
      0.04943173015169192,
      0.02998655913427521,
      0.01149036584129965,
      0.000862277486757356,
      0.058171361521671905,
      0.5709440739169654,
      0.00029595424664444436,
      0.07389243587345196
    ],
    [
      0.0005384064650406561,
      0.0005256737968557202,
      0.00034794305842336513,
      0.0007001712024083711,
      0.005188994017299425,
      0.0014517544248685576,
      0.10481708572464636,
      0.007294364004217317,
      0.06776223130538495,
      0.06406229570990472,
      0.0005170837683420815,
      0.06037271869379132,
      0.0011527866011673599,
      0.0002885116941589867,
      0.001960422520387698,
      0.038170782944322385,
      0.035872558500196904,
      0.5420199892684142,
      0.06695622630016955
    ],
    [
      0.00018628489259902791,
      0.011811181166405628,
      0.0002507074124871622,
      0.000207502037993692,
      0.0031210980091123113,
      0.0006434162280580957,
      0.08441145072599959,
      0.018651382051812656,
      0.04178843613940964,
      0.030743307915987315,
      0.0002791826510846065,
      0.05375886133983935,
      3.343597617881862e-05,
      2.6003908115808813e-05,
      0.022695674271261505,
      0.020072062001246845,
      0.07640794432865672,
      0.014308895979634178,
      0.620603172964117
    ]
  ]
}