{
  "poids_LS": 0.16,
  "poids_EM": 0.84,
  "mae_validation": 8.048221450388844,
  "matrice_de_transition": [
    [
      0.16988023891540638,
      0.004930240181362996,
      0.01786750458774316,
      0.0924691280676346,
      0.011528170870213615,
      0.07018295079238193,
      0.058342977035119856,
      0.038426245650476615,
      0.0477756985860278,
      0.04491381413820131,
      0.02828188189012987,
      0.1878112774014585,
      0.0416634425178322,
      0.06772790509176815,
      0.012685601338542251,
      0.046887201621692735,
      0.030531777247493792,
      0.01066846060035463,
      0.017425483466159714
    ],
    [
      0.012033122541630045,
      0.4322372797312335,
      0.004128580291515159,
      0.021880795063982925,
      0.07215105874342881,
      0.014341443330419276,
      0.02752769485512941,
      0.029743398627798987,
      0.06009613565050689,
      0.012271616178420748,
      0.004786400173389055,
      0.009688651170854441,
      0.016596850322382273,
      0.00030381307473446043,
      0.02845031545888671,
      0.07462805429525611,
      0.09588277816757192,
      0.015868286821675386,
      0.06738372550118392
    ],
    [
      0.0388564431971322,
      0.033151128700081786,
      0.23029333447889092,
      0.024497134853547986,
      0.018231428156382606,
      0.023156529948153953,
      0.04706849932607288,
      0.1669867503918795,
      0.005713332479480064,
      0.04537796290618138,
      0.011573155044896012,
      0.12128622920968493,
      0.03757983150845741,
      0.05631522206239551,
      0.034395565622950985,
      0.029722539456607106,
      0.06587892415121956,
      0.0014603334447708645,
      0.008455655061214231
    ],
    [
      0.0379827885519348,
      0.029071038815541645,
      0.04291277244463082,
      0.1212064985571032,
      0.02082047500947218,
      0.053473343713618365,
      0.0469989448462874,
      0.01870337793855622,
      0.05206338399088019,
      0.06572442391724517,
      0.05499144627856727,
      0.06915135833919604,
      0.07186543062701346,
      0.06386091893014947,
      0.09998130790597998,
      0.05736612598996158,
      0.03286634610697075,
      0.036806071836467905,
      0.024153946200423642
    ],
    [
      0.01199631224127345,
      0.09341413745324548,
      0.0175869642540003,
      0.04597444057382043,
      0.2826550705575989,
      0.02802796333701193,
      0.0445413135846076,
      0.02651228434576529,
      0.11327303872118565,
      0.013522120173733602,
      0.0043701411523634544,
      0.011854656157935413,
      0.026003940501960473,
      0.005544120452183833,
      0.0007631460934534401,
      0.01828824619834024,
      0.04380735939377414,
      0.09145019453564424,
      0.12041455027210213
    ],
    [
      0.03136834213818748,
      0.012885763708431036,
      0.05710405263649035,
      0.02437618126779371,
      0.02211936710602473,
      0.19673863726766855,
      0.014465526437101549,
      0.021252946354424172,
      0.040640283792995134,
      0.05201146976249738,
      0.02720383521538784,
      0.08529740136964516,
      0.05779936058105483,
      0.075951009770473,
      0.06555435006247425,
      0.06780547010794799,
      0.058531885230706564,
      0.0739678608655445,
      0.014926256325151755
    ],
    [
      0.028440972232818985,
      0.013446579413357806,
      0.07182912076639078,
      0.012634916982811493,
      0.029008655476927762,
      0.060672031369817685,
      0.09584082488847344,
      0.053319467527909864,
      0.06972965495874325,
      0.016063165139577076,
      0.08141587297242905,
      0.04628783997544628,
      0.08994037986010944,
      0.018970225326739455,
      0.09020110885663385,
      0.10207709525759531,
      0.049913994402408284,
      0.04474433766668681,
      0.025463756925123295
    ],
    [
      0.019349794230235532,
      0.038786584245203044,
      0.07211325418322645,
      0.038171190635743035,
      0.038565203194769034,
      0.03493154613578902,
      0.02768377660379251,
      0.2328939601793751,
      0.009306649637721293,
      0.051858469293865755,
      0.10387824103472157,
      0.08182673088334394,
      0.009039787508139932,
      0.0565530394267782,
      0.005034399558181616,
      0.055549635816848984,
      0.02702125076596046,
      0.05025580089434098,
      0.04718068577196349
    ],
    [
      0.008617202598918565,
      0.017922354398133403,
      0.02881081222324268,
      0.03776525209110981,
      0.06588118821272529,
      0.011865704602474821,
      0.04402003731427727,
      0.03484190362029571,
      0.28525519473706357,
      0.041207023823916764,
      0.0026146748941563184,
      0.01683113416598317,
      0.0886401519257321,
      0.025010059387479047,
      0.03654438873412984,
      0.0563881456632433,
      0.06921092981461704,
      0.05174663042785543,
      0.07682721136464586
    ],
    [
      0.01670992023928563,
      0.012082234827885872,
      0.014248385664745913,
      0.013281430027304239,
      0.016960244037222568,
      0.07714660424916364,
      0.05378841530245027,
      0.08146750841250425,
      0.04030382887735291,
      0.26276374689745696,
      0.058334330901246685,
      0.05847190550553306,
      0.06865840964577599,
      0.005364282547581675,
      0.09671514817994052,
      0.054473545197083466,
      0.0392525384366811,
      0.024757302353571396,
      0.005220218697213795
    ],
    [
      0.01984722051476733,
      0.010642141057497936,
      0.018486066803844473,
      0.05000418844983684,
      0.008526330080824283,
      0.01953908557449719,
      0.03836766732521778,
      0.09767951664058448,
      0.01506289953243349,
      0.020336553270032764,
      0.4615863629225102,
      0.123884555509497,
      0.009733614236509546,
      0.0523293652418483,
      0.016233196556854325,
      0.018810810905577013,
      0.009300694610056176,
      0.0020943762958809406,
      0.007535354471729999
    ],
    [
      0.07345792070046264,
      0.00023835625271624922,
      0.04893569126359428,
      0.0360567107079534,
      0.00803396754246528,
      0.006911926498814358,
      0.05280562355459287,
      0.03354561598501448,
      0.01350269822885665,
      0.06479775869320377,
      0.0755564672154366,
      0.385203451229374,
      0.07085456233452199,
      0.051549927314876016,
      0.03289701007861247,
      0.02127603920055585,
      0.014083091325145163,
      0.005736304222689933,
      0.004556877651114032
    ],
    [
      0.06755402938206927,
      0.033718172671167015,
      0.06078991936781945,
      0.0005539808822668807,
      0.04942890194013674,
      0.026463985754092857,
      0.0755474718551897,
      0.03423566453438117,
      0.11466705674775175,
      0.028256410559101556,
      0.06700403777667165,
      0.0341502461657844,
      0.197364626968827,
      0.0862184336689475,
      0.045342416795658015,
      0.03854764148191616,
      0.010743126369119753,
      0.02521889188459179,
      0.004194985194507492
    ],
    [
      0.029398527344060045,
      0.006280628245589972,
      0.01787128313589173,
      0.03795119177745248,
      0.008588401787148344,
      0.02677343786506049,
      0.026580281675844003,
      0.0351080477849778,
      0.01927230438437167,
      0.02810466391831239,
      0.01267289779591792,
      0.043728587163672346,
      0.029912281098713845,
      0.6263098663893759,
      0.0192847542872423,
      0.01716296410384957,
      0.0068336931479196636,
      0.004960097485582602,
      0.0032060906090167368
    ],
    [
      0.05188800318427529,
      0.002619895163017765,
      0.02163319943502047,
      0.08492200889695069,
      0.04318449110399781,
      0.06850315812614614,
      0.06510000703123026,
      0.05638884205904057,
      0.03193607418428584,
      0.08194876706484913,
      0.03216236061967014,
      0.07389928473723997,
      0.06495329487235299,
      0.07771258548499099,
      0.15538174717379769,
      0.027511432749326024,
      0.010106593936747432,
      0.031202202833873705,
      0.018946051343187095
    ],
    [
      0.025339409052933356,
      0.06959609474680999,
      0.037839241237550045,
      0.03380198296376167,
      0.06289074140108404,
      0.012579518219246452,
      0.0325613487470011,
      0.01780014098111444,
      0.09516353513334763,
      0.05001744702173963,
      0.01838618509902538,
      0.039026778813299925,
      0.08744054991212998,
      0.010211105860370561,
      0.01441110888884095,
      0.18373397245426332,
      0.03859598020261793,
      0.09511121070824159,
      0.07549364855662197
    ],
    [
      0.015736570353948754,
      0.08931466367017113,
      0.018786475035084696,
      0.010335096458683714,
      0.009879186464686341,
      0.018369187861281916,
      0.04301080872820008,
      0.034705096456214585,
      0.05977846644544608,
      0.03584357354777482,
      0.027151859239083097,
      0.014904421424500092,
      0.015580355929772617,
      0.023043761534109433,
      0.026338657777315633,
      0.10499724522364104,
      0.32082845411800087,
      0.009040056988412128,
      0.12235606274367299
    ],
    [
      0.01644587020487824,
      0.016056945067592927,
      0.010628078875477348,
      0.021387047637201177,
      0.15850018089205534,
      0.044344498795985086,
      0.03451827308558067,
      0.01747247830560017,
      0.14569909588764518,
      0.034042744095089277,
      0.015794558742085414,
      0.021375301954053526,
      0.035212390726566664,
      0.008812720839765423,
      0.02496247764559969,
      0.054188923145545964,
      0.11880992548442292,
      0.14247434284304572,
      0.07927414577180915
    ],
    [
      0.005690156719388495,
      0.15640528550549665,
      0.007657971872335144,
      0.006338244069625508,
      0.09533535736924888,
      0.019653441147956398,
      0.028813781347863863,
      0.005411038984010477,
      0.02403358774728106,
      0.01600967634827713,
      0.008527760978584353,
      0.017078836535062356,
      0.0010213170905530064,
      0.0007943011933556156,
      0.019930811772537894,
      0.0727433607420211,
      0.11647332010939161,
      0.10166830897040885,
      0.29641344149660154
    ]
  ]
}