{
  "poids_LS": 0.4525,
  "poids_EM": 0.5475,
  "mae_validation": 7.245722475095745,
  "matrice_de_transition": [
    [
      0.23158760817431392,
      0.0032134601182098096,
      0.011645784240225452,
      0.06665779700953438,
      0.0075138970850499465,
      0.0457442447128918,
      0.09096372958135727,
      0.05490589493251292,
      0.06199505132268755,
      0.053142186425564154,
      0.018433726589102507,
      0.16653561458996402,
      0.02715563664108706,
      0.04414408099731317,
      0.008268293729585574,
      0.04376620341591122,
      0.04601555903419337,
      0.006953550212731143,
      0.011357681187764812
    ],
    [
      0.007843017370883868,
      0.5200823025154817,
      0.00269094965429113,
      0.014261589639917442,
      0.04702702935955628,
      0.00934754788500542,
      0.039254307432160504,
      0.020593177078837017,
      0.058448866496584456,
      0.013428187789913608,
      0.0031197072558696525,
      0.021959978007665068,
      0.012449050906173821,
      0.0001980210219251394,
      0.0289737643768545,
      0.06233071256336382,
      0.07746226822513924,
      0.012484819485209088,
      0.048044702935168285
    ],
    [
      0.02532607458384509,
      0.02160743209916045,
      0.32928989775065,
      0.019926501564309647,
      0.024250638731754176,
      0.017092913208748797,
      0.059324443607821256,
      0.17047321301818671,
      0.01188795874333234,
      0.031736952059283535,
      0.007543217127476865,
      0.10220283862531572,
      0.0244939973224767,
      0.036705457237097075,
      0.022418538307816267,
      0.02652754300572114,
      0.0627292833557817,
      0.0009518244773952956,
      0.005511275173827133
    ],
    [
      0.024756638966886072,
      0.018948087799415536,
      0.027969932039804017,
      0.1808338115994978,
      0.01357048817581669,
      0.034853161527626256,
      0.07886844954792305,
      0.04621944213464738,
      0.07372661077812043,
      0.07755208270150515,
      0.03584263909228045,
      0.09008949347988278,
      0.05937278714154717,
      0.04162363465982957,
      0.06989611668881057,
      0.05848440647718703,
      0.027659348290174735,
      0.023989671821983548,
      0.015743197077061837
    ],
    [
      0.007819024942972874,
      0.0608860003043475,
      0.01146293205841091,
      0.02996548358829367,
      0.37580562896202985,
      0.018268226103588133,
      0.06653886196755465,
      0.03251048967532164,
      0.10188206246658608,
      0.026305987525488565,
      0.002848395572522609,
      0.02443346057741199,
      0.016948996934313523,
      0.003613578509012677,
      0.000497407721625903,
      0.011920017611418194,
      0.037596161721354666,
      0.07532873808346521,
      0.09536854567428141
    ],
    [
      0.020445437286497198,
      0.008398756702816658,
      0.03721960573628389,
      0.015888046719186973,
      0.014417087488748264,
      0.32950517683809016,
      0.03600494821712204,
      0.015249094901151788,
      0.039911532029389775,
      0.05813850587145067,
      0.01773107116717243,
      0.08636943701211225,
      0.037672797521580384,
      0.04950378315396901,
      0.05132379344141068,
      0.05641108620441974,
      0.0576276862355684,
      0.05273894486372523,
      0.015443208609304463
    ],
    [
      0.01853741940174809,
      0.008764288367634999,
      0.04681719478523685,
      0.00823525839058249,
      0.023488114604822603,
      0.03954516330354188,
      0.2592309223707824,
      0.044391566833127116,
      0.056768642348026144,
      0.03967260403226254,
      0.05523882576113827,
      0.06374106851318757,
      0.08196745867648232,
      0.012364521864749825,
      0.06394003297076917,
      0.09087517601548148,
      0.04066110867826429,
      0.029163720086322655,
      0.01659691299583929
    ],
    [
      0.01261191945363566,
      0.025280541516962702,
      0.047002388887281525,
      0.02547340433262092,
      0.025136248510876244,
      0.02276788274921963,
      0.020709896157322813,
      0.4261444480378419,
      0.006425196790350925,
      0.04274623619899459,
      0.0677063535315596,
      0.06632616497582122,
      0.011996860137050815,
      0.038707412352224774,
      0.010573542999340185,
      0.04531607968273497,
      0.03495911345825542,
      0.03275601308291867,
      0.03736029714498737
    ],
    [
      0.00561656955108085,
      0.011681534563069092,
      0.01877847582407782,
      0.024614851809384074,
      0.04294041731722273,
      0.007733896749827339,
      0.07222487624329986,
      0.03735085037767996,
      0.37527305516045484,
      0.05772107515129289,
      0.0017042077435126003,
      0.03883538296391176,
      0.07345206531287257,
      0.016301199422196162,
      0.023819110514209627,
      0.05068874807416259,
      0.054039042014600164,
      0.033727714475298626,
      0.05349692673184649
    ],
    [
      0.01338829971848454,
      0.007875028057461328,
      0.009286894227914748,
      0.014482100987655294,
      0.011054444774261138,
      0.050283054555258444,
      0.06599248562909293,
      0.06725093111417389,
      0.03034881259238839,
      0.3861425944281481,
      0.03802148353384829,
      0.06026854459746385,
      0.04649719058414704,
      0.00580595655429426,
      0.06303755193871123,
      0.04716795100227672,
      0.06355775573381875,
      0.01613645599830993,
      0.0034024639722911344
    ],
    [
      0.020846468204545276,
      0.006936395510690619,
      0.0120489542560772,
      0.03846544601232192,
      0.01787831348670339,
      0.012735296847663346,
      0.03860657141135619,
      0.10944989431702026,
      0.009817782730961115,
      0.013255074899217784,
      0.5031771687134784,
      0.11081765809574926,
      0.0063442307077249726,
      0.03410753270227612,
      0.010580565612949693,
      0.034148816154971104,
      0.01450730938954704,
      0.0013650845499938275,
      0.004911436396752588
    ],
    [
      0.047878823313694405,
      0.00015535720043112673,
      0.03189558448430699,
      0.023501248943576775,
      0.005236425273213978,
      0.004505094950120073,
      0.05874129794011543,
      0.053549193681512126,
      0.035042584451793535,
      0.06909168577905836,
      0.0492466259529185,
      0.4460985209194522,
      0.059495169501057904,
      0.03359950619630312,
      0.02144180121195277,
      0.02362378646445423,
      0.028070822377567715,
      0.005856363603726923,
      0.0029701077547439666
    ],
    [
      0.04403075129367015,
      0.021977023258885647,
      0.03962200101652518,
      0.000361076825048949,
      0.03221705215741055,
      0.01724884785757838,
      0.08023093889745707,
      0.04532104581807568,
      0.10269868990028463,
      0.04124223432266507,
      0.043672274622294914,
      0.046934065677653986,
      0.34035642549322165,
      0.05619594337351043,
      0.02955353951859853,
      0.030403893943215955,
      0.008066798916838383,
      0.01713316568564493,
      0.0027342314214200618
    ],
    [
      0.019161540143896278,
      0.0040936237672148925,
      0.01164824704392943,
      0.02479603044336839,
      0.00821936203079091,
      0.02109300387138416,
      0.0424532197191112,
      0.03516178431105155,
      0.021351063247560923,
      0.02593389309637096,
      0.008260013741982217,
      0.045380277853191944,
      0.019496397501840273,
      0.6517234934490965,
      0.0192661743294131,
      0.02397224874106261,
      0.012667021968504574,
      0.0032329206825672317,
      0.0020896840576626946
    ],
    [
      0.033819859218322285,
      0.001707610240181222,
      0.014100210346040127,
      0.05535095222747679,
      0.028147034380284288,
      0.0446493798500774,
      0.09848701949887904,
      0.06338450244911559,
      0.04416370341603164,
      0.09160464201967566,
      0.02096296718960643,
      0.09674899591737088,
      0.05208725078044063,
      0.05065195303932449,
      0.22121673016062265,
      0.0387085735937855,
      0.011522700003788336,
      0.020337150061364113,
      0.012348765607613017
    ],
    [
      0.016515864829144064,
      0.04536174032604579,
      0.024663076878046013,
      0.022031649610308946,
      0.044230854091272566,
      0.008199150267901707,
      0.04185431525014943,
      0.027357472984658873,
      0.08652052184727935,
      0.055604666777841844,
      0.011983852787757614,
      0.061014699465145296,
      0.09416511849919412,
      0.006655452926848669,
      0.009797432027580709,
      0.3008831251638673,
      0.02816303871711912,
      0.06199212840805032,
      0.053005839141788275
    ],
    [
      0.010256871748555883,
      0.07084831694260654,
      0.01224475604965342,
      0.00815977816466919,
      0.0064391126064473475,
      0.011972774231014106,
      0.05048586023799445,
      0.04953454618421134,
      0.04503457766370319,
      0.023362329187388946,
      0.017697193968330947,
      0.027334252566289147,
      0.02076658908339355,
      0.018884539084697914,
      0.017167160872714655,
      0.08813992709093214,
      0.41087007724562813,
      0.005892180001375762,
      0.10490915707039342
    ],
    [
      0.010719183258536711,
      0.010465687410127532,
      0.006927229981337914,
      0.013939772120675768,
      0.10330815361714321,
      0.028903110822383137,
      0.05982584563564432,
      0.013808357157102342,
      0.1176418246380315,
      0.04484978267642283,
      0.010294667751537815,
      0.035414371980359134,
      0.022950933241422916,
      0.005744005547347106,
      0.016681737800523372,
      0.04842239267310547,
      0.08895247337010156,
      0.28631077555617834,
      0.07483969476201889
    ],
    [
      0.003708762861744287,
      0.10435140794342389,
      0.0049913566667898705,
      0.004131176938238054,
      0.06213822399959972,
      0.01280983217679301,
      0.04882894232399272,
      0.010177562488419261,
      0.030425333168447345,
      0.021313783712652797,
      0.0055582727806844446,
      0.030283645464782072,
      0.0006656798893782987,
      0.0005177141706692851,
      0.020926162272078393,
      0.05378169319534237,
      0.10204978482832704,
      0.07021892029372998,
      0.41312174482490716
    ]
  ]
}