{
  "poids_LS": 0.66,
  "poids_EM": 0.33999999999999997,
  "mae_validation": 6.687210536858599,
  "matrice_de_transition": [
    [
      0.27536292140926544,
      0.0019955734067421647,
      0.007232085190276992,
      0.048347194634984644,
      0.004666164399848368,
      0.028407384844535543,
      0.11410494719962828,
      0.06659658630353013,
      0.07208228446065984,
      0.05897940779181301,
      0.011447428384100185,
      0.15144262302283545,
      0.01686377435245589,
      0.027413675870477584,
      0.0051346481608385295,
      0.04155216195369014,
      0.05699978030168111,
      0.004318186433476873,
      0.007053171879159883
    ],
    [
      0.0048705496001835895,
      0.5823997118410595,
      0.0016710920227561356,
      0.008856512287802612,
      0.029203999967578328,
      0.005804869919455421,
      0.047573186439797945,
      0.014101994270599038,
      0.05728029094294716,
      0.01424866166815213,
      0.0019373524511336654,
      0.030665278242325594,
      0.009506594910060132,
      0.0001229719588210911,
      0.029345099934045327,
      0.05360695731766244,
      0.06439472698392631,
      0.010084581973015046,
      0.03432556726867857
    ],
    [
      0.015727607960743982,
      0.013418313997652151,
      0.39951822896053035,
      0.01668408649587561,
      0.02852067700317162,
      0.012791373128657963,
      0.06801883143162565,
      0.17294651556505425,
      0.016268249169825836,
      0.022059995646526942,
      0.004684372280076957,
      0.08866504872358372,
      0.015210884181994663,
      0.022794256549064848,
      0.01392201465690873,
      0.02426100706193024,
      0.06049492279149673,
      0.0005910873466929689,
      0.003422527048586712
    ],
    [
      0.015373985842449799,
      0.011766849044385902,
      0.017369455513302948,
      0.22313352939880338,
      0.008427335122881597,
      0.021643972455512195,
      0.1014767306610492,
      0.06573938511136163,
      0.08909454089214558,
      0.08594264406127933,
      0.022258442541324846,
      0.10494304234036995,
      0.05051048449801125,
      0.025848467186012882,
      0.04855363061167331,
      0.059277716566415346,
      0.023965495138088676,
      0.014897695743332247,
      0.009776597271600044
    ],
    [
      0.004855650192896396,
      0.03781048420726603,
      0.007118533150428693,
      0.01860870213702255,
      0.441886794325857,
      0.011344651826885781,
      0.08214396039306408,
      0.03676562678945136,
      0.09380128443981886,
      0.03537488487758825,
      0.0017688666569090172,
      0.033356885934818455,
      0.010525404488888761,
      0.0022440487544553613,
      0.000308892466397821,
      0.0074023853659948595,
      0.03318992747510838,
      0.06389214931824419,
      0.07760086719890433
    ],
    [
      0.012696709913075884,
      0.005215666262936371,
      0.0231135451147699,
      0.009866549560773643,
      0.008953077161962392,
      0.42368998696069693,
      0.051285050847392974,
      0.01098995241720642,
      0.03939455428255862,
      0.06248503576070814,
      0.011011076158609362,
      0.08712994092941796,
      0.023394979282807905,
      0.030742075383286688,
      0.04122861224869037,
      0.04832789078567747,
      0.05698624592277808,
      0.03767911556328934,
      0.01580993544336151
    ],
    [
      0.011511822094236254,
      0.005442663095882921,
      0.02907369173877722,
      0.005114133064471318,
      0.019571833473329192,
      0.02455772698302144,
      0.37514013682404435,
      0.038058098818879525,
      0.0475740778464063,
      0.056421180340748806,
      0.03666878372235933,
      0.07612241867243993,
      0.07631145475989212,
      0.0076784245370135895,
      0.045310380846608767,
      0.08292851535654602,
      0.03409709572865787,
      0.018110803341277994,
      0.010306758755407047
    ],
    [
      0.007832059569381048,
      0.01569933171829647,
      0.029188698121782132,
      0.016465573023568474,
      0.015609725102644608,
      0.014138959150200317,
      0.015762613447434053,
      0.5632366744673525,
      0.004381089214865963,
      0.03628200246502615,
      0.04204595470453016,
      0.055330037024330744,
      0.014094612514825203,
      0.026047694000191145,
      0.014503020825119343,
      0.03805637746793615,
      0.040590246821165514,
      0.02034163369532849,
      0.030393696666021403
    ],
    [
      0.003487915337657514,
      0.007254286304006376,
      0.011661519233217274,
      0.015285935370211112,
      0.026666195228960233,
      0.004802785196239808,
      0.09223343719294835,
      0.03913070149616622,
      0.4391318792214931,
      0.06943617139208108,
      0.0010583207904918432,
      0.054445234675262806,
      0.06267761070716879,
      0.010123119275884374,
      0.014791776392385887,
      0.046645585681908755,
      0.04327607887441724,
      0.0209450646969891,
      0.03694638293251018
    ],
    [
      0.011031936443044451,
      0.00489042838271571,
      0.005767203721444774,
      0.015333859019357323,
      0.006864860681732943,
      0.031226006481804326,
      0.07465007398047192,
      0.057165666876896795,
      0.0232867070227127,
      0.4736677597704332,
      0.023611514888599847,
      0.06154308344045749,
      0.030775983899401706,
      0.0061192808496544696,
      0.03914660759664259,
      0.041985349992285606,
      0.08079991843178819,
      0.010020812857397947,
      0.0021129456631579645
    ],
    [
      0.021555336223789464,
      0.004307533285177735,
      0.007482455611079904,
      0.030279842402802792,
      0.02451262650113045,
      0.007908677494439338,
      0.03877605037844582,
      0.11779982036098752,
      0.006096887905984985,
      0.008231462037870405,
      0.5326817574369858,
      0.10154797873385982,
      0.0039397962385871975,
      0.02118093355027193,
      0.00657057955872675,
      0.045029623297703665,
      0.018200890814314065,
      0.0008477237388089522,
      0.003050024429033571
    ],
    [
      0.029732967902568214,
      9.647753086133896e-05,
      0.019807303606692923,
      0.014594382905600186,
      0.003251844005283566,
      0.0027976845352343832,
      0.06295207549565707,
      0.06773976589355747,
      0.050323016558663294,
      0.0721378049938099,
      0.03058237958720053,
      0.4892975874517299,
      0.051436796807232954,
      0.02086544677030696,
      0.01331545646039076,
      0.025289282386706927,
      0.03799374269680764,
      0.005941533933864276,
      0.0018444504778318696
    ],
    [
      0.027343297607028035,
      0.013647831795472364,
      0.024605443553641207,
      0.00022423035710802312,
      0.020006936499579152,
      0.010711613281418536,
      0.08355339842316811,
      0.05318503425009829,
      0.0942083099999447,
      0.050454399898526375,
      0.027120681957224235,
      0.05600292909205719,
      0.44179505179685213,
      0.03489793743743113,
      0.01835288298871872,
      0.02462670551832606,
      0.006168207647271256,
      0.011397137698357837,
      0.0016979701977768418
    ],
    [
      0.011899403924976683,
      0.002542159051786417,
      0.0072336146026228424,
      0.015463736505513867,
      0.007957564596793755,
      0.017063294286126594,
      0.05371350910023238,
      0.035199905094505574,
      0.022825738338541332,
      0.024393944564566353,
      0.005129506250728682,
      0.04655199005174004,
      0.012107351873288937,
      0.6697519639273599,
      0.019252993675568455,
      0.028802766902504332,
      0.016805195405329768,
      0.0020076585060691482,
      0.0012977033417448697
    ],
    [
      0.021002287003159044,
      0.0010604337564595716,
      0.008756295009413046,
      0.03437319407733718,
      0.017479436875427683,
      0.02772746876534487,
      0.12217182321524526,
      0.06834723588822864,
      0.05283800449496241,
      0.09845453621839878,
      0.013018098346056961,
      0.11295862008789109,
      0.04296005710840023,
      0.031455094124877306,
      0.2679201796299088,
      0.046651844449256755,
      0.012527288068441285,
      0.012629463051806024,
      0.007668639829385252
    ],
    [
      0.010256427473806357,
      0.0281698478737088,
      0.01531588335805597,
      0.013681755009141629,
      0.030993498136449034,
      0.005091709755409278,
      0.04844676157289569,
      0.03413746064529296,
      0.08038915344776082,
      0.05956825002362376,
      0.007442027301986463,
      0.07661296796175354,
      0.09893553894984647,
      0.004133066657769037,
      0.006524481775575579,
      0.3839889343510222,
      0.020761892193218254,
      0.03849739481047874,
      0.0370529487022054
    ],
    [
      0.006369564190884019,
      0.05774825900766755,
      0.007604049418962853,
      0.006616603648402473,
      0.003998718330944471,
      0.007435147467661727,
      0.05578867455690842,
      0.06005458317073896,
      0.0345752377587061,
      0.01450811310267076,
      0.010990038263438395,
      0.03615199602584891,
      0.02444571174792806,
      0.015933979569303414,
      0.010660885290818232,
      0.07618131679166004,
      0.4747457586096714,
      0.003659070685785861,
      0.0925322923619985
    ],
    [
      0.006656661749593574,
      0.006499239670216184,
      0.004301841449597973,
      0.008656662138867142,
      0.06415483512297478,
      0.017948963798374913,
      0.07777908086346724,
      0.01120902335090303,
      0.0977379484524081,
      0.052516314319591084,
      0.006393035681320286,
      0.04537371225543063,
      0.014252634341705555,
      0.0035670536732383853,
      0.010807366799315387,
      0.04433160609863915,
      0.06777154580182229,
      0.38834858679711864,
      0.07169388763541555
    ],
    [
      0.0023031586721334383,
      0.06742429821990217,
      0.003099655281659463,
      0.0025654797424674676,
      0.03858812083993407,
      0.007954964274172827,
      0.06302773173440893,
      0.01355894241035028,
      0.034959648296283265,
      0.02507652654379109,
      0.0034517127770460477,
      0.0396511594918482,
      0.0004133902509381216,
      0.00032150286397727296,
      0.02163226561790627,
      0.04033025382462156,
      0.09181770424432398,
      0.0479086702068552,
      0.4959148147073803
    ]
  ]
}