{
  "poids_LS": 0.7,
  "poids_EM": 0.30000000000000004,
  "mae_validation": 6.580927738274867,
  "matrice_de_transition": [
    [
      0.2838015360087741,
      0.0017608000647724989,
      0.006381251638479701,
      0.04481743996037265,
      0.004117203882219149,
      0.02506533956870784,
      0.11856590481278895,
      0.0688502135557744,
      0.07402681133063041,
      0.06010465528410195,
      0.010100672103617814,
      0.1485331306725456,
      0.014879800899225788,
      0.024188537532774345,
      0.004530571906622233,
      0.041125358780249935,
      0.05911722054601609,
      0.003810164500126654,
      0.006223386952199899
    ],
    [
      0.004297543764867874,
      0.5944127064098456,
      0.001474492961255414,
      0.007814569665708189,
      0.025768235265510295,
      0.005121944046578314,
      0.049176825766571425,
      0.012850681922023044,
      0.05705502336634238,
      0.014406825307330642,
      0.0017094286333532345,
      0.032343408408043284,
      0.008939374477074363,
      0.0001085046695480216,
      0.029416682692058015,
      0.05192526955945495,
      0.061875682889234666,
      0.00962188558512222,
      0.031680914610078145
    ],
    [
      0.013877301141832929,
      0.011839688821457783,
      0.4130562205190615,
      0.01605904262726182,
      0.029343816910914738,
      0.011962160583098284,
      0.06969485800006989,
      0.17342329677890822,
      0.017112642505053496,
      0.02019455826575459,
      0.004133269658891434,
      0.08605535428469563,
      0.013421368395877648,
      0.0201125793079984,
      0.012284130579625354,
      0.02382408447035609,
      0.060064202682718906,
      0.0005215476588467374,
      0.0030198768075765116
    ],
    [
      0.013565281625691001,
      0.010382513862693446,
      0.015325990158796723,
      0.23128769186613937,
      0.007435883931954352,
      0.019097622754863704,
      0.10583495352623014,
      0.06950226568518605,
      0.0920570334442468,
      0.08756010167280207,
      0.019639802242345458,
      0.10780637706046386,
      0.048802088807691074,
      0.02280747104648196,
      0.04443941642812878,
      0.059430643812531644,
      0.023253427060578112,
      0.013145025655881397,
      0.00862640935729416
    ],
    [
      0.004284397229026233,
      0.03336219194758768,
      0.006281058662142965,
      0.016419443062078726,
      0.45462533222731755,
      0.01000998690607569,
      0.08515217213774061,
      0.03758589418494625,
      0.09224354409730952,
      0.03712310605389661,
      0.0015607646972726626,
      0.03507706431696909,
      0.009287121607843027,
      0.001980043018637084,
      0.0002725521762333715,
      0.00653151649940723,
      0.032340532921615116,
      0.06168750570085219,
      0.07417577255304851
    ],
    [
      0.01120297933506696,
      0.004602058467296799,
      0.02039430451303227,
      0.00870577902421204,
      0.007899773966437406,
      0.4418460949361392,
      0.05423061280021629,
      0.010168912902229002,
      0.0392948959217237,
      0.06332292104056499,
      0.009715655434067086,
      0.08727654409419978,
      0.02064262877894816,
      0.02712536063231179,
      0.03928255322358766,
      0.046769684439895834,
      0.0568625947781438,
      0.03477601593910894,
      0.015880629772818292
    ],
    [
      0.010157490083149638,
      0.004802349790484932,
      0.02565325741656814,
      0.004512470351004105,
      0.01881688771304131,
      0.021668582632077747,
      0.39748408177889,
      0.0368371893221571,
      0.04580163167741935,
      0.05964982155684254,
      0.033089016582353754,
      0.07850918496819942,
      0.07522114075187475,
      0.006775080473835521,
      0.04171912260580677,
      0.08139662896446209,
      0.03283174383475784,
      0.015980120595245294,
      0.00909419890182975
    ],
    [
      0.006910640796512692,
      0.013852351516143948,
      0.025754733636866593,
      0.014729123614594513,
      0.013773286855274656,
      0.012475552191353224,
      0.01480892039492538,
      0.5896640916103907,
      0.003987044381037537,
      0.03503588511871898,
      0.03709937179811486,
      0.053210301515609695,
      0.014498998515360025,
      0.023607266366064188,
      0.01526051052647436,
      0.036656916800023115,
      0.04167576650558191,
      0.017948500319407496,
      0.029050737537546036
    ],
    [
      0.003077572356756631,
      0.006400840856476216,
      0.010289575794015245,
      0.01348759003253922,
      0.023528995790259036,
      0.004237751643741008,
      0.09609050918324204,
      0.03947380532623586,
      0.4514420139802474,
      0.07169450319753423,
      0.0009338124621986853,
      0.057454362716005174,
      0.06060060740968374,
      0.008932164066956804,
      0.013051567405046375,
      0.04586618088340199,
      0.04120129079920126,
      0.0184809394385198,
      0.03375591665793933
    ],
    [
      0.010577697739345157,
      0.004315083867102098,
      0.005088709165980684,
      0.01549805333872157,
      0.006057230013293775,
      0.02755235866041559,
      0.07631900667471365,
      0.0552215195540482,
      0.021925337274341487,
      0.4905400808002713,
      0.020833689607588107,
      0.06178877767525144,
      0.027745389839691766,
      0.006179680713820293,
      0.03454112434997877,
      0.040986294375901774,
      0.08412370883139675,
      0.008841893697704072,
      0.0018643638204334984
    ],
    [
      0.021691985480511232,
      0.0038007646633921206,
      0.006602166715658741,
      0.02870189471904007,
      0.02579153021475494,
      0.006978244848034712,
      0.03880872102270407,
      0.11940944465861975,
      0.0053796069758691055,
      0.007263054739297417,
      0.5383693889981438,
      0.09976105259180884,
      0.00347629079875341,
      0.018689059014945823,
      0.005797570198876546,
      0.0471271282890738,
      0.018912906510654692,
      0.0007479915342431932,
      0.0026911980256178573
    ],
    [
      0.026234971678736667,
      8.512723311294617e-05,
      0.017477032594140816,
      0.012877396681411933,
      0.0028692741223090294,
      0.002468545178147986,
      0.0637637916509422,
      0.0704752978862409,
      0.05326864202504782,
      0.07272500869785839,
      0.02698445257694165,
      0.49762511834951834,
      0.049883375565049834,
      0.018410688326741437,
      0.011748932170933027,
      0.02561034184159901,
      0.039906594806540636,
      0.005957952310758223,
      0.0016274563039692972
    ],
    [
      0.024126439065024742,
      0.012042204525416794,
      0.02171068548850695,
      0.00019785031509531457,
      0.017653179264334552,
      0.009451423483604594,
      0.08419387254860639,
      0.05470098382735566,
      0.09257161026012013,
      0.05223023904568036,
      0.02393001349166845,
      0.057751143726159006,
      0.46134948578309404,
      0.03079229773890983,
      0.01619372028416358,
      0.023513030641238858,
      0.005802214149523376,
      0.010291397363459123,
      0.0014982089980383902
    ],
    [
      0.010499474051450018,
      0.002243081516282133,
      0.006382601119961333,
      0.013664740083758783,
      0.007907097621565388,
      0.01628648279981188,
      0.05588416729418345,
      0.0352072536792678,
      0.023110013054874905,
      0.02409708701626667,
      0.004526034927113544,
      0.04677786228278545,
      0.010682957535254946,
      0.6732273317303986,
      0.019250452826634547,
      0.02973395112639671,
      0.017602915585922575,
      0.0017714633877080725,
      0.0011450323603631205
    ],
    [
      0.01853142970866975,
      0.0009356768439349163,
      0.007726142655364455,
      0.030329288891768107,
      0.015423032537142079,
      0.02446541361648077,
      0.12673756850996645,
      0.06930390739456369,
      0.054510158919816545,
      0.09977499775068274,
      0.011486557364167909,
      0.11608336691594318,
      0.04120059808728402,
      0.027754494816068218,
      0.27692325422639763,
      0.04818307738525121,
      0.012720943598976792,
      0.011143643869240612,
      0.006766446908281106
    ],
    [
      0.009049788947476201,
      0.024855748123860714,
      0.013514014727696448,
      0.012072136772772028,
      0.02844171867527824,
      0.004492685078302305,
      0.049717594598967255,
      0.03544444621842724,
      0.07920720291291389,
      0.060332314263774486,
      0.006566494678223352,
      0.07961986309362984,
      0.09985513807286378,
      0.003646823521560915,
      0.00589355160651435,
      0.4000093313027629,
      0.019335165152466284,
      0.03396828953865772,
      0.03397769271385208
    ],
    [
      0.005620203697838841,
      0.055222946634667265,
      0.006709455369673108,
      0.006319124223579973,
      0.0035282808802451224,
      0.006560424236172114,
      0.05681090382320508,
      0.0620825421079009,
      0.0325589794637669,
      0.012801276267062438,
      0.009697092585386822,
      0.03785180199395681,
      0.02515494021338049,
      0.015365197012118931,
      0.009406663491898441,
      0.07387604251710156,
      0.487059142969005,
      0.0032285917815757605,
      0.09014639073146455
    ],
    [
      0.005873525073170802,
      0.005734623238426047,
      0.0037957424555276247,
      0.007638231299000421,
      0.056607207461448344,
      0.015837320998566103,
      0.08123994548569817,
      0.010707946954527259,
      0.09390105665758916,
      0.05399419993755123,
      0.005640913836459077,
      0.04729358507954079,
      0.012575853830916668,
      0.0031474002999162232,
      0.009674957931612646,
      0.043543020734886605,
      0.06368847542721424,
      0.40801852631344443,
      0.07108746698450406
    ],
    [
      0.0020321988283530344,
      0.06030581923705463,
      0.002734989954405409,
      0.0022636585962948247,
      0.0340483419175889,
      0.0070190861242701436,
      0.06576484776533253,
      0.014210774684457464,
      0.03583373314020344,
      0.025801874559432204,
      0.003045628920922984,
      0.041456945328391066,
      0.0003647561037689309,
      0.0002836789976270056,
      0.02176838192553574,
      0.037737205271229604,
      0.08984525497511858,
      0.043607899105770925,
      0.5118749245642426
    ]
  ]
}