{
  "poids_LS": 0.9875,
  "poids_EM": 0.012499999999999956,
  "mae_validation": 5.8352935837012145,
  "matrice_de_transition": [
    [
      0.34445407844274306,
      7.33666693655205e-05,
      0.0002658854849366532,
      0.019447328236598917,
      0.00017155016175913058,
      0.001044389148696156,
      0.1506290376573813,
      0.08504815943128018,
      0.08800309820854385,
      0.06819237163492867,
      0.00042086133765074067,
      0.12762115440483732,
      0.0006199917041344056,
      0.0010078557305322605,
      0.00018877382944259234,
      0.038057710971148434,
      0.0743363223021738,
      0.00015875685417194332,
      0.0002593077896749948
    ],
    [
      0.00017906432353616074,
      0.6807561048729956,
      6.143720671897535e-05,
      0.00032560706940450667,
      0.0010736764693962584,
      0.00021341433527409564,
      0.06070298342775583,
      0.0038568744166330693,
      0.05543591265949553,
      0.015543626463926185,
      7.12261930563845e-05,
      0.044404968974139196,
      0.004862477614989129,
      4.521027897834217e-06,
      0.02993118376527422,
      0.039838138797338586,
      0.043770053458638436,
      0.006296255297142523,
      0.012672473626387567
    ],
    [
      0.0005782208809097032,
      0.0004933203675607391,
      0.5103605348460042,
      0.0115665398216002,
      0.035260134997818424,
      0.006002195411888088,
      0.08174129896076274,
      0.1768501617534837,
      0.02318171960200232,
      0.006786727091453278,
      0.00017221956912047575,
      0.06729817550518744,
      0.0005592236831615666,
      0.0008380241378332636,
      0.0005118387741510545,
      0.02068370334341689,
      0.056968401900878284,
      2.1731152451947312e-05,
      0.00012582820031568752
    ],
    [
      0.0005652200677371229,
      0.000432604744278892,
      0.0006385829232831944,
      0.28989573460011697,
      0.0003098284971647635,
      0.0007957342814526514,
      0.13715968036971818,
      0.09654796980954916,
      0.1133499486624744,
      0.0991855782556217,
      0.0008183250934310577,
      0.12838659536113886,
      0.03652299478351479,
      0.0009503112936034115,
      0.014868501983902438,
      0.06052980839399256,
      0.01813543775347092,
      0.0005477094023283895,
      0.0003594337232205886
    ],
    [
      0.00017851655120942572,
      0.0013900913311494815,
      0.00026171077758928925,
      0.0006841434609199444,
      0.546183573394066,
      0.00041708278775315225,
      0.10677369405260309,
      0.043481566090065746,
      0.08104728538552361,
      0.04968844575861303,
      6.50318623863607e-05,
      0.04744084643867684,
      0.00038696340032679134,
      8.250179244321152e-05,
      1.1356340676390438e-05,
      0.0002721465208086336,
      0.026235509568382297,
      0.04584162970084716,
      0.04955790478595976
    ],
    [
      0.00046679080562778824,
      0.00019175243613736592,
      0.0008497626880430082,
      0.00036274079267550034,
      0.00032915724860155737,
      0.5723431210096305,
      0.07540183933613386,
      0.004267691388328793,
      0.0385786014532227,
      0.06934522148953617,
      0.00040481897641946046,
      0.08833025434106916,
      0.00086010953245617,
      0.0011302233596796538,
      0.025295253980661923,
      0.0355700763295903,
      0.05597385217608492,
      0.013909987390312215,
      0.016388745265788904
    ],
    [
      0.0004232287534645667,
      0.0002000979079368714,
      0.0010688857256903352,
      0.0001880195979585037,
      0.01339071506097213,
      0.0009028576096699029,
      0.5580811861418432,
      0.028061902314464655,
      0.0330621748378256,
      0.0828556802975163,
      0.007359440263563651,
      0.09566406771897079,
      0.06738450881924979,
      0.00028229501974314566,
      0.01590695400004234,
      0.07038619552135875,
      0.023737027097351353,
      0.0006658383581352181,
      0.00037892495424290485
    ],
    [
      0.0002879433665213611,
      0.0005771813131726624,
      0.0010731139015361041,
      0.0022483934875941356,
      0.0005738869523031086,
      0.0005198146746397157,
      0.007954251580019268,
      0.7796111523259778,
      0.0011548471378957218,
      0.026079416692136214,
      0.00154580715825478,
      0.037974702546677105,
      0.017405522894204058,
      0.00606669274577662,
      0.020704967754963555,
      0.026598293249398237,
      0.049477939237324825,
      0.0007478541799753096,
      0.019398218801629327
    ],
    [
      0.0001282321815315258,
      0.0002667017023531747,
      0.00042873232475063364,
      0.0005619829180224655,
      0.0009803748245941228,
      0.00017657298515587469,
      0.12381321411347793,
      0.041939864104861405,
      0.5399211075587944,
      0.08792626304922871,
      3.8908852591611746e-05,
      0.07908247050884097,
      0.045672146209009834,
      0.00037217350278986546,
      0.0005438153085435969,
      0.040264208894134616,
      0.026288751508586367,
      0.0007700391432716555,
      0.01082444030946131
    ],
    [
      0.007312857056506479,
      0.00017979516112925342,
      0.00021202954858252774,
      0.016678200009152096,
      0.0002523845838872397,
      0.0011480149441839786,
      0.08831446041457611,
      0.04124796067107391,
      0.012140492207923362,
      0.6118098882022326,
      0.0008680704003161679,
      0.06355470498783299,
      0.005962995035526549,
      0.00661380473751215,
      0.0014392135145824432,
      0.033805582133143004,
      0.10801345232858334,
      0.000368412237404335,
      7.768182585139548e-05
    ],
    [
      0.02267415201319896,
      0.00015836519430800444,
      0.00027509027981911316,
      0.017360395741995487,
      0.034983650656430984,
      0.00029076020200144524,
      0.039043541278310195,
      0.13097861929785148,
      0.00022415029066121187,
      0.00030262728080405793,
      0.5792492408439673,
      0.08691752094581745,
      0.00014484544994805822,
      0.0007787107922894064,
      0.0002415654249531885,
      0.06220294541454663,
      0.02403051932810298,
      3.11663139267996e-05,
      0.0001121332510674103
    ],
    [
      0.001093123819947357,
      3.5469680463727436e-06,
      0.0007282096914225314,
      0.0005365581950588286,
      0.00011955308842954246,
      0.00010285604908949902,
      0.06959800151705411,
      0.09013693408365314,
      0.07444032506468665,
      0.07694553532070691,
      0.001124352190705898,
      0.5574792466773729,
      0.03871816038685864,
      0.0007671120136142238,
      0.000489538840455541,
      0.02791795667363588,
      0.053655219345246564,
      0.0060759593946834705,
      6.78106793320538e-05
    ],
    [
      0.0010052682943760272,
      0.0005017585218923645,
      0.000904611895354453,
      8.24376312897141e-06,
      0.0007355491360139369,
      0.00039380931181685663,
      0.08879728032519395,
      0.06559687141389299,
      0.08080783088013106,
      0.06499408291584963,
      0.0009970838954861817,
      0.07031643640876586,
      0.6018969800592086,
      0.0012830124057879048,
      0.00067473834517348,
      0.01550849246217455,
      0.0031716358844604904,
      0.0023438887063745974,
      6.242537491826603e-05
    ],
    [
      0.00043747808547708243,
      9.346172984508853e-05,
      0.0002659417133317212,
      0.0007344533023940785,
      0.0075443662371115,
      0.010703150241924891,
      0.07148577306320676,
      0.035260071632246266,
      0.02515323757852246,
      0.021963423387862696,
      0.0001885847886297303,
      0.04840131894342438,
      0.00044512323063562113,
      0.6982065378147393,
      0.019232190474922087,
      0.0364268377356232,
      0.023336529383933383,
      7.381097448783609e-05,
      4.7709681681796514e-05
    ],
    [
      0.0007721429045279034,
      3.8986535163954705e-05,
      0.0003219226106401844,
      0.0012637203704903332,
      0.0006426263557142509,
      0.0010193922340200284,
      0.15955386281577508,
      0.0761799838463468,
      0.06652876884845557,
      0.10926581501397378,
      0.00047860655684032777,
      0.13854248474256756,
      0.028554486373011178,
      0.0011564372840028381,
      0.34163285288866146,
      0.05918881411271139,
      0.014112842724700758,
      0.0004643184945516904,
      0.0002819352878450451
    ],
    [
      0.00037707453947817364,
      0.0010356561718275258,
      0.0005630839469873499,
      0.0005030056988654993,
      0.010100803798113105,
      0.0001871952115959287,
      0.05885170697385665,
      0.04483840502532989,
      0.07071193344370147,
      0.06582402598985786,
      0.00027360394492597197,
      0.10123192185399067,
      0.10646475676955078,
      0.00015195098006503757,
      0.0013587410163867601,
      0.5151559343933992,
      0.009080564547061465,
      0.0014153453974440663,
      0.01187429029756254
    ],
    [
      0.00023417515407661753,
      0.0370722639537277,
      0.0002795606404030451,
      0.0041809908576682575,
      0.00014701170334354622,
      0.0002733510098405037,
      0.06415817667471237,
      0.07665849696875242,
      0.01806712296889141,
      0.0005333865111275996,
      0.0004040455243911161,
      0.05006915738973238,
      0.030252519808819874,
      0.011277072382355471,
      0.0003919443121624336,
      0.05730688366871247,
      0.5755615930517155,
      0.00013452465756565618,
      0.07299772276200171
    ],
    [
      0.00024473021138211583,
      0.0002389426349344177,
      0.00015815593564698377,
      0.0003182596374583497,
      0.0023586336442270057,
      0.0006598883749402519,
      0.10611490995798296,
      0.007106460355576404,
      0.06632339688232783,
      0.06461650281663976,
      0.00023503807651912735,
      0.06109267100283264,
      0.0005239939096215259,
      0.00013114167916317547,
      0.001535769194999169,
      0.03787506343291518,
      0.03434140710971888,
      0.5493962165870364,
      0.06672881855607773
    ],
    [
      8.467495118137612e-05,
      0.00914175154783779,
      0.00011395791476689162,
      9.431910817895068e-05,
      0.0014186809132328653,
      0.00029246192184458823,
      0.08543786923759594,
      0.01889581915460285,
      0.042116217955879706,
      0.03101531342185273,
      0.0001269012050384572,
      0.05443603102854293,
      1.5198170990372065e-05,
      1.1819958234458524e-05,
      0.022746717886622556,
      0.019099668793724857,
      0.07566827585270468,
      0.012696106816727566,
      0.6265882141604404
    ]
  ]
}