{
  "poids_LS": 0.7275,
  "poids_EM": 0.27249999999999996,
  "mae_validation": 6.508202796741892,
  "matrice_de_transition": [
    [
      0.2896030835459364,
      0.0015993933921683526,
      0.005796303571619059,
      0.0423907336215769,
      0.0037397935263490598,
      0.02276768344157628,
      0.12163281317183691,
      0.07039958229169235,
      0.07536367355373517,
      0.060878262935050595,
      0.009174777160786178,
      0.14653285468172134,
      0.013515819150130087,
      0.021971254925603357,
      0.004115269481848528,
      0.040831931598509785,
      0.0605729607139964,
      0.0034608994209483763,
      0.005652909814914907
    ],
    [
      0.0039036022530883176,
      0.602671640175886,
      0.0013393311064736674,
      0.007098234113018269,
      0.023406147032838512,
      0.004652432508975301,
      0.050279327803728194,
      0.011990404682377043,
      0.0569001519074266,
      0.014515562809265867,
      0.0015527310086291875,
      0.0334971228969742,
      0.008549410429396644,
      9.855840817278626e-05,
      0.02946589583819174,
      0.050769109225687295,
      0.06014384007413415,
      0.0093037818184459,
      0.029862715907290345
    ],
    [
      0.012605215203831574,
      0.01075438401282415,
      0.42236358971555166,
      0.015629324967589838,
      0.029909725597488137,
      0.011392076958026003,
      0.07084712626587529,
      0.17375108386343283,
      0.017693162923022518,
      0.01891207006647359,
      0.0037543866068263845,
      0.08426118935796006,
      0.012191076292922194,
      0.01826892620476521,
      0.011158085276493026,
      0.023523700188648862,
      0.05976808260793415,
      0.00047373912345245305,
      0.002743054766881997
    ],
    [
      0.012321797476669323,
      0.009430783425279877,
      0.013921107727573687,
      0.23689367856243287,
      0.006754261238191868,
      0.01734700733566786,
      0.10883123174604205,
      0.07208924607969035,
      0.0940937470738164,
      0.08867210378072395,
      0.01783948703679712,
      0.10977491968052844,
      0.047627566770595944,
      0.020716786200554442,
      0.04161089417694191,
      0.0595357812942366,
      0.022763880257289596,
      0.011940064970758934,
      0.00783565516620886
    ],
    [
      0.0038916608163654938,
      0.0303039910190588,
      0.005705294951446525,
      0.01491432744805484,
      0.46338307703457177,
      0.00909240477301875,
      0.08722031771220572,
      0.038149828019348984,
      0.09117259761183436,
      0.038325008112608624,
      0.0014176946000226682,
      0.03625968695469766,
      0.008435802127124081,
      0.0017985390752620174,
      0.0002475682267453124,
      0.0059327941536282324,
      0.03175657416608849,
      0.060171813213895184,
      0.07182101998402263
    ],
    [
      0.01017603956268582,
      0.004180203107794591,
      0.018524826599337643,
      0.007907749280325935,
      0.007175628019513975,
      0.4543284191692558,
      0.05625568664278232,
      0.009604448235682024,
      0.03922638079864969,
      0.06389896717046659,
      0.008825053685944268,
      0.0873773337699873,
      0.018750387807544573,
      0.024638869241016537,
      0.03794463764382954,
      0.045698417577170955,
      0.05677758461620773,
      0.03278013494748489,
      0.01592923212431983
    ],
    [
      0.009226386825527587,
      0.0043621343930238116,
      0.023301708820049387,
      0.004098827235495394,
      0.018297862502843387,
      0.019682295890803947,
      0.41284554393534645,
      0.03599781404316043,
      0.04458307493624082,
      0.06186951239290699,
      0.03062792667359991,
      0.08015008679653408,
      0.07447154987136279,
      0.006154031430400597,
      0.039250132565255384,
      0.08034345706990437,
      0.031961814407701565,
      0.014515276207347804,
      0.008260564002495354
    ],
    [
      0.006277165390165693,
      0.012582552627164083,
      0.02339388305348715,
      0.013535314645924907,
      0.01251073556020781,
      0.011331959907145842,
      0.014153256421325665,
      0.6078329408962295,
      0.0037161385577804936,
      0.03417917944313281,
      0.033698596049954316,
      0.051752983353363965,
      0.014777013890727716,
      0.021929472367601892,
      0.015781284696155938,
      0.035694787590832916,
      0.042422061288618196,
      0.016303221123461803,
      0.028127453136719216
    ],
    [
      0.002795461557387272,
      0.0058140971112992275,
      0.009346364679563846,
      0.01225122761288979,
      0.02137217117615195,
      0.0038492910763980813,
      0.09874224617656896,
      0.03970968920940874,
      0.45990523162689106,
      0.07324710631378328,
      0.0008482129864971388,
      0.05952313824401556,
      0.059172667642662755,
      0.008113382360819094,
      0.011855173726250454,
      0.045330340084428586,
      0.039774873997490266,
      0.016786853323322148,
      0.031562471094171866
    ],
    [
      0.010265408630551892,
      0.003919534512617738,
      0.00462224415909912,
      0.01561093693328449,
      0.005501983928741844,
      0.02502672578321082,
      0.07746639790200485,
      0.053884918269589785,
      0.020989395572336273,
      0.502139801508285,
      0.018923934726892525,
      0.06195769246167229,
      0.025661856423641178,
      0.006221205620434297,
      0.031374854617897366,
      0.04029944363963789,
      0.08640881473112764,
      0.00803138677541453,
      0.0016934638035604273
    ],
    [
      0.02178593184450745,
      0.0034523612359145086,
      0.005996968100056688,
      0.027617055686453194,
      0.02667077651787178,
      0.006338572403631528,
      0.03883118209063161,
      0.12051606136324192,
      0.004886476336414436,
      0.006597274721528486,
      0.54227963569644,
      0.0985325408691488,
      0.00315763080886768,
      0.016975895271909118,
      0.005266126263979527,
      0.04856916297064076,
      0.019402417301888877,
      0.0006794256436042337,
      0.002444504873269553
    ],
    [
      0.023830099274852464,
      7.732390341092608e-05,
      0.015874971273011237,
      0.011696968652282503,
      0.0026062573277640345,
      0.0022422618701510863,
      0.06432184650770073,
      0.07235597613121077,
      0.055293759533187194,
      0.07312871124439173,
      0.02451087775738866,
      0.503350295841748,
      0.04881539846104893,
      0.016723041896790136,
      0.01067194672193083,
      0.025831070216837324,
      0.041221680631982074,
      0.005969239944872811,
      0.0014782728094387778
    ],
    [
      0.02191484881739747,
      0.010938335777253585,
      0.01972053931872714,
      0.00017971403621157734,
      0.01603497116510388,
      0.008585042997607503,
      0.08463419850984519,
      0.055743199161720096,
      0.09144637918899073,
      0.053451128459348726,
      0.021736428921598834,
      0.05895304128710402,
      0.4747931591486355,
      0.02796967044617642,
      0.014709295924781915,
      0.022747379163241398,
      0.005550593619821709,
      0.009531200883216254,
      0.001360873173218204
    ],
    [
      0.00953702226340043,
      0.0020374657106229373,
      0.005797529350631543,
      0.012427930043802155,
      0.007872401576095887,
      0.01575242490297052,
      0.05737649480252481,
      0.035212305831291826,
      0.023305451922354236,
      0.023892997451810637,
      0.004111148392128135,
      0.04693314944162918,
      0.009703686427856574,
      0.6756166470949878,
      0.019248705992992485,
      0.030374140280322724,
      0.018151348210080128,
      0.0016090792438348321,
      0.0010400710606631675
    ],
    [
      0.01683271531870835,
      0.0008499064665742155,
      0.007017912911956044,
      0.027549104076689358,
      0.014009254554570716,
      0.022222750701636696,
      0.1298765184000873,
      0.06996161905516902,
      0.055659765086903755,
      0.10068281505412797,
      0.010433622939119182,
      0.11823163036022899,
      0.03999097001026661,
      0.025210332791261957,
      0.2831128680114837,
      0.0492358000287474,
      0.012854081776219954,
      0.010122143181226886,
      0.006146189275022003
    ],
    [
      0.008220224960624214,
      0.02257730454584014,
      0.01227523004432427,
      0.010965524235267922,
      0.02668737029572331,
      0.00408085561279126,
      0.05059129230439146,
      0.03634299879995705,
      0.07839461192020661,
      0.060857608428878114,
      0.005964565999386209,
      0.08168710349679478,
      0.1004873624699382,
      0.0033125313654178306,
      0.005459787115284754,
      0.41102335420708463,
      0.018354290311949295,
      0.03085452966428075,
      0.03186345422185916
    ],
    [
      0.005105018358870279,
      0.05348679437822956,
      0.0060944219607864045,
      0.006114607119014504,
      0.0032048551328893184,
      0.005959052014523001,
      0.05751368644378404,
      0.06347676387719975,
      0.0311728018859962,
      0.011627825942581712,
      0.00880819243172636,
      0.039020418597031,
      0.025642534783379044,
      0.014974159004054601,
      0.008544386005141083,
      0.07229116645334259,
      0.4955245947160469,
      0.002932637534931315,
      0.08850608336047244
    ],
    [
      0.005335118608130143,
      0.005208949441570324,
      0.003447799397104258,
      0.006938060096592048,
      0.051418213444148896,
      0.014385566573697542,
      0.08361928991348193,
      0.010363456932018915,
      0.0912631935486511,
      0.05501024629989883,
      0.005123830068116994,
      0.04861349764611654,
      0.011423067229749305,
      0.002858888605757235,
      0.008896426835067006,
      0.043000868297306725,
      0.060881364544671204,
      0.4215416097309185,
      0.07067055278700242
    ],
    [
      0.0018459139357540056,
      0.055411864936346915,
      0.002484282541918246,
      0.002056156558301132,
      0.03092724390847657,
      0.006375669896212045,
      0.06764661503659251,
      0.014658909372906153,
      0.03643466647039856,
      0.026300551320185474,
      0.002766446269838376,
      0.04269842309101429,
      0.00033132012759011216,
      0.0002576750895111967,
      0.021861961887031003,
      0.035954484390772624,
      0.08848919610253984,
      0.04065111897377546,
      0.5228475000908355
    ]
  ]
}