{
  "poids_LS": 0.42,
  "poids_EM": 0.5800000000000001,
  "mae_validation": 7.334138024205585,
  "matrice_de_transition": [
    [
      0.22473123381221308,
      0.0034042134585601644,
      0.012337086501060754,
      0.06952572268265664,
      0.007959927505623689,
      0.04845965649950182,
      0.08733920152066423,
      0.05307482279006444,
      0.06041512324083646,
      0.052227922838079394,
      0.01952796606699444,
      0.16889957712457454,
      0.028767615071836523,
      0.04676450589669707,
      0.008759105686136318,
      0.04411298099433139,
      0.0442951388356712,
      0.007366318033578198,
      0.012031881440919804
    ],
    [
      0.00830858461207789,
      0.510321744428343,
      0.0028506863917604672,
      0.015108168020369165,
      0.04981858817998657,
      0.009902425156718074,
      0.03795135047915705,
      0.02160986836205502,
      0.05863189640257584,
      0.013299679833081068,
      0.003304895357816253,
      0.02059649724801944,
      0.012909917507974761,
      0.00020977569445950844,
      0.028915603385969192,
      0.06369708386690741,
      0.0795089915520762,
      0.012860760300372013,
      0.05019348322028114
    ],
    [
      0.026829448874210328,
      0.02289006505481838,
      0.3182902796093434,
      0.020434349707558353,
      0.023581837556712892,
      0.01776664840201604,
      0.057962672020960324,
      0.17008582828193036,
      0.011201889158459865,
      0.033252619931161076,
      0.007990988007190105,
      0.10432321535691232,
      0.025947978898696784,
      0.03888431999546357,
      0.023749319120609017,
      0.02688254261137514,
      0.06307924344416369,
      0.001008325473770359,
      0.005838428494647922
    ],
    [
      0.026226211143002602,
      0.02007286013454066,
      0.02963024764034033,
      0.1742085545947873,
      0.01437604226844508,
      0.036922070659403165,
      0.07532739346996353,
      0.043162101668415026,
      0.07131958557953819,
      0.07623789839214293,
      0.037970284335201214,
      0.08776303401980648,
      0.060760858639932316,
      0.044094444023198454,
      0.07323891571294051,
      0.05836015308971754,
      0.028237903603152075,
      0.025413716268037366,
      0.016677724757435373
    ],
    [
      0.008283167976117384,
      0.06450023776533617,
      0.012143380080143066,
      0.03174425658668554,
      0.36545556691709313,
      0.019352641351746334,
      0.06409468992500497,
      0.03184402241648205,
      0.10314772649487494,
      0.024885557819738016,
      0.0030174784147271477,
      0.023035815641914592,
      0.017955101775163185,
      0.0038280831693650284,
      0.0005269342073845183,
      0.012627598565520644,
      0.038286294796067946,
      0.07712001102259622,
      0.09815143507403928
    ],
    [
      0.021659093381129455,
      0.008897313036773812,
      0.03942898872519572,
      0.016831172780143278,
      0.015272896335112317,
      0.3147533391080433,
      0.03361167913045309,
      0.015916189507070945,
      0.03999250444756815,
      0.05745772408156698,
      0.018783600505863033,
      0.08625032194072701,
      0.03990908230596644,
      0.052442363889136125,
      0.052904966399306634,
      0.05767712886036733,
      0.057728152790583756,
      0.05509771330837182,
      0.01538576946662083
    ],
    [
      0.019637814160755968,
      0.009284542928270868,
      0.04959629767203174,
      0.008724109345274603,
      0.02410150803505651,
      0.04189259308868364,
      0.24107646709497027,
      0.0453835557992141,
      0.058208754860328046,
      0.037049333044186374,
      0.05814738656239281,
      0.061801820897882984,
      0.08285333880799645,
      0.013098488916082007,
      0.06685793029142081,
      0.09211983370904969,
      0.041689207092058075,
      0.030894899817474234,
      0.017582117876870848
    ],
    [
      0.013360572206591204,
      0.02678121293121163,
      0.04979248503127542,
      0.02688426947741227,
      0.026628354586864335,
      0.0241194009032829,
      0.021484771762486116,
      0.4046721716091234,
      0.006745358217836522,
      0.04375870654286916,
      0.07172545214302205,
      0.06804845007665708,
      0.011668296511616274,
      0.040690259804952944,
      0.009958082616989234,
      0.046453141475414315,
      0.03407712871466709,
      0.03470043395085449,
      0.03845145143687361
    ],
    [
      0.00594997322306282,
      0.01237495898918735,
      0.01989317986842947,
      0.026076007396242492,
      0.04548939186116747,
      0.008192986511232616,
      0.06909100525118624,
      0.037072078515748376,
      0.3652710706689669,
      0.05588618055936222,
      0.0018053707602507915,
      0.036390466430808587,
      0.0751396304920792,
      0.01726885052944982,
      0.02523303031642299,
      0.051322014472949345,
      0.05572480732571315,
      0.03572981624780495,
      0.05608918057993532
    ],
    [
      0.013757368665240218,
      0.008342495476397389,
      0.009838171054229322,
      0.014348693103171845,
      0.011710644692367964,
      0.0532678934101368,
      0.06463647781502153,
      0.06883055081398838,
      0.031454925512940005,
      0.3724338335914046,
      0.04027846657467034,
      0.06006891803169377,
      0.04895954825766137,
      0.005756881664659529,
      0.06677950707662561,
      0.04797968369058858,
      0.06085717603413679,
      0.017094327815561205,
      0.003604436719504764
    ],
    [
      0.020735440683458842,
      0.007348145015891433,
      0.012764188983606898,
      0.039747528505379146,
      0.016839204219383487,
      0.013491273372867109,
      0.03858002651289637,
      0.10814207457519406,
      0.010400573486680269,
      0.01404190582930834,
      0.49855596807003755,
      0.11226953558616568,
      0.006720828877589926,
      0.03613218076222859,
      0.011208635717827988,
      0.032444593349482874,
      0.013928796636270278,
      0.0014461169662035069,
      0.005202982849527857
    ],
    [
      0.05072094524555755,
      0.0001645793173516959,
      0.03378892968200558,
      0.024896300250729735,
      0.00554726330313079,
      0.004772520677752772,
      0.05808177856394626,
      0.051326573937456835,
      0.0326492637603561,
      0.06861458276951896,
      0.052169941648753854,
      0.439332402064999,
      0.0607573242603317,
      0.035593997431700115,
      0.022714602197137185,
      0.023362925657354414,
      0.02651663003840965,
      0.005843023672500591,
      0.0031464155210073077
    ],
    [
      0.04664444885904784,
      0.0232815954158058,
      0.04197399194444677,
      0.0003825106091842748,
      0.0341294799110468,
      0.018272752068302214,
      0.07971055367053848,
      0.04408933678655407,
      0.1040285084388921,
      0.03979936501560246,
      0.046264692750559,
      0.045513641287446255,
      0.32446844787940005,
      0.059531775628559006,
      0.03130785921604959,
      0.03130875478084931,
      0.008364168633758537,
      0.018031579707750135,
      0.0028965373962075544
    ],
    [
      0.0202989831661367,
      0.004336624264812124,
      0.01233969549859191,
      0.026257715036044404,
      0.008260366448163959,
      0.021724163204014865,
      0.04068955993652596,
      0.03515581358593225,
      0.0211200900405399,
      0.026175089854364453,
      0.008750334192419518,
      0.04519675666546755,
      0.020653717901492896,
      0.6488997571091276,
      0.0192682387691719,
      0.023215661559150048,
      0.012018874321772916,
      0.003424829216235607,
      0.0022137292300353664
    ],
    [
      0.03582743077009485,
      0.0018089752316075049,
      0.014937209133704612,
      0.058636625190751676,
      0.02981786290514135,
      0.04729979965852949,
      0.09477735144691805,
      0.06260720685021837,
      0.04280507794583766,
      0.09053176702469495,
      0.02220734423739129,
      0.09421013911957854,
      0.053516811235097564,
      0.053658689977731884,
      0.21390173205097546,
      0.037464446833290005,
      0.011365354885228236,
      0.021544378147198513,
      0.013081797356010139
    ],
    [
      0.01749625863178732,
      0.04805444637279738,
      0.026127095140213132,
      0.023339464427359253,
      0.04630417490347385,
      0.008685857818051123,
      0.04082176341646629,
      0.026295547206487267,
      0.08748085665684249,
      0.05498386458271938,
      0.012695223044565145,
      0.05857159717049581,
      0.09341794421174254,
      0.007050525475017769,
      0.010310062789942958,
      0.2878665526405779,
      0.0293222544377301,
      0.06567202644140492,
      0.055504484632325365
    ],
    [
      0.010865727149155093,
      0.07290013324566927,
      0.01297161371470134,
      0.008401480197337469,
      0.00682134303514057,
      0.012683486856599419,
      0.049655298959128416,
      0.047886829547767254,
      0.046672787528341295,
      0.024749134116320716,
      0.018747712331747855,
      0.025953160217201475,
      0.020190340955213448,
      0.019346674912410305,
      0.018186216084336987,
      0.09001296243901091,
      0.40086545245366956,
      0.00624194411104647,
      0.10684770214520226
    ],
    [
      0.011355481808130216,
      0.011086938260957023,
      0.007338435414020074,
      0.014767247178067482,
      0.10944060109213347,
      0.0306188205972278,
      0.05701389313008169,
      0.014215481729157658,
      0.12075929922132193,
      0.04364900061183022,
      0.01090576675048755,
      0.03385447531076962,
      0.02431331740643889,
      0.0060849739131713645,
      0.017601820005531857,
      0.04906311828115442,
      0.0922699680494706,
      0.27032894969916366,
      0.07533241154088448
    ],
    [
      0.003928917734815866,
      0.11013517211698753,
      0.00528764724518379,
      0.004376406619503328,
      0.0658267943740052,
      0.013570233173588945,
      0.046605035548867295,
      0.009647948765707175,
      0.029715139232762207,
      0.02072443844994439,
      0.005888215913784436,
      0.028816444472590994,
      0.0007051951339532664,
      0.0005484460620788775,
      0.02081556777212945,
      0.05588854514497335,
      0.10365239985955645,
      0.07371329681336097,
      0.4001541555662065
    ]
  ]
}