{
  "poids_LS": 0.915,
  "poids_EM": 0.08499999999999996,
  "mae_validation": 6.019930103759143,
  "matrice_de_transition": [
    [
      0.32915908948113354,
      0.0004988933516855411,
      0.0018080212975692474,
      0.02584500858433316,
      0.0011665410999620917,
      0.007101846211133884,
      0.14254355198352758,
      0.08096346003658743,
      0.08447864325672219,
      0.06615286055515499,
      0.0028618570960250453,
      0.13289460928973768,
      0.004215943588113971,
      0.0068534189676193935,
      0.001283662040209632,
      0.03883129172300881,
      0.07049846185931664,
      0.001079546608369218,
      0.0017632929697899702
    ],
    [
      0.001217637400045897,
      0.6589825522170709,
      0.00041777300568903374,
      0.002214128071950652,
      0.007300999991894579,
      0.001451217479863855,
      0.05779638714797889,
      0.006124878048427062,
      0.0558442101420917,
      0.015256954867915135,
      0.0004843381127834162,
      0.04136335804877588,
      0.00589056464977584,
      3.074298970527277e-05,
      0.02980144001637622,
      0.04288619785908967,
      0.048335820880267055,
      0.007134892500198273,
      0.01746590657010084
    ],
    [
      0.003931901990185995,
      0.003354578499413037,
      0.4858229251461665,
      0.012699431833462695,
      0.033768193915034016,
      0.007505143150715007,
      0.07870350080545759,
      0.17598599580337335,
      0.02165125668190218,
      0.010167832344103173,
      0.001171093070019239,
      0.07202824667567212,
      0.0038027210454986645,
      0.00569856413726621,
      0.0034805036642271817,
      0.021475625540645037,
      0.0577490820980381,
      0.00014777183667324218,
      0.0008556317621466777
    ],
    [
      0.0038434964606124484,
      0.0029417122610964747,
      0.004342363878325736,
      0.27511631512807044,
      0.0021068337807203987,
      0.005410993113878047,
      0.12926040142657774,
      0.08972774876949238,
      0.10798043091179092,
      0.09625393633473675,
      0.00556461063533121,
      0.12319680118096865,
      0.03961946197222012,
      0.006462116796503219,
      0.022325515191576904,
      0.06025262776040676,
      0.01942606114395882,
      0.0037244239358330605,
      0.00244414931790001
    ],
    [
      0.0012139125482240986,
      0.009452621051816504,
      0.0017796332876071725,
      0.004652175534255637,
      0.5230949734476685,
      0.002836162956721444,
      0.1013213102653769,
      0.04199483143573126,
      0.0838706897563218,
      0.04651979487655411,
      0.00044221666422725414,
      0.0443230231210288,
      0.0026313511222221895,
      0.0005610121886138401,
      7.722311659945522e-05,
      0.0018505963414987142,
      0.02777503719658883,
      0.04983754625737017,
      0.05576588883157345
    ],
    [
      0.0031741774782689702,
      0.0013039165657340924,
      0.0057783862786924736,
      0.0024666373901934104,
      0.002238269290490597,
      0.5394351753041413,
      0.0700630082966416,
      0.005755825509225368,
      0.03875923223223599,
      0.06782655441979561,
      0.0027527690396523395,
      0.08806453610490209,
      0.005848744820701975,
      0.007685518845821669,
      0.028822485963660584,
      0.03839432533131952,
      0.056197969875734555,
      0.019171855459139214,
      0.01626061179364849
    ],
    [
      0.0028779555235590626,
      0.0013606657739707298,
      0.007268422934694302,
      0.001278533266117829,
      0.014759054251493924,
      0.006139431745755358,
      0.5175827859111855,
      0.030274800777274055,
      0.036274733519114456,
      0.0770037680933464,
      0.013847768204823764,
      0.0913380538079067,
      0.0693607029587813,
      0.0019196061342533967,
      0.022416109561495978,
      0.07316273960701089,
      0.02603047740504516,
      0.0045277008353194976,
      0.002576689688851761
    ],
    [
      0.0019580148923452616,
      0.003924832929574116,
      0.007297174530445531,
      0.005395708041359448,
      0.0039024312756611506,
      0.003534739787550078,
      0.009682820237691243,
      0.731711458754221,
      0.0018690533992097445,
      0.028338004382317955,
      0.010511488676132536,
      0.041816723156234026,
      0.01667257326823469,
      0.010489967832631744,
      0.019332017671257584,
      0.0291348157099906,
      0.04751043480932009,
      0.005085408423832121,
      0.021832332221990932
    ],
    [
      0.0008719788344143782,
      0.0018135715760015936,
      0.0029153798083043176,
      0.003821483842552777,
      0.0066665488072400565,
      0.0012006962990599517,
      0.1168222711310706,
      0.04131798841286018,
      0.5176089883085521,
      0.08383303665184488,
      0.0002645801976229607,
      0.07362842593499543,
      0.049436714685701516,
      0.002530779818971093,
      0.0036979440980964705,
      0.04167688009142813,
      0.030049304894915342,
      0.0052362661742472736,
      0.016607160432120984
    ],
    [
      0.008136164706961449,
      0.0012226070956789271,
      0.001441800930361193,
      0.016380597805304396,
      0.0017162151704332353,
      0.007806501620451079,
      0.08528951990626296,
      0.04477172769373699,
      0.014607974876846194,
      0.5812288063356511,
      0.00590287872214996,
      0.06310938418726895,
      0.011455946768750822,
      0.0065043299837115945,
      0.009786651899160644,
      0.03561637043783869,
      0.1019890822292928,
      0.0025052032143494858,
      0.0005282364157894909
    ],
    [
      0.02242647523539075,
      0.0010768833212944336,
      0.0018706139027699754,
      0.020220425918815427,
      0.03266563767548659,
      0.001977169373609834,
      0.03898432573559213,
      0.12806117525839306,
      0.0015242219764962455,
      0.0020578655094676004,
      0.5689404086393683,
      0.09015632457828485,
      0.000984949059646799,
      0.005295233387567981,
      0.001642644889681687,
      0.05840121761768826,
      0.022739990878485584,
      0.00021193093470223796,
      0.0007625061072583924
    ],
    [
      0.007433241975642051,
      2.4119382715334732e-05,
      0.004951825901673229,
      0.0036485957264000457,
      0.0008129610013208912,
      0.0006994211338085956,
      0.0681267659855998,
      0.0851787823469144,
      0.06910137890686469,
      0.07588122860711903,
      0.00764559489680013,
      0.5423855969251313,
      0.04153373638831554,
      0.005216361692576738,
      0.003328864115097689,
      0.027336036411643973,
      0.050188174896355506,
      0.006046201086563191,
      0.00046111261945796725
    ],
    [
      0.006835824401757007,
      0.0034119579488680898,
      0.006151360888410299,
      5.605758927700576e-05,
      0.005001734124894787,
      0.002677903320354633,
      0.08763642097283708,
      0.062849212805114,
      0.08377434915856309,
      0.061775374461633024,
      0.006780170489306057,
      0.06714779738445632,
      0.5664545684591449,
      0.00872448435935778,
      0.004588220747179679,
      0.017527028176895117,
      0.003834999099128522,
      0.0043480430633785205,
      0.0004244925494442103
    ],
    [
      0.00297485098124417,
      0.0006355397629466041,
      0.00180840365065571,
      0.003995134316825177,
      0.007635837629712915,
      0.012111121060870308,
      0.06755145508667044,
      0.035246752322364745,
      0.02463798965516786,
      0.022501477694155874,
      0.0012823765626821702,
      0.04799192552465457,
      0.0030268379683222333,
      0.6919074336717316,
      0.019236795763614794,
      0.03473906632981826,
      0.02189066155660892,
      0.000501914626517287,
      0.0003244258354362173
    ],
    [
      0.005250571750789759,
      0.0002651084391148928,
      0.002189073752353261,
      0.008593298519334292,
      0.00436985921885692,
      0.006931867191336215,
      0.1512784494690929,
      0.07444601674111453,
      0.06349798895340747,
      0.10687247848670908,
      0.003254524586514239,
      0.13287888111672314,
      0.031743505848784326,
      0.007863773531219323,
      0.32531478018252535,
      0.05641345441622143,
      0.01376184207560515,
      0.0031573657629515046,
      0.0019171599573463123
    ],
    [
      0.002564106868451589,
      0.007042461968427198,
      0.0038289708395139914,
      0.003420438752285406,
      0.01472590407148518,
      0.0012729274388523192,
      0.056548322114101934,
      0.04246949367402401,
      0.07285421878811156,
      0.06443915955458467,
      0.0018605068254966151,
      0.0957819244274649,
      0.10479798335908189,
      0.0010332666644422587,
      0.0025023019478102393,
      0.48611896491836926,
      0.011666507308424418,
      0.00962434870261968,
      0.017448191776452945
    ],
    [
      0.001592391047721004,
      0.04164939262979073,
      0.0019010123547407126,
      0.004720172315159038,
      0.0009996795827361175,
      0.001858786866915431,
      0.06230538612954967,
      0.07298282139514638,
      0.021721591128468706,
      0.003627028275667689,
      0.002747509565859598,
      0.04698825907253681,
      0.02896704321518733,
      0.012307990767252343,
      0.0026652213227045573,
      0.06148519329134972,
      0.5532435839004234,
      0.000914767671446465,
      0.07732216946734452
    ],
    [
      0.001664165437398393,
      0.0016248099175540456,
      0.001075460362399493,
      0.0021641655347167848,
      0.016038708780743687,
      0.004487240949593727,
      0.0998420928301894,
      0.008014661324007489,
      0.07327776326043721,
      0.06193783513408701,
      0.001598258920330071,
      0.05761290150913295,
      0.0035631585854263874,
      0.000891763418309596,
      0.003588260267710393,
      0.03930437440471667,
      0.041741972163695976,
      0.5137444512136958,
      0.06782795598585481
    ],
    [
      0.0005757896680333594,
      0.02204399470424899,
      0.0007749138204148654,
      0.0006413699356168667,
      0.009647030209983514,
      0.0019887410685432063,
      0.08047684643154691,
      0.01771437315778358,
      0.04053193917627439,
      0.029700620143503206,
      0.0008629281942615116,
      0.05116304419980898,
      0.00010334756273453036,
      8.037571599431821e-05,
      0.02250000707904414,
      0.023799569296747793,
      0.0792433401531395,
      0.020491254437442846,
      0.5976605150448775
    ]
  ]
}