{
  "poids_LS": 0.785,
  "poids_EM": 0.21499999999999997,
  "mae_validation": 6.357023219209056,
  "matrice_de_transition": [
    [
      0.3017335920327302,
      0.001261906713086957,
      0.004573230340910451,
      0.03731671127682215,
      0.002950662782257056,
      0.017963493357573947,
      0.12804543974075538,
      0.07363917146679351,
      0.07815893092931786,
      0.062495806205215935,
      0.007238815007592764,
      0.14235045942817967,
      0.010663857311111812,
      0.017335118565154944,
      0.0032469098664125993,
      0.04021840203668949,
      0.06361678106522795,
      0.0027306178917574347,
      0.004460093982409926
    ],
    [
      0.0030799063648219755,
      0.6199403198685162,
      0.0010567199555663797,
      0.005600441593757534,
      0.018467235273615705,
      0.003670726566714457,
      0.05258455933596508,
      0.010191643181299049,
      0.056576329766057226,
      0.014742923040584976,
      0.0012250905205698178,
      0.03590943501019338,
      0.007734031056979597,
      7.776167984274879e-05,
      0.02956879605283498,
      0.048351683073264026,
      0.05652271418801491,
      0.008638655760849961,
      0.02606102771055223
    ],
    [
      0.00994539915164693,
      0.008485110322044742,
      0.44182445258094016,
      0.014730824406457513,
      0.031092989214868874,
      0.010200083923783965,
      0.07325641445801385,
      0.1744364568583479,
      0.01890697834241228,
      0.01623050383161333,
      0.002962176588872193,
      0.08050975360205842,
      0.009618647350378979,
      0.014414015170732182,
      0.008803626915398167,
      0.022895623963261023,
      0.05914892245156603,
      0.00037377582217349505,
      0.0021642450454298326
    ],
    [
      0.009721785165078548,
      0.007440801601596968,
      0.010983626280470981,
      0.2486152871092284,
      0.005329050151233951,
      0.01368662964098565,
      0.11509617711473966,
      0.07749838690456298,
      0.09835233011746193,
      0.09099719909728787,
      0.01407519160701424,
      0.11389096334066343,
      0.04517174796576069,
      0.016345354249978735,
      0.03569671128809664,
      0.05975561421052878,
      0.021740282395868157,
      0.009420601720048332,
      0.006182260039394145
    ],
    [
      0.0030704846808021326,
      0.023909570895771164,
      0.004501425374535791,
      0.011767267527823084,
      0.48169472526792145,
      0.007173823949354243,
      0.09154462209517822,
      0.03932896240037288,
      0.08893334586947717,
      0.0408380760535519,
      0.0011185480330454078,
      0.03873244337903921,
      0.006655770485620834,
      0.001419030830023243,
      0.00019532905963391619,
      0.004680920157908513,
      0.03053556949544193,
      0.057002638013894186,
      0.06689744643060487
    ],
    [
      0.008028801856797985,
      0.0032981419015627052,
      0.014615918234339791,
      0.006239141634018628,
      0.005661504675946806,
      0.48042782438395404,
      0.06048993194996583,
      0.008424203932901983,
      0.03908312190494949,
      0.06510342726026082,
      0.006962886394414744,
      0.08758807581936116,
      0.014793883958246176,
      0.019439841786490112,
      0.03514717779524439,
      0.04345849595510985,
      0.056599836095795955,
      0.028606929237725554,
      0.01603085522291395
    ],
    [
      0.0072795345595905725,
      0.0034416840165142,
      0.018384834481873828,
      0.0032339370848862743,
      0.01721262797242955,
      0.015529150886322382,
      0.44496496480793707,
      0.03424275664162194,
      0.04203518356832207,
      0.06651068414104175,
      0.025482011409841892,
      0.08358106334668836,
      0.0729042234848378,
      0.004855474339582122,
      0.034087698844102496,
      0.0781413703812837,
      0.030142871060220268,
      0.01145241975992579,
      0.006517509212977985
    ],
    [
      0.004952625904167427,
      0.009927518586569827,
      0.018457559106421054,
      0.011039168620524833,
      0.0098708555796135,
      0.008940812403803141,
      0.01278232265834444,
      0.6458223530393469,
      0.00314969910915213,
      0.03238788575781625,
      0.026587883121982306,
      0.048705863559577456,
      0.015358318766496522,
      0.01842135764354438,
      0.016870176141853776,
      0.03368306288070794,
      0.04398249583496677,
      0.01286309189557537,
      0.026196949389535876
    ],
    [
      0.0022055935223422515,
      0.00458726928047462,
      0.0073741959857109235,
      0.009666106189986439,
      0.01686244698301897,
      0.003037055344681055,
      0.10428678716261613,
      0.04020290096513385,
      0.4776010503426004,
      0.07649345828412217,
      0.0006692322645757242,
      0.06384875980258273,
      0.05618697540252797,
      0.006401384247985707,
      0.009353623306949898,
      0.04420994568657511,
      0.03679236613936729,
      0.013244673264272519,
      0.026976175824476263
    ],
    [
      0.009612440493984156,
      0.0030924767714231695,
      0.0036469082356194896,
      0.015846966267370595,
      0.004341014842860537,
      0.0197458570399645,
      0.07986548864997733,
      0.05109020649299493,
      0.01903242655905265,
      0.5263937629886772,
      0.014930810885438139,
      0.0623108779241886,
      0.021305377462808132,
      0.006308030425172669,
      0.024754472450818108,
      0.03886330119108614,
      0.09118676343056495,
      0.006336690483354584,
      0.001336127404644007
    ],
    [
      0.021982365151045,
      0.0027238813420976857,
      0.004731552812888763,
      0.02534875589104428,
      0.02850920060620699,
      0.005001075474424875,
      0.03887814614175284,
      0.12282989629108827,
      0.0038553849993728574,
      0.005205189229829815,
      0.5504556060656047,
      0.09596383453995051,
      0.00249134173910661,
      0.013393825627377837,
      0.004154925309194857,
      0.05158432639573533,
      0.020425939865378537,
      0.0005360605995409551,
      0.0019286919183594637
    ],
    [
      0.018801729703094603,
      6.10078503976114e-05,
      0.012525206692467582,
      0.009228800955011883,
      0.002056313120988137,
      0.0017691240443393893,
      0.06548868848092312,
      0.07628830337069321,
      0.059528096141114956,
      0.07397281656896143,
      0.01933885768014151,
      0.5153211215073188,
      0.0465823554254107,
      0.013194326634164694,
      0.008420068055835334,
      0.026292593183244693,
      0.043971405539723264,
      0.00599284136165786,
      0.0011663436845113294
    ],
    [
      0.017290614663267728,
      0.0086302465765487,
      0.015559324600096644,
      0.00014179272581830874,
      0.012651445139439757,
      0.006773520163249957,
      0.08555488006516271,
      0.05792237667902756,
      0.08909362331299292,
      0.05600389723338258,
      0.017149843002362383,
      0.061466099823625386,
      0.5029026580038584,
      0.022067813379552038,
      0.011605499536983895,
      0.02114647152742854,
      0.005024477966809132,
      0.007941699151799349,
      0.0010737164485941793
    ],
    [
      0.007524623070205844,
      0.0016075417533355284,
      0.004574197469305621,
      0.009841872687529216,
      0.007799855299205108,
      0.01463575839139312,
      0.060496815956329476,
      0.03522286942188752,
      0.023714096827083753,
      0.023466264726129844,
      0.003243658364431372,
      0.047257840773756964,
      0.007656119566932709,
      0.6806124883118558,
      0.019245053522649994,
      0.031712717602168025,
      0.019298070969682293,
      0.001269548761190785,
      0.0008206065249269028
    ],
    [
      0.013280857957879984,
      0.0006705684048200232,
      0.005537068903011191,
      0.021735990372433806,
      0.011053173318285153,
      0.01753354642514455,
      0.136439777261249,
      0.07133683434552565,
      0.058063487072631564,
      0.10258097850678619,
      0.008232032777653666,
      0.12272345392555387,
      0.037461747667412046,
      0.01989072128484888,
      0.2960547877439365,
      0.05143694737423944,
      0.013132461601364748,
      0.007986278106289102,
      0.004849286950934791
    ],
    [
      0.0064856820790246085,
      0.017813286155433504,
      0.00968504388818245,
      0.008651698020486617,
      0.023019187320290284,
      0.0032197576394499845,
      0.05241811477936934,
      0.038221790561337586,
      0.07669555802636413,
      0.06195595077409479,
      0.004705987852726734,
      0.08600951524886696,
      0.10180928620927558,
      0.002613556857118655,
      0.004552824997259236,
      0.4340526748252119,
      0.016303370190868333,
      0.024343940836038025,
      0.027442773738601253
    ],
    [
      0.004027812650117835,
      0.04985665784204166,
      0.004808443014932392,
      0.005686980445832161,
      0.0025286012975090037,
      0.00470163736925668,
      0.0589831410140855,
      0.06639195484937005,
      0.0282744305870211,
      0.009174247991394746,
      0.006949583019527221,
      0.04146388967618612,
      0.02666205070246692,
      0.014156534078101909,
      0.006741442169193881,
      0.06897733468366478,
      0.513225084732589,
      0.0023138241101292945,
      0.08507634976657988
    ],
    [
      0.004209359635772407,
      0.004109813320871999,
      0.0027202820931281303,
      0.005474065764283634,
      0.04056849868070463,
      0.011350080048972372,
      0.08859428280793889,
      0.009643159612228745,
      0.08574766159359884,
      0.057134706875716534,
      0.004042654916129004,
      0.051373314830774904,
      0.009012695245490277,
      0.002255636881606626,
      0.007268589087744312,
      0.041867276836912444,
      0.05501195088117214,
      0.4498171477856369,
      0.06979882310131716
    ],
    [
      0.001456409160319674,
      0.045179051398503554,
      0.0019600761339905425,
      0.0016222886606779574,
      0.024401311707605365,
      0.005030345055726935,
      0.0715812193310452,
      0.015595918266935231,
      0.03769116343353381,
      0.027343239092669582,
      0.002182700726661471,
      0.045294240231044655,
      0.0002614085410344004,
      0.00020330328163268728,
      0.022057629079248367,
      0.032226977095271676,
      0.08565380027805708,
      0.03446876051596679,
      0.545790158010075
    ]
  ]
}