{
  "poids_LS": 0.865,
  "poids_EM": 0.135,
  "mae_validation": 6.148769085891016,
  "matrice_de_transition": [
    [
      0.3186108212317476,
      0.0007923600291476244,
      0.002871563237315865,
      0.030257201927598162,
      0.001852741746998617,
      0.011279402805918527,
      0.13696735496707674,
      0.07814642597128207,
      0.08204798466925899,
      0.06474630118979381,
      0.004545302446628015,
      0.1365314747276,
      0.006695910404651604,
      0.010884841889748455,
      0.0020387573579800046,
      0.03936479568980907,
      0.06785166155389791,
      0.0017145740250569942,
      0.002800524128489954
    ],
    [
      0.0019338946941905432,
      0.6439663090060882,
      0.0006635218325649363,
      0.0035165563495686844,
      0.011595705869479632,
      0.002304874820960241,
      0.05579183798951204,
      0.007689018484147058,
      0.05612579461284767,
      0.015059250318941998,
      0.0007692428850089555,
      0.03926569534162877,
      0.006599590191008054,
      4.8827101296609716e-05,
      0.02971196156886036,
      0.04498830755684904,
      0.051484625998631614,
      0.007713262985064306,
      0.02077172239335138
    ],
    [
      0.006244785513824818,
      0.005327859969656002,
      0.4689004356980025,
      0.013480736669229935,
      0.032739269030355116,
      0.008541658832664606,
      0.07660846759490231,
      0.17539001928605588,
      0.0205957650128676,
      0.01249962907006862,
      0.001859971346501145,
      0.07529036472428224,
      0.006039615778144941,
      0.00905066068859928,
      0.005527858760831408,
      0.022021778780112723,
      0.058287482234010375,
      0.0002346964464810318,
      0.00135894456340943
    ],
    [
      0.006104376731560951,
      0.00467213123821205,
      0.006896695571458525,
      0.2649236120439004,
      0.003346147769379458,
      0.008593930239688666,
      0.12381262284510154,
      0.08502414805221184,
      0.10427731522166439,
      0.09423211432033334,
      0.008837911009055455,
      0.11961763278085126,
      0.04175495658512034,
      0.010263361970916882,
      0.02746828292100758,
      0.06006146870276139,
      0.020316146240847027,
      0.005915261545146628,
      0.003881884210782371
    ],
    [
      0.0019279787530618047,
      0.015012986376414454,
      0.0028264763979643343,
      0.007388749377935426,
      0.5071718010708427,
      0.004504494107734061,
      0.09756104558453126,
      0.040969497191362655,
      0.08581786518445848,
      0.044334518406168644,
      0.0007023441137726981,
      0.042172800143340496,
      0.004179204723529362,
      0.0008910193583866877,
      0.00012264847930501717,
      0.0029391824247332536,
      0.02883678038845541,
      0.052593350779110176,
      0.06004725713889322
    ],
    [
      0.005041340700780131,
      0.0020709263102835595,
      0.009177437030864521,
      0.003917600560895418,
      0.0035548982848968326,
      0.5167400403348386,
      0.06638105585561245,
      0.006782124902947143,
      0.03888380518327965,
      0.06677919781997455,
      0.0043720449453301885,
      0.08788128214892481,
      0.00928918295052667,
      0.012206412284540304,
      0.03125505974503898,
      0.04034208326354657,
      0.0563525338065274,
      0.02280072998936473,
      0.016172243881827513
    ],
    [
      0.0045708705374173375,
      0.002161057405718219,
      0.011543965837455662,
      0.0020306116579518474,
      0.015702736451853782,
      0.009750862184434985,
      0.48965285471762837,
      0.03180093764817709,
      0.03849029123034815,
      0.07296796657322921,
      0.01832247712983074,
      0.08835459593820734,
      0.07072359546880302,
      0.0030487862132259846,
      0.02690518236249849,
      0.07507759759711582,
      0.027612167272420204,
      0.007191054267860381,
      0.004092389505823387
    ],
    [
      0.003109788358430711,
      0.006233558182264776,
      0.011589630136589967,
      0.007566269802576905,
      0.006197979084873595,
      0.00561399848610895,
      0.01087493655332709,
      0.6986771873254232,
      0.002361609441495278,
      0.02989565106520192,
      0.016694717309151685,
      0.044466392542135344,
      0.016167090767566165,
      0.013540502375290454,
      0.01838515554456381,
      0.030884141544881887,
      0.046153535203799584,
      0.008076825143733372,
      0.023511031132585142
    ],
    [
      0.0013849075605404837,
      0.002880378385414297,
      0.0046303091073068596,
      0.006069415514642649,
      0.010588048105616565,
      0.0019069882396834535,
      0.1120009311432035,
      0.040889108625273125,
      0.5022213198601091,
      0.08101012189502844,
      0.00042021560798940837,
      0.06986701588406745,
      0.052032968807557846,
      0.0040194738301305615,
      0.005873205332270868,
      0.042651136089561587,
      0.03264278998893532,
      0.008316422747333909,
      0.020595243275334556
    ],
    [
      0.008703963086585567,
      0.001941787740195944,
      0.0022899191246913077,
      0.01617535490609909,
      0.0027257535059821984,
      0.012398561397187015,
      0.0832033540384608,
      0.047201911847297745,
      0.016309687062310216,
      0.5601384050483534,
      0.009375160323414646,
      0.0628022663937765,
      0.015244189343388254,
      0.006428830153504315,
      0.015543505957490442,
      0.03686518995831848,
      0.09783434422978209,
      0.003978852163966832,
      0.0008389637191950742
    ],
    [
      0.02225566366448854,
      0.001710344098526454,
      0.002970975022046433,
      0.022192860523518834,
      0.03106700803345597,
      0.00314021018161562,
      0.038943487430269326,
      0.12604914488635274,
      0.002420823139141097,
      0.0032683746326838377,
      0.5618308691879208,
      0.09238998225584856,
      0.0015643308594390345,
      0.008410076556725621,
      0.0026089065894944453,
      0.05577933637847559,
      0.021849971258059795,
      0.00033659619040943696,
      0.0012110391115280356
    ],
    [
      0.011805737255431499,
      3.830725490082577e-05,
      0.007864664667363368,
      0.005794828506635369,
      0.001291173355039063,
      0.0011108453301665936,
      0.0671121207914934,
      0.08175936735606008,
      0.06541934707388401,
      0.07514722397705842,
      0.012143003659623742,
      0.5319761833028958,
      0.04347551294104446,
      0.008284809747033647,
      0.005287019476919862,
      0.026934712093028865,
      0.04779710975918926,
      0.006025678115445756,
      0.0007323553367861836
    ],
    [
      0.010856897579261133,
      0.005418992036437557,
      0.009769808469828127,
      8.903264179289155e-05,
      0.007943930668950548,
      0.004253140567622066,
      0.08683582831603924,
      0.06095427583354231,
      0.0858202238333438,
      0.05955557552769055,
      0.010768506071250801,
      0.06496252909182904,
      0.5420115259763424,
      0.013856533982509422,
      0.007287174127873611,
      0.018919121773254124,
      0.004292490971313372,
      0.005730218482001917,
      0.0006741940491172755
    ],
    [
      0.004724763323152507,
      0.0010093866823269598,
      0.0028721705039825994,
      0.00624387984401904,
      0.007698921348748374,
      0.013082135418763697,
      0.06483813234423162,
      0.035237566591411966,
      0.024282646259750892,
      0.02287254962953048,
      0.0020367157172010947,
      0.0477095852358478,
      0.004807330890864726,
      0.6875632239179332,
      0.019239971824782178,
      0.03357508604995278,
      0.02089351133086791,
      0.0007971585244686325,
      0.0005152645621634042
    ],
    [
      0.008339143368901387,
      0.0004210545797707123,
      0.0034767641949140045,
      0.013648180001295647,
      0.006940364641713935,
      0.011009436127416347,
      0.14557126785069144,
      0.07325017735819574,
      0.06140779592233982,
      0.10522190157135412,
      0.005168950813875558,
      0.12897294758165803,
      0.0339428296251796,
      0.012489522667230695,
      0.3140609369369143,
      0.054499413246228354,
      0.013519772662435764,
      0.005014639741158275,
      0.0030449011087264975
    ],
    [
      0.0040724050263642895,
      0.011185086655737319,
      0.0060813066274634005,
      0.005432461547747412,
      0.017915628397948684,
      0.002021708285236037,
      0.05495978083151248,
      0.040835761707606145,
      0.07433165695667024,
      0.06348407925439625,
      0.0029549226052005078,
      0.09202330551261953,
      0.10364848445531023,
      0.0016410705847024116,
      0.003290964659136777,
      0.46609346872869334,
      0.013449916109364388,
      0.015285730292395971,
      0.021292261761894606
    ],
    [
      0.002529091664027478,
      0.04480603309604109,
      0.003019254916352898,
      0.0050920215961871625,
      0.001587726396110305,
      0.002952190906277451,
      0.061027599546678836,
      0.07044787272369395,
      0.02424191399714271,
      0.005760574320178097,
      0.004363691663424069,
      0.04486350161240192,
      0.02808050763337179,
      0.013018968963732945,
      0.004232998571354299,
      0.06436678613454783,
      0.5378518534512562,
      0.001452866301709092,
      0.08030454650551196
    ],
    [
      0.0026430862829268605,
      0.0025805804572917204,
      0.001708084104987431,
      0.0034372040845501895,
      0.02547324335765175,
      0.007126794449354747,
      0.09551601205240073,
      0.008641006819477203,
      0.07807387800396091,
      0.06009047811163683,
      0.0025384112264065844,
      0.05521306047899524,
      0.0056591342239125,
      0.0014163301349623002,
      0.005003771352338824,
      0.04029010610940735,
      0.046845810131956045,
      0.48915702681828854,
      0.06858598179949418
    ],
    [
      0.0009144894727588654,
      0.030942093432808446,
      0.001230745479482434,
      0.001018646368332671,
      0.015321753862915,
      0.0031585887559215644,
      0.0770554513928924,
      0.016899582815149597,
      0.03943933312137416,
      0.02879393512395181,
      0.0013705330144153426,
      0.04890581190413039,
      0.00016414024669601888,
      0.0001276555489321525,
      0.022329861694507305,
      0.027040879988487747,
      0.08170890173964626,
      0.025867218313798214,
      0.5777103777237995
    ]
  ]
}