{
  "poids_LS": 0.77,
  "poids_EM": 0.22999999999999998,
  "mae_validation": 6.396334465126355,
  "matrice_de_transition": [
    [
      0.29856911155791444,
      0.001349946716325582,
      0.004892292922834436,
      0.038640369279801655,
      0.003156522976368014,
      0.019216760336009338,
      0.12637258063582013,
      0.0727940612472019,
      0.0774297333530789,
      0.06207383839560759,
      0.007743848612773655,
      0.14344151905953836,
      0.011407847356073102,
      0.01854454544179366,
      0.003473438461743711,
      0.04037845322672957,
      0.06282274097360233,
      0.0029211261167637675,
      0.0047712633300199215
    ],
    [
      0.003294783553065369,
      0.6154354469052213,
      0.0011304446036291506,
      0.005991170077042944,
      0.01975564703689122,
      0.0039268237690433735,
      0.05198319458842502,
      0.01066088531201505,
      0.056660805107284024,
      0.014683611675893035,
      0.0013105619522374794,
      0.03528013619804925,
      0.00794673871934926,
      8.318691332014988e-05,
      0.02954195251858022,
      0.04898231598259183,
      0.05746735572352428,
      0.008812166906309772,
      0.027052772457527394
    ],
    [
      0.010639264208738576,
      0.009077094763117632,
      0.436747705746491,
      0.014965215857187686,
      0.030784311749465203,
      0.010511038628368843,
      0.07262790449484728,
      0.17425766390315267,
      0.018590330841701908,
      0.016930042849402964,
      0.003168840071816765,
      0.08148838901664146,
      0.010289715770172861,
      0.015419644136132104,
      0.009417833444379436,
      0.02305946993510133,
      0.05931044249235771,
      0.00039985320511583196,
      0.0023152388858086585
    ],
    [
      0.010400049246363098,
      0.00795992729473164,
      0.011749925788410819,
      0.24555747618397739,
      0.005700844347831669,
      0.014641510778728837,
      0.11346184354029679,
      0.07608730668937881,
      0.09724139541042395,
      0.09039065249296685,
      0.015057181719131514,
      0.11281721282062822,
      0.04581239634963076,
      0.01748572780230283,
      0.037239541606925844,
      0.05969826649323517,
      0.02200730792493462,
      0.010077853002842403,
      0.006613580507258854
    ],
    [
      0.0032847045422534447,
      0.025577680493150547,
      0.0048154783076429395,
      0.01258823968092702,
      0.4769177735548737,
      0.007674323294658028,
      0.0904165426909245,
      0.0390213621270623,
      0.08951749849791817,
      0.04018249311243626,
      0.001196586267909041,
      0.03808737648573272,
      0.007120126566012986,
      0.0015180329809550972,
      0.0002089566684455848,
      0.005007495982878875,
      0.030854092453001906,
      0.057829379370416184,
      0.06818185692280081
    ],
    [
      0.008588950823551334,
      0.0035282448249275454,
      0.015635633459991406,
      0.00667443058522923,
      0.006056493374268676,
      0.47361928389316316,
      0.05938534621765709,
      0.008732093751018516,
      0.039120493790262584,
      0.0647892202803145,
      0.007448669166118098,
      0.08753309963256797,
      0.015826015397193586,
      0.0207961098181057,
      0.03587694992965791,
      0.044042823334777964,
      0.05664620527503381,
      0.029695591596793205,
      0.01600434484936766
    ],
    [
      0.007787409063748055,
      0.0036818015060384466,
      0.019667497352702238,
      0.00345956060243648,
      0.01749573263253751,
      0.01661258001792627,
      0.43658598544986993,
      0.034700597702892855,
      0.042699850881692175,
      0.06529994368500659,
      0.02682442408734399,
      0.08268602598577854,
      0.07331309123784431,
      0.005194228363273898,
      0.03543442068440325,
      0.07871582777831518,
      0.03061737802043278,
      0.012251425789688056,
      0.006972219158069473
    ],
    [
      0.005298157943993062,
      0.010620136162377024,
      0.019745295788264384,
      0.01169033714889007,
      0.010559519922377233,
      0.009564590013370802,
      0.013139957553035195,
      0.6359120716107076,
      0.0032974659218377904,
      0.032855179762681444,
      0.02844285171188805,
      0.049500764375347846,
      0.015206674016295963,
      0.019336518006341993,
      0.016586117503845643,
      0.03420786063117532,
      0.043575425953310626,
      0.013760516911545744,
      0.026700559062714138
    ],
    [
      0.0023594721401800833,
      0.004907311323298431,
      0.007888674775411686,
      0.0103404856916134,
      0.018038896772531923,
      0.0032489429268681056,
      0.102840385166256,
      0.040074237028857734,
      0.47298474980806754,
      0.07564658385707723,
      0.0007159228876856585,
      0.06272033678730433,
      0.056965851639084866,
      0.006847992451333548,
      0.010006201677202217,
      0.04450222248601515,
      0.037570411667573286,
      0.01416872023619851,
      0.028172600677440332
    ],
    [
      0.00978278000787139,
      0.0033082309647782743,
      0.003901343693918524,
      0.015785393397609003,
      0.004643876343525226,
      0.02112347497298528,
      0.07923963888963668,
      0.051819261739063156,
      0.019542940214691856,
      0.5200666426024879,
      0.015972495365817546,
      0.062218742586140866,
      0.022441850235199366,
      0.0062853804761104845,
      0.026481528668317048,
      0.039237947047230076,
      0.08994034203071175,
      0.006778785168239787,
      0.001429345595665682
    ],
    [
      0.021931121679774332,
      0.0029139195752672918,
      0.0050616611486717,
      0.0259404862724553,
      0.028029611713597805,
      0.005349987716826611,
      0.038865894650156,
      0.12222628717947617,
      0.004124365348166313,
      0.005568341966794685,
      0.5483227442301705,
      0.09663393184321964,
      0.0026651562790442804,
      0.01432827857812513,
      0.004444803819138684,
      0.05079776202397153,
      0.0201589339792508,
      0.0005734601762531147,
      0.0020632518196403568
    ],
    [
      0.020113478287031437,
      6.52642120532587e-05,
      0.013399058322174624,
      0.00987267078908248,
      0.002199776827103589,
      0.0018925513032467887,
      0.06518429492269119,
      0.07526247887343693,
      0.05842348659122076,
      0.07375261517994325,
      0.020688080308988593,
      0.5121982974206482,
      0.04716488839122937,
      0.014114861050501767,
      0.009007514664381985,
      0.026172195887660163,
      0.04325408599857339,
      0.0059866844703226315,
      0.0012477164997097942
    ],
    [
      0.018496936616518966,
      0.00923235680281954,
      0.01664485887452199,
      0.00015168524157307446,
      0.013534104102656486,
      0.007246091337430187,
      0.08531470226812336,
      0.057353895587556054,
      0.08970738571542713,
      0.05533795755319983,
      0.018346343676945806,
      0.060810519335837206,
      0.4955697452590176,
      0.023607428266497532,
      0.012415185551192075,
      0.02156409960633624,
      0.005161725528464587,
      0.008356351777386367,
      0.001148626898496099
    ],
    [
      0.008049596772778346,
      0.001719695829149635,
      0.004893327525303688,
      0.010516496345687375,
      0.007818780414915745,
      0.014927062698761137,
      0.059682819133597825,
      0.03522011370260169,
      0.02360749380845866,
      0.023577586306742223,
      0.00346996011078705,
      0.04717313868711494,
      0.008190267443695456,
      0.6793092253857163,
      0.01924600634100021,
      0.031363523518208376,
      0.01899892590195999,
      0.0013581219305761887,
      0.0008778581429450589
    ],
    [
      0.014207429443313472,
      0.000717352247016769,
      0.0059233760357794134,
      0.023252454817022213,
      0.011824324945142257,
      0.018756817105968587,
      0.13472762277572858,
      0.07097808253065001,
      0.057436429163311264,
      0.1020858054321797,
      0.008806360645862063,
      0.12155167386503432,
      0.03812154480033063,
      0.021278446025652296,
      0.2926786347702532,
      0.05086273502324152,
      0.013059840777413933,
      0.008543460299751133,
      0.0051876092963488475
    ],
    [
      0.006938171526398419,
      0.019056073561626544,
      0.010360744624567274,
      0.00925530485912522,
      0.023976104618229334,
      0.0034443918933651,
      0.0519415523945925,
      0.03773167097141223,
      0.07713878947693173,
      0.06166942668403826,
      0.0050343125866379014,
      0.08488192957441335,
      0.1014644365381441,
      0.0027958980331967013,
      0.004789423810657197,
      0.4280450259683092,
      0.016838392831150326,
      0.026042355312970913,
      0.02859599473423375
    ],
    [
      0.004308822835009778,
      0.05080364998191676,
      0.005143915783416048,
      0.005798535230140598,
      0.00270501534152126,
      0.0050296585810652855,
      0.058599805039224254,
      0.06563147024793431,
      0.029030527447623307,
      0.009814311804747868,
      0.007434437648796562,
      0.040826462438145646,
      0.026396090027922255,
      0.01436982753704609,
      0.007211775343788804,
      0.0698418125366242,
      0.5086075655978388,
      0.0024752536992080827,
      0.08597106287803011
    ],
    [
      0.004503035889430947,
      0.0043965444827933015,
      0.0029100692159045117,
      0.005855977329233655,
      0.04339885905377706,
      0.012141946098900677,
      0.0872964585746023,
      0.009831063260869658,
      0.08718649601665596,
      0.05658049976898148,
      0.004324700607951959,
      0.050653362521733594,
      0.00964148793703611,
      0.0024130068966024374,
      0.007693242413132841,
      0.042162996348319645,
      0.05654310227165016,
      0.44244092046701466,
      0.07002623084540896
    ],
    [
      0.001558019101737326,
      0.04784848101707139,
      0.002096825631710813,
      0.0017354715904926985,
      0.026103728803484813,
      0.005381299361940442,
      0.07055480081944884,
      0.015351481164145036,
      0.03736338161706375,
      0.02707123358680416,
      0.0023349821727076205,
      0.044617070542341083,
      0.000279646346222847,
      0.00021748723151403758,
      0.022006585463887313,
      0.033199370302793664,
      0.0863934687540091,
      0.036081549678873406,
      0.5398051168137517
    ]
  ]
}