{
  "poids_LS": 0.0325,
  "poids_EM": 0.9675,
  "mae_validation": 8.402260242356679,
  "matrice_de_transition": [
    [
      0.14298215487947233,
      0.005678580208891308,
      0.020579536534097033,
      0.10372022109296035,
      0.013277982520156755,
      0.08083572010908277,
      0.044123674643170206,
      0.031242808783947966,
      0.041577519187996625,
      0.04132708775653032,
      0.03257466753416744,
      0.1970852842680074,
      0.047987357900003164,
      0.07800803354319726,
      0.0146110943988567,
      0.048247636737033396,
      0.023782436468676026,
      0.012287780512908459,
      0.02007042292084467
    ],
    [
      0.013859578641698891,
      0.3939458595432278,
      0.00475523980004871,
      0.025201987171908906,
      0.08310255873127069,
      0.01651826955021506,
      0.022416094501038937,
      0.033731956738884974,
      0.060814176050934636,
      0.011767469578539247,
      0.005512907342564181,
      0.004339611267629298,
      0.01840486545252442,
      0.0003499275592923696,
      0.028222145417721264,
      0.0799884340245425,
      0.10391223121940155,
      0.017343131558083775,
      0.07581355585047278
    ],
    [
      0.04475429618241119,
      0.03818299644920135,
      0.18714098638607285,
      0.026489462184754446,
      0.015607669700451406,
      0.02579964493712543,
      0.04172616463915692,
      0.16546701027271996,
      0.0030218287234418917,
      0.05132404455739328,
      0.013329794649924872,
      0.12960463023364074,
      0.043283913076705406,
      0.06486306826829484,
      0.03961632111929176,
      0.031115230217249712,
      0.06725184449794887,
      0.001681991199780728,
      0.009739102704434248
    ],
    [
      0.04374803324285347,
      0.03348360720718636,
      0.04942631826211943,
      0.09521510569246967,
      0.023980725680552782,
      0.06158983338443544,
      0.033107109463523146,
      0.006709196109490839,
      0.04262043898105752,
      0.06056877778051647,
      0.0633383622315641,
      0.0600244789188967,
      0.07731094188990904,
      0.07355409412490431,
      0.11309536561602819,
      0.056878670392965874,
      0.03513606310403568,
      0.0423927077402175,
      0.02782017017727366
    ],
    [
      0.0138171810636096,
      0.10759306903097025,
      0.020256414185411062,
      0.052952703875203885,
      0.24205098099669314,
      0.0322822077720941,
      0.0349526386484512,
      0.023897682022625336,
      0.11823833606293419,
      0.00794966517425067,
      0.0050334661487043365,
      0.006371587564830238,
      0.029950967185293758,
      0.006385638735104594,
      0.0008789807683526231,
      0.021064140710588316,
      0.046514804533033915,
      0.09847749606608126,
      0.13133203945576757
    ],
    [
      0.03612960835559094,
      0.014841638557032176,
      0.06577163205452907,
      0.028076137353083827,
      0.025476771041760632,
      0.13886604309594633,
      0.005076547712477238,
      0.0238700098084147,
      0.040957944818156455,
      0.04934071043295364,
      0.03133298877486635,
      0.0848301037819031,
      0.0665724778121078,
      0.08747928803920552,
      0.07175741320498914,
      0.07277225283512696,
      0.05892602325422833,
      0.08322149091761956,
      0.014700918150008267
    ],
    [
      0.03275790551815758,
      0.015487578074313902,
      0.08273175516843224,
      0.014552716881988238,
      0.0314150450878454,
      0.06988117898845073,
      0.02461950034490286,
      0.0572111165487126,
      0.07537932712238919,
      0.005771871263278284,
      0.09282638073119684,
      0.03868002240771289,
      0.09341575576066488,
      0.021849634528119555,
      0.10164824449919026,
      0.10695998313236288,
      0.05394730356421464,
      0.05153588891966607,
      0.02932879145840094
    ],
    [
      0.022286816568753427,
      0.044673833639564224,
      0.08305901597889476,
      0.04370612312684755,
      0.044418850108260764,
      0.04023365581711414,
      0.030723673208663916,
      0.14865656803594085,
      0.010562667545549404,
      0.05583046833521985,
      0.1196454740489204,
      0.08858338781739232,
      0.007750807131435188,
      0.06433190251055791,
      0.002619901135112495,
      0.06001041669582176,
      0.02356115677188317,
      0.05788391353008917,
      0.051461367993978734
    ],
    [
      0.009925170850540134,
      0.020642711762135793,
      0.03318388193569916,
      0.04349747785493898,
      0.07588101142358537,
      0.01366674905106475,
      0.03172562034521615,
      0.033748260161948734,
      0.24601664019353403,
      0.03400859119403486,
      0.0030115451905907598,
      0.007239538536116865,
      0.09526059993646575,
      0.028806229115935687,
      0.04209130488127455,
      0.058872498458483614,
      0.07582431680436799,
      0.05960102968922635,
      0.08699682261484046
    ],
    [
      0.01815780610732713,
      0.013916145471404264,
      0.016411087060287707,
      0.012758060634330702,
      0.01953456679287242,
      0.08885635667984026,
      0.04846869233955475,
      0.08766447800408415,
      0.04464319495028617,
      0.20898322361484803,
      0.06718864898447163,
      0.05768875513212733,
      0.07831842821110144,
      0.005171757980553113,
      0.1113951260286815,
      0.057658034974306924,
      0.0286579565379288,
      0.02851510717509563,
      0.006012573320898032
    ],
    [
      0.01941165100896669,
      0.012257466039439587,
      0.021291987657999438,
      0.05503389669183053,
      0.004449824493646211,
      0.02250483963491194,
      0.03826352964664463,
      0.09254883919188171,
      0.01734923249717786,
      0.02342335153423417,
      0.44345703732131897,
      0.1295803825872845,
      0.011211037825979746,
      0.060272215323200276,
      0.018697163891376857,
      0.012125013745584716,
      0.007031144577970415,
      0.002412272697934298,
      0.008679113632617589
    ],
    [
      0.08460778366392574,
      0.0002745353267892513,
      0.05636343011610413,
      0.04152960429755348,
      0.009253409044446619,
      0.007961058199527252,
      0.0502182783096215,
      0.02482610775833602,
      0.004113517054755956,
      0.06292604688654921,
      0.08702485956063681,
      0.35865944649267323,
      0.0758060925439807,
      0.05937446985374113,
      0.037890306251259005,
      0.020252662188087328,
      0.007985875225371232,
      0.005683970646340476,
      0.005248546580300982
    ],
    [
      0.07780776598470479,
      0.038836109594469155,
      0.07001696070043491,
      0.0006380672661823894,
      0.056931503127478925,
      0.03048084073462481,
      0.07350596058035522,
      0.02940357525687331,
      0.11988403716844256,
      0.02259592327754823,
      0.07717429351063074,
      0.028577812019584842,
      0.1350348686376806,
      0.09930516020798419,
      0.05222474791642754,
      0.04209748015263163,
      0.01190973064319112,
      0.028743439202081448,
      0.004831724018673808
    ],
    [
      0.0338608038159263,
      0.0072339378900098785,
      0.020583888611875295,
      0.04368549287179682,
      0.008749265270688764,
      0.029249524477688634,
      0.019661308682624966,
      0.03508462417104822,
      0.018366178726058408,
      0.02905089735351763,
      0.014596462639941177,
      0.04300861942721509,
      0.0344525380511972,
      0.6152321315171901,
      0.019292853243219128,
      0.01419481439019261,
      0.004290960072280087,
      0.005712969425358533,
      0.003692729362171063
    ],
    [
      0.05976386081045994,
      0.0030175578216901046,
      0.024916810063550364,
      0.09781195667595213,
      0.04973927993228319,
      0.07890095891315048,
      0.05054669390430643,
      0.05333945163259762,
      0.026606081955063313,
      0.07773979593069397,
      0.0370441474994415,
      0.06393915422282395,
      0.07056157050216094,
      0.08950824578181998,
      0.1266844468974894,
      0.02263062776584369,
      0.0094893169331655,
      0.035938251478300966,
      0.021821791279206564
    ],
    [
      0.029185569355610744,
      0.08015978769945079,
      0.04358269749682104,
      0.03893264109218979,
      0.07102453843356597,
      0.014488909377524933,
      0.028510568476397973,
      0.013634124466748918,
      0.09893100246317227,
      0.04758199225625917,
      0.021176945337270305,
      0.02944230058044425,
      0.08450932770751227,
      0.01176100585703395,
      0.016422198802723623,
      0.13266895717058982,
      0.04314367264501485,
      0.10954773376217113,
      0.0852960270194982
    ],
    [
      0.01812515692553026,
      0.09736409685910954,
      0.021637993567195767,
      0.011283312125305433,
      0.011378705838790519,
      0.021157368161655064,
      0.03975245294187945,
      0.028240977344010872,
      0.06620528976056479,
      0.04128411596127636,
      0.031273123587872494,
      0.009486289901156143,
      0.01331969019614298,
      0.02485675593513497,
      0.030336489761372473,
      0.1123453069737962,
      0.28157954147262493,
      0.010412208495581826,
      0.12996112419099998
    ],
    [
      0.018942118360975833,
      0.018494159943923998,
      0.012241269419076588,
      0.024633295939276358,
      0.1825582440631709,
      0.05107536022037568,
      0.02348676710221959,
      0.019069659319047944,
      0.15792918848363066,
      0.029331983687841318,
      0.018191947122580522,
      0.015255707327202366,
      0.04055712860470625,
      0.010150365967229819,
      0.028572030911402188,
      0.056702538992507205,
      0.13182471230348608,
      0.07977641063475711,
      0.08120711159658951
    ],
    [
      0.0065538412214385345,
      0.17909543726332325,
      0.008820342602957443,
      0.007300298973050809,
      0.10980590268422417,
      0.02263655275077121,
      0.020089223999294872,
      0.003333323610293827,
      0.021247442307285494,
      0.013697629548421074,
      0.009822153269976621,
      0.011322894181081969,
      0.001176338434654802,
      0.0009148647673470929,
      0.019496941041968956,
      0.08100870300595799,
      0.12276050215498385,
      0.11537701685511503,
      0.24554059132785297
    ]
  ]
}