{
  "poids_LS": 0.3175,
  "poids_EM": 0.6825,
  "mae_validation": 7.614233364800175,
  "matrice_de_transition": [
    [
      0.203107283900972,
      0.004005820147357434,
      0.014517347477541317,
      0.07857071903634986,
      0.009366638832048564,
      0.057023647518810325,
      0.07590799763694,
      0.047299902956188467,
      0.0554322731365369,
      0.049344476139088995,
      0.02297902903573052,
      0.17635515127219223,
      0.033851547045738666,
      0.055028922887061626,
      0.01030705108756558,
      0.04520666412627192,
      0.0388691982095628,
      0.008668124237788137,
      0.014158205316254767
    ],
    [
      0.009776912065074412,
      0.47953844584582866,
      0.0033544714868560667,
      0.017778145989486127,
      0.05862273522903591,
      0.011652422705965662,
      0.0338420247043,
      0.024816356255281006,
      0.05920914456762558,
      0.012894385507686134,
      0.003888950140878608,
      0.016296288698367856,
      0.0143634198675008,
      0.00024684812322174913,
      0.028732172568561674,
      0.0680064087473141,
      0.08596404204472355,
      0.01404641979434738,
      0.05697040565794472
    ],
    [
      0.031570860097669906,
      0.026935292068816452,
      0.2835991762406073,
      0.022036024620881188,
      0.021472541543121143,
      0.019891505550012716,
      0.053667853939322004,
      0.16886407642142953,
      0.009038131236938982,
      0.03803280321939024,
      0.00940318847397801,
      0.11101055735656305,
      0.030533613100621644,
      0.04575611792569635,
      0.027946397068647676,
      0.028002156752283895,
      0.06418296372290687,
      0.0011865209238763274,
      0.006870219737236563
    ],
    [
      0.030861015698447024,
      0.023620219037627586,
      0.03486662761126254,
      0.15331351327223874,
      0.01691663594519615,
      0.04344709176731492,
      0.06415944737793737,
      0.03351972019798992,
      0.06372819841477878,
      0.07209316326261593,
      0.044680550101335904,
      0.08042573879956583,
      0.06513862259637776,
      0.05188699663074645,
      0.08378158955827339,
      0.057968277021544515,
      0.030062578051772895,
      0.029904933367130175,
      0.01962508128784421
    ],
    [
      0.009747003696034678,
      0.07589898668076196,
      0.014289408456375245,
      0.0373542329662291,
      0.3328130635446002,
      0.022772720211322192,
      0.05638614732927139,
      0.0297420872155264,
      0.10713943612255511,
      0.020405741055447815,
      0.003550739686295307,
      0.01862785853765357,
      0.021128201657842884,
      0.004504597867399365,
      0.0006200562009309201,
      0.014859200036151448,
      0.04046286833939443,
      0.08276941029216323,
      0.10692824010404481
    ],
    [
      0.025486777987277328,
      0.010469683013100218,
      0.046397042767148414,
      0.01980564728008239,
      0.017971985773645095,
      0.2682283124209725,
      0.02606367662634335,
      0.01802010326420058,
      0.04024787899720764,
      0.05531064305193377,
      0.022103116112502617,
      0.08587465133097359,
      0.046961980472107055,
      0.061710195438509315,
      0.057891742651132325,
      0.06167003262143277,
      0.05804500884870909,
      0.06253690609533412,
      0.015204615247387828
    ],
    [
      0.023108289939165427,
      0.010925345773353218,
      0.05836116062269251,
      0.010265870048534338,
      0.026036056545794217,
      0.04929602548797687,
      0.18382010814817829,
      0.04851213638456531,
      0.06275064816835713,
      0.02877593992794617,
      0.0673205398586571,
      0.055685732264999274,
      0.085647268453541,
      0.015413308077975809,
      0.07606052953347596,
      0.09604529258876478,
      0.044931671320176905,
      0.036354774354183036,
      0.020689302501662676
    ],
    [
      0.01572170781206637,
      0.03151409969922748,
      0.05859201902387149,
      0.03133392108790805,
      0.03133422759574984,
      0.02838188123532858,
      0.023928610209539597,
      0.336951915180088,
      0.0077550981045218645,
      0.04695188224278128,
      0.08440107084071129,
      0.0734802723177548,
      0.010632057385245792,
      0.04694385561740329,
      0.008017015257267,
      0.05003925943694144,
      0.03129548452335005,
      0.04083283822665205,
      0.041892784203591736
    ],
    [
      0.0070014771116213344,
      0.014561912948483389,
      0.02340878493138468,
      0.030684267324026723,
      0.053528465422839296,
      0.009640884989510792,
      0.05920725827605866,
      0.03619287495119492,
      0.33372635034965886,
      0.05009920530788853,
      0.0021244233515020088,
      0.028679575826406258,
      0.08046195144188466,
      0.020320673252326726,
      0.029692315846480497,
      0.05331923926912292,
      0.0610414517684541,
      0.04204413722263254,
      0.06426475040852313
    ],
    [
      0.014921355343469658,
      0.009816815797657271,
      0.011576813352606055,
      0.013927945159800961,
      0.013780198280243336,
      0.06268161595244545,
      0.06035983778602709,
      0.0738124283287879,
      0.034943435493141245,
      0.32919851095244446,
      0.047396643857262936,
      0.059439326555034255,
      0.05672544553566809,
      0.005602107012734605,
      0.07858105789620168,
      0.05053976370757214,
      0.05233996313513983,
      0.02011530816227676,
      0.0042414276914862084
    ],
    [
      0.020385276963109305,
      0.008646739609217073,
      0.015019929278123633,
      0.04379101944502112,
      0.013562013453220724,
      0.015875507029278965,
      0.03849630798698461,
      0.10401741231251144,
      0.012238605870102212,
      0.016523449531901623,
      0.48398141219457,
      0.11684853382517128,
      0.007908561567164006,
      0.04251760925900174,
      0.013189472202444139,
      0.027069736809096908,
      0.01210425641439741,
      0.0017016807404032644,
      0.006122475508280624
    ],
    [
      0.059684560569125904,
      0.0001936644553319525,
      0.039760249151670354,
      0.029296077450212142,
      0.006527598628253041,
      0.005615940280286667,
      0.056001755916028094,
      0.04431677320620552,
      0.025101098502745743,
      0.0671098732778947,
      0.06138962961254225,
      0.4179931041394161,
      0.06473796619342595,
      0.04188431594333677,
      0.026728820688872633,
      0.02254021080419344,
      0.021614946507218846,
      0.005800951581709851,
      0.0037024630915301502
    ],
    [
      0.05488764887293128,
      0.027396015295323203,
      0.04939180948635331,
      0.00045010946684184054,
      0.040160982826361095,
      0.021501988425200447,
      0.0780693387241029,
      0.040204715994832066,
      0.10822255152219254,
      0.035248777201020376,
      0.054440780693545715,
      0.041033841287560324,
      0.2743602107896549,
      0.07005247735601985,
      0.03684071364647214,
      0.03416254665338528,
      0.009302026971737477,
      0.020865039315928095,
      0.003408425470537337
    ],
    [
      0.023886303467048786,
      0.005103010449541852,
      0.01452041754791203,
      0.030867643366791816,
      0.008389688072186648,
      0.023714742637696313,
      0.035127248314526335,
      0.03513698283747905,
      0.020391636079935115,
      0.02693578732188239,
      0.010296729459183312,
      0.04461795907341367,
      0.024303728392705,
      0.6399941271138408,
      0.019274749694565038,
      0.02082950198542582,
      0.009974716359003846,
      0.004030079207035865,
      0.002604948619826099
    ],
    [
      0.04215900258722367,
      0.002128664819951934,
      0.01757697454095413,
      0.06899913222877244,
      0.03508739902199822,
      0.055658815977493746,
      0.08307762912919499,
      0.06015573611523481,
      0.03852018223214896,
      0.08714808434821726,
      0.02613191800348199,
      0.08620297537269508,
      0.05802542497670787,
      0.06314147570655518,
      0.19083135339747265,
      0.033540662434804205,
      0.010869112588230995,
      0.02535178980252239,
      0.015393666716339514
    ],
    [
      0.020588269855508354,
      0.056546826981783115,
      0.030744383505509412,
      0.02746411115805636,
      0.052843109772724016,
      0.010220858553137743,
      0.03756525378715789,
      0.022946396675330674,
      0.09050960490238778,
      0.053025949967333126,
      0.014938775392958122,
      0.050866428395062814,
      0.09106147145901067,
      0.008296523511551081,
      0.011926821348162359,
      0.2468142854517424,
      0.032978242479657034,
      0.0772778587004463,
      0.06338482810248075
    ],
    [
      0.012785963412583362,
      0.07937124620148249,
      0.015264010966006316,
      0.009163771223445125,
      0.008026839002557653,
      0.014924965137291557,
      0.0470358364642432,
      0.04269018477128976,
      0.05183944940912298,
      0.029122903507567043,
      0.022060885631755015,
      0.021597407423924967,
      0.01837294301249158,
      0.020804180215195537,
      0.021400159444068954,
      0.09592022776756702,
      0.3693124050328771,
      0.007345046303084854,
      0.11296157507344552
    ],
    [
      0.013362269541463571,
      0.013046267867419253,
      0.008635314086325344,
      0.017376976205225957,
      0.12878139697479496,
      0.03602990527173788,
      0.04814542753561494,
      0.01549948999487057,
      0.13059133444554552,
      0.03986191871580735,
      0.012833078977944399,
      0.028934801198987316,
      0.028610067465335415,
      0.007160335682309406,
      0.020503617729020134,
      0.051083868275770314,
      0.10273283588440371,
      0.21992472968857868,
      0.07688636445884517
    ],
    [
      0.004623252334503152,
      0.1283762745105344,
      0.006222102146272304,
      0.005149823306570726,
      0.07745997786251473,
      0.015968420932714573,
      0.03959117571962556,
      0.007977628563307516,
      0.027475296820216752,
      0.018865734159864027,
      0.006928805795099787,
      0.024189118266449896,
      0.0008298201360743176,
      0.0006453697196014376,
      0.02046676973382893,
      0.06253323206304025,
      0.1087068011118953,
      0.08473402275988945,
      0.3592563740579968
    ]
  ]
}