{
  "poids_LS": 0.155,
  "poids_EM": 0.845,
  "mae_validation": 8.06205728540108,
  "matrice_de_transition": [
    [
      0.16882541209046778,
      0.004959586849109204,
      0.01797385878171782,
      0.0929103474019611,
      0.01159679093491727,
      0.0706007064518604,
      0.05778535733347476,
      0.038144542243946075,
      0.047532632727281476,
      0.04477315820166519,
      0.02845022642519017,
      0.18817496394524474,
      0.041911439199485964,
      0.06813104738398106,
      0.012761110870319288,
      0.04694055201837276,
      0.030267097216951918,
      0.010731963342023407,
      0.01752920658202971
    ],
    [
      0.01210474827104451,
      0.4307356554101352,
      0.004153155174202749,
      0.022011037891744727,
      0.07258052933118732,
      0.014426809064528916,
      0.027327239939282724,
      0.029899812671370988,
      0.0601242940975825,
      0.012251845723523435,
      0.004814890650611609,
      0.00947888490013973,
      0.016667752876505494,
      0.00030562148589359414,
      0.028441367614135127,
      0.07483826526503205,
      0.09619765867940837,
      0.01592612387016199,
      0.06771430708350896
    ],
    [
      0.039087731549496074,
      0.033348456847106085,
      0.2286010855340745,
      0.024575265337124712,
      0.018128535667914714,
      0.02326018151634891,
      0.04685899600501735,
      0.16692715274014774,
      0.005607783312576606,
      0.04561114257877793,
      0.011642042872544202,
      0.12161244101454594,
      0.03780352098172203,
      0.056650431717528815,
      0.03460030113261141,
      0.029777154780553875,
      0.06593276416481678,
      0.0014690259057516435,
      0.008505986341340506
    ],
    [
      0.038208876579029646,
      0.0292440807132532,
      0.0431682056139441,
      0.12018722824868619,
      0.020944406408338088,
      0.053791637426199426,
      0.04645416698813978,
      0.018233017866828162,
      0.051693072421867534,
      0.06552224171580483,
      0.05531877631593969,
      0.0687934414991843,
      0.07207898008830349,
      0.06424104344759084,
      0.10049558467892306,
      0.05734701008419704,
      0.03295535461665956,
      0.037025155597399266,
      0.024297719689711877
    ],
    [
      0.012067718861757221,
      0.09397017398570527,
      0.01769164856503602,
      0.046248097958188406,
      0.28106275331991637,
      0.028194796452113192,
      0.04416528711652304,
      0.026409750921328426,
      0.11346775626399933,
      0.013303592526695055,
      0.004396153897317998,
      0.011639633860166582,
      0.026158725862091187,
      0.005577121169161118,
      0.0007676886297239963,
      0.018397104806663695,
      0.0439135337129608,
      0.09172577498781824,
      0.1208426871028341
    ],
    [
      0.031555058460438594,
      0.012962464682885982,
      0.05744395771170756,
      0.024521277584863912,
      0.022251030005465355,
      0.19446912377073827,
      0.014097331192998636,
      0.021355576293796346,
      0.040652741088099506,
      0.05190673410251527,
      0.027365762805955623,
      0.08527907597404744,
      0.0581434043940373,
      0.07640309911434486,
      0.06579760744061208,
      0.0680002459011707,
      0.05854734162378585,
      0.07433074831856705,
      0.014917419533969658
    ],
    [
      0.028610263734204812,
      0.013526618576532555,
      0.07225667505666691,
      0.012710124821994894,
      0.02910302369696375,
      0.061033174413685644,
      0.09304783176911773,
      0.05347208121500016,
      0.06995121072986663,
      0.015659584987565357,
      0.08186334386492976,
      0.04598949418847634,
      0.09007666911111162,
      0.019083143334636714,
      0.0906500161367341,
      0.1022685810566058,
      0.05007216338914579,
      0.0450106730099409,
      0.025615326906820456
    ],
    [
      0.019464971576844077,
      0.039017456770472116,
      0.07254249974384089,
      0.03838824681186478,
      0.03879475797569028,
      0.035139472005644906,
      0.027802988235356096,
      0.22959053303649535,
      0.009355905241949845,
      0.05201423396215415,
      0.10449656389802349,
      0.08209169782193408,
      0.008989239258073078,
      0.05685809288104408,
      0.004939713345512238,
      0.055724568400338105,
      0.02688556080540841,
      0.050554942566331106,
      0.047348555663022915
    ],
    [
      0.008668495471531175,
      0.018029035079074673,
      0.028982305153142936,
      0.0379900452583188,
      0.06627333814256293,
      0.011936333796537172,
      0.04353790331549057,
      0.03479901564153701,
      0.2837164278922193,
      0.04092473234823512,
      0.0026302384351929633,
      0.016454993160890375,
      0.08889977733791773,
      0.025158928788594992,
      0.03676191485754728,
      0.05648557126305665,
      0.06947027832401904,
      0.052054646085164094,
      0.07722601964896722
    ],
    [
      0.01676670007724804,
      0.012154152892337573,
      0.014333197484178925,
      0.013260905737383708,
      0.017061197870777464,
      0.07760581022683723,
      0.053579798715670056,
      0.08171052682786033,
      0.04047400009589931,
      0.2606547067687272,
      0.05868155906137316,
      0.058441193726183824,
      0.06903723390323972,
      0.005356732564560948,
      0.0972908335857735,
      0.05459842714913145,
      0.038837064636730034,
      0.024904667248533133,
      0.005251291427554353
    ],
    [
      0.019830139357677107,
      0.010705487135221138,
      0.018596102915772118,
      0.05020143191030718,
      0.00836646711662122,
      0.019655389655297766,
      0.03836358349468551,
      0.09747831360338045,
      0.015152559648697977,
      0.02045760418235439,
      0.46087540897736545,
      0.12410792127725337,
      0.00979155241648877,
      0.052640849558764066,
      0.0163298227268356,
      0.018548622781655748,
      0.009211692648013596,
      0.0021068428214516604,
      0.007580207772156963
    ],
    [
      0.0738951702284416,
      0.00023977503993479832,
      0.0492269751401633,
      0.036271333985976935,
      0.008081788777837098,
      0.0069530689184501586,
      0.05270415903518223,
      0.03320367448592905,
      0.013134495045558584,
      0.0647243582301977,
      0.07600620809171897,
      0.38416250986715045,
      0.07104873998979488,
      0.05185677212032171,
      0.03309282561479469,
      0.02123590676869434,
      0.013843984811428539,
      0.00573425192557819,
      0.004584001922846853
    ],
    [
      0.06795613669981967,
      0.033918876079923964,
      0.06115176412596123,
      0.0005572783875184693,
      0.04972312159454231,
      0.0266215094788196,
      0.07546741258950991,
      0.034046170837224,
      0.11487164421522983,
      0.028034430665707308,
      0.06740287133486612,
      0.03393171933652168,
      0.19492032272054674,
      0.08673163863126267,
      0.045612312133727406,
      0.03868685084155205,
      0.01078887555633824,
      0.025357109426454128,
      0.004219955344474799
    ],
    [
      0.029573518578250878,
      0.006318012937528007,
      0.01797765982122442,
      0.038176066330171864,
      0.00859471015905189,
      0.026870539300849827,
      0.02630894940160012,
      0.035107129211882526,
      0.019236770044829973,
      0.028141771111849852,
      0.012748331711369814,
      0.04370035313479167,
      0.030090330390968093,
      0.6258754454139961,
      0.019285071893359037,
      0.017046566075863023,
      0.006733978125345562,
      0.004989621875377737,
      0.0032251744816894556
    ],
    [
      0.05219686034608645,
      0.0026354897770833473,
      0.02176196847927654,
      0.08542749704514682,
      0.04344154164628351,
      0.06891091501975416,
      0.0645292888693901,
      0.05626925812074869,
      0.03172705488117907,
      0.08178370937331364,
      0.03235380324240627,
      0.07350869138373346,
      0.06517322724999251,
      0.07817516039859213,
      0.15425636284923658,
      0.02732002863232672,
      0.010082386995430494,
      0.03138793023169438,
      0.019058825458325112
    ],
    [
      0.025490238868724625,
      0.070010357215541,
      0.038064474816344986,
      0.03400318524330787,
      0.06320971383373039,
      0.012654396303884825,
      0.032402494618742145,
      0.017636767784472655,
      0.09531127895020348,
      0.04992193899172079,
      0.01849562667699577,
      0.03865091692181538,
      0.0873256000217528,
      0.010271886252396577,
      0.014489975159973604,
      0.18173142283529575,
      0.03877432108271193,
      0.09567734886721922,
      0.07587805555516614
    ],
    [
      0.0158302404155794,
      0.08963032771679616,
      0.018898299291245917,
      0.010372281386786529,
      0.00993799114602376,
      0.018478528265218116,
      0.042883030069912995,
      0.03445160158906934,
      0.060030498732313475,
      0.036056928152225866,
      0.027313477448839545,
      0.014691945678486603,
      0.015491702371591063,
      0.023114859353757494,
      0.026495435502180607,
      0.10528540450796085,
      0.3192892810730842,
      0.009093866851438391,
      0.12265430044748972
    ],
    [
      0.01654376228943109,
      0.016152522121566693,
      0.010691341249736142,
      0.021514351492184516,
      0.15944363434974615,
      0.044608454145961186,
      0.0340856650078018,
      0.017535112855147143,
      0.14617870736199756,
      0.03385800839284426,
      0.015888573972693065,
      0.021135317851039753,
      0.03542198829041528,
      0.008865177511430693,
      0.02510402875406253,
      0.05428749631601503,
      0.11932030928124891,
      0.14001560040350497,
      0.07934994835317308
    ],
    [
      0.005724026699861046,
      0.1572950953783526,
      0.0077035550382419,
      0.006375971712897089,
      0.09590282973454203,
      0.019770425916694236,
      0.028471641843998412,
      0.005329559949747079,
      0.023924327141791032,
      0.01591900784632199,
      0.008578521460599736,
      0.0168531133054945,
      0.0010273963589491552,
      0.0007990291766493989,
      0.019913797234084207,
      0.0730674918111951,
      0.11671987626804228,
      0.10220590535804439,
      0.29441842776449373
    ]
  ]
}