{
  "poids_LS": 0.9,
  "poids_EM": 0.09999999999999998,
  "mae_validation": 6.058435763983189,
  "matrice_de_transition": [
    [
      0.32599460900631777,
      0.000586933354924166,
      0.0021270838794932327,
      0.027168666587312665,
      0.0013724012940730492,
      0.008355113189569276,
      0.14087069287859233,
      0.08011834981699582,
      0.08374944568048323,
      0.06573089274554664,
      0.0033668907012059366,
      0.13398566892109637,
      0.004959933633075261,
      0.008062845844258112,
      0.0015101906355407437,
      0.03899134291304889,
      0.06970442176769102,
      0.001270054833375551,
      0.0020744623173999653
    ],
    [
      0.0014325145882892907,
      0.6544776792537761,
      0.0004914976537518046,
      0.002604856555236062,
      0.008589411755170095,
      0.0017073146821927707,
      0.05719502240043884,
      0.006594120179143061,
      0.05592868548331849,
      0.015197643503223193,
      0.000569809544451078,
      0.040734059236631745,
      0.006103272312145504,
      3.6168223182673856e-05,
      0.02977459648212146,
      0.043516830768417475,
      0.049280462415776424,
      0.007308403645658083,
      0.018457651317076003
    ],
    [
      0.004625767047277641,
      0.003946562940485927,
      0.48074617831171723,
      0.012933823284192868,
      0.03345951644963034,
      0.007816097855299886,
      0.078074990842291,
      0.17580720284817813,
      0.02133460918119181,
      0.010867371361892808,
      0.0013777565529638108,
      0.07300688209025515,
      0.004473789465292547,
      0.006704193102666131,
      0.00409471019320845,
      0.021639471512485343,
      0.05791060213882978,
      0.00017384921961557907,
      0.0010066256025255034
    ],
    [
      0.004521760541896999,
      0.0034608379542311473,
      0.005108663386265573,
      0.2720585042028194,
      0.0024786279773181164,
      0.006365874251621233,
      0.12762606785213484,
      0.08831666855430823,
      0.10686949620475296,
      0.09564738973041573,
      0.006546600747448483,
      0.12212305066093344,
      0.04026011035609019,
      0.007602490348827318,
      0.02386834551040611,
      0.06019528004311315,
      0.01969308667302528,
      0.004381675218627131,
      0.0028754697857647188
    ],
    [
      0.0014281324096754105,
      0.011120730649195889,
      0.0020936862207143214,
      0.005473147687359573,
      0.5183180217346208,
      0.003336662302025229,
      0.1001932308611232,
      0.04168723116242068,
      0.08445484238476281,
      0.04586421193543847,
      0.0005202548990908873,
      0.04367795622772231,
      0.003095707202614341,
      0.0006600143395456944,
      9.08507254111238e-05,
      0.002177172166469076,
      0.028093560154148805,
      0.050664287613892175,
      0.05705029932376938
    ],
    [
      0.0037343264450223185,
      0.0015340194890989325,
      0.006798101504344088,
      0.0029019263414040127,
      0.0026332579888124676,
      0.5326266348133506,
      0.06895842256433285,
      0.0060637153273419,
      0.038796604117549094,
      0.0675123474398493,
      0.0032385518113556945,
      0.08800955991810891,
      0.006880876259649384,
      0.00904178687743726,
      0.029552258098074102,
      0.03897865271098763,
      0.056244339054972406,
      0.02026051781820687,
      0.016234101420102197
    ],
    [
      0.003385830027716545,
      0.0016007832634949766,
      0.008551085805522711,
      0.0015041567836680345,
      0.01504215891160188,
      0.007222860877359246,
      0.5092038065531184,
      0.030732641838544968,
      0.036939400832484565,
      0.07579302763731123,
      0.015190180882325856,
      0.09044301644699689,
      0.06976957071178781,
      0.002258360157945173,
      0.023762831401796733,
      0.07373719700404237,
      0.026504984365257674,
      0.005326706865081763,
      0.0030313996339432487
    ],
    [
      0.002303546932170896,
      0.004617450505381314,
      0.008584911212288862,
      0.006046876569724685,
      0.004591095618424884,
      0.004158517397117739,
      0.010040455132381998,
      0.7218011773255816,
      0.0020168202118954048,
      0.028805298387183147,
      0.01236645726603828,
      0.042611623972004416,
      0.016520928518034134,
      0.011405128195429357,
      0.01904795903324945,
      0.029659613460457986,
      0.04710336492766394,
      0.005982833439802496,
      0.022335941895169194
    ],
    [
      0.0010258574522522099,
      0.0021336136188254045,
      0.0034298585980050804,
      0.004495863344179739,
      0.007842998596753008,
      0.0014125838812470023,
      0.11537586913471047,
      0.04118932447658406,
      0.5129926877740193,
      0.08298616222479996,
      0.000311270820732895,
      0.07250000291971703,
      0.05021559092225841,
      0.0029773880223189332,
      0.004350522468348789,
      0.041969156890868164,
      0.030827350423121333,
      0.006160313146173264,
      0.017803585285085056
    ],
    [
      0.008306504220848686,
      0.0014383612890340321,
      0.0016962363886602275,
      0.016319024935542804,
      0.002019076671097924,
      0.00918411955347186,
      0.08466367014592231,
      0.045500782939805216,
      0.015118488532485399,
      0.5749016859494618,
      0.0069445632025293665,
      0.06301724884922122,
      0.012592419541142052,
      0.006481680034649411,
      0.011513708116659584,
      0.03599101629398263,
      0.10074266082943958,
      0.0029472978992346895,
      0.000621454606811166
    ],
    [
      0.02237523176412009,
      0.0012669215544640396,
      0.0022007222385529127,
      0.020812156300226446,
      0.032186048782877404,
      0.0023260816160115697,
      0.03897207424399529,
      0.12745756614678097,
      0.001793202325289701,
      0.0024210182464324717,
      0.5668075468039341,
      0.09082642188155396,
      0.0011587635995844697,
      0.006229686338315272,
      0.0019325233996255143,
      0.05761465324592446,
      0.02247298499235785,
      0.0002493305114143977,
      0.0008970660085392855
    ],
    [
      0.008744990559578884,
      2.8375744370982044e-05,
      0.00582567753138027,
      0.004292465560470643,
      0.0009564247074363428,
      0.000822848392715995,
      0.06782237242736788,
      0.08415295784965811,
      0.0679967693569705,
      0.07566102721810085,
      0.008994817525647214,
      0.5392627728384607,
      0.04211626935413422,
      0.0061368961089138105,
      0.003916310723644341,
      0.027215639116059443,
      0.04947085535520563,
      0.00604004419522796,
      0.0005424854346564322
    ],
    [
      0.008042146355008245,
      0.00401406817513893,
      0.007236895162835648,
      6.595010503177149e-05,
      0.0058843930881115145,
      0.0031504744945348635,
      0.08739624317579774,
      0.0622807317136425,
      0.0843881115609973,
      0.061109434781450284,
      0.00797667116388948,
      0.06649221689666812,
      0.5591216557143042,
      0.010264099246303273,
      0.005397906761387858,
      0.01794465625580282,
      0.0039722466607839775,
      0.00476269568896554,
      0.0004994029993461299
    ],
    [
      0.003499824683816671,
      0.0007476938387607107,
      0.0021275337066537768,
      0.0046697579749833355,
      0.007654762745423553,
      0.012402425368238323,
      0.0667374582639388,
      0.035243996603078906,
      0.024531386636542772,
      0.022612799274768253,
      0.0015086783090378475,
      0.047907223438012535,
      0.0035609858450849807,
      0.6906041707455921,
      0.01923774858196501,
      0.03438987224585861,
      0.021591516488886613,
      0.0005904877959026906,
      0.00038167745345437336
    ],
    [
      0.006177143236223247,
      0.00031189228131163867,
      0.002575380885121484,
      0.0101097629639227,
      0.005141010845714024,
      0.008155137872160255,
      0.14956629498357246,
      0.0740872649262389,
      0.06287093104408717,
      0.1063773054121026,
      0.003828852454722635,
      0.13170710105620362,
      0.032403302981702915,
      0.009251498272022735,
      0.32193862720884203,
      0.055839242065223504,
      0.013689221251654334,
      0.0037145479564135355,
      0.002255482302760368
    ],
    [
      0.003016596315825399,
      0.008285249374620234,
      0.004504671575898814,
      0.004024045590924008,
      0.015682821369424234,
      0.0014975616927674347,
      0.05607175972932509,
      0.041979374084098645,
      0.07329745023867917,
      0.06415263546452814,
      0.0021888315594077827,
      0.0946543387530113,
      0.1044531336879504,
      0.0012156078405203047,
      0.0027389007612082005,
      0.48011131606146645,
      0.012201529948706408,
      0.011322763179552569,
      0.018601412772085442
    ],
    [
      0.0018734012326129465,
      0.04259638476966583,
      0.002236485123224368,
      0.004831727099467475,
      0.0011760936267483737,
      0.002186808078724037,
      0.061922050154688414,
      0.07222233679371065,
      0.02247768798907091,
      0.004267092089020812,
      0.0032323641951289396,
      0.046350831834496335,
      0.028701082540642672,
      0.012521284226196524,
      0.0031355544972994794,
      0.06234967114430914,
      0.5486260647656731,
      0.0010761972605252532,
      0.07821688257879475
    ],
    [
      0.001957841691056933,
      0.001911541079475348,
      0.0012652474851758745,
      0.0025460770996668064,
      0.018869069153816108,
      0.005279106999522032,
      0.0985442685968528,
      0.008202564972648402,
      0.07471659768349431,
      0.06138362802735196,
      0.001880304612153025,
      0.05689294920009164,
      0.004191951276972221,
      0.0010491334333054072,
      0.004012913593098922,
      0.039600093916123874,
      0.043273123554173995,
      0.5063682238950736,
      0.06805536372994662
    ],
    [
      0.0006773996094510112,
      0.024713424322816827,
      0.000911663318135136,
      0.000754552865431608,
      0.01134944730586296,
      0.0023396953747567137,
      0.07945042791995055,
      0.017469936054993387,
      0.04020415735980432,
      0.02942861463763779,
      0.0010152096403076608,
      0.0504858745111054,
      0.00012158536792297692,
      9.45596658756685e-05,
      0.02244896346368309,
      0.02477196250426978,
      0.07998300862909152,
      0.022104043600349454,
      0.5916754738485541
    ]
  ]
}