{
  "poids_LS": 0.4575,
  "poids_EM": 0.5425,
  "mae_validation": 7.232135797584915,
  "matrice_de_transition": [
    [
      0.2326424349992525,
      0.0031841134504636015,
      0.01153943004625079,
      0.06621657767520787,
      0.007445277020346294,
      0.045326489053413334,
      0.09152134928300237,
      0.05518759833904345,
      0.062238117181433864,
      0.05328284236210028,
      0.01826538205404221,
      0.16617192804617778,
      0.026907639959433297,
      0.04374093870510026,
      0.008192784197808537,
      0.04371285301923119,
      0.046280239064735246,
      0.006890047471062365,
      0.011253958071894814
    ],
    [
      0.0077713916414694035,
      0.5215839268365801,
      0.00266637477160354,
      0.014131346812155639,
      0.046597558771797776,
      0.009262182150895783,
      0.03945476234800719,
      0.020436763035265017,
      0.05842070804950886,
      0.013447958244810921,
      0.0030912167786470986,
      0.022169744278379776,
      0.012378148352050599,
      0.0001962126107660057,
      0.02898271222160609,
      0.06212050159358788,
      0.07714738771330279,
      0.012426982436722484,
      0.04771412135284323
    ],
    [
      0.02509478623148121,
      0.021410103952136154,
      0.3309821466954664,
      0.019848371080732924,
      0.024353531220222067,
      0.016989261640553838,
      0.059533946928876785,
      0.17053281066991846,
      0.011993507910235799,
      0.03150377238668699,
      0.007474329299828674,
      0.10187662682045472,
      0.024270307849212074,
      0.03637024758196377,
      0.022213802798155845,
      0.026472927681774373,
      0.06267544334218447,
      0.0009431320164145167,
      0.0054609438937008575
    ],
    [
      0.024530550939791222,
      0.01877504590170398,
      0.027714498870490736,
      0.1818530819079148,
      0.013446556776950783,
      0.034534867815045195,
      0.07941322740607068,
      0.04668980220637543,
      0.0740969223471331,
      0.0777542649029455,
      0.03551530905490803,
      0.09044741031989453,
      0.059159237680257146,
      0.0412435101423882,
      0.06938183991586751,
      0.05850352238295157,
      0.027570339780485918,
      0.02377058806105219,
      0.015599423587773602
    ],
    [
      0.0077476183224891035,
      0.06032996377188771,
      0.011358247747375195,
      0.02969182620392569,
      0.37739794619971245,
      0.01810139298848687,
      0.06691488843563921,
      0.032613023099758505,
      0.10168734492377242,
      0.026524515172527113,
      0.0028223828275680644,
      0.02464848287518082,
      0.016794211574182805,
      0.0035805777920353927,
      0.0004928651853553467,
      0.01181115900309474,
      0.03748998740216801,
      0.07505315763129121,
      0.09494040884354943
    ],
    [
      0.020258720964246083,
      0.008322055728361711,
      0.03687970066106668,
      0.015742950402116773,
      0.01428542458930764,
      0.33177469033502044,
      0.036373143461224944,
      0.01514646496177961,
      0.03989907473428541,
      0.05824324153143278,
      0.017569143576604645,
      0.08638776240770998,
      0.037328753708597916,
      0.04905169381009714,
      0.05108053606327284,
      0.05621631041119703,
      0.05761222984248912,
      0.05237605741070268,
      0.015452045400486562
    ],
    [
      0.018368127900362262,
      0.008684249204460249,
      0.046389640494960714,
      0.008160050551399088,
      0.023393746384786616,
      0.03918402025967392,
      0.26202391549013815,
      0.044238953146036805,
      0.05654708657690277,
      0.04007618418427426,
      0.054791354868637565,
      0.0640394143001575,
      0.08183116942548015,
      0.012251603856852566,
      0.06349112569066893,
      0.09068369021647099,
      0.04050293969152679,
      0.028897384743068567,
      0.01644534301414213
    ],
    [
      0.012496742107027115,
      0.025049668991693634,
      0.04657314332666708,
      0.025256348156499173,
      0.024906693729955,
      0.02255995687936374,
      0.02059068452575923,
      0.42944787518072164,
      0.006375941186122371,
      0.04259047153070619,
      0.06708803066825768,
      0.0660611980372311,
      0.012047408387117667,
      0.038402358897958906,
      0.010668229212009562,
      0.04514114709924585,
      0.03509480341880747,
      0.032456871410928546,
      0.03719242725392795
    ],
    [
      0.00556527667846824,
      0.011574853882127822,
      0.018606982894177563,
      0.024390058642175087,
      0.04254826738738508,
      0.007663267555764988,
      0.07270701024208656,
      0.037393738356438666,
      0.3768118220052991,
      0.05800336662697453,
      0.0016886442024759555,
      0.039211523969004555,
      0.07319243990068694,
      0.016152330021080217,
      0.02360158439079219,
      0.05059132247434925,
      0.053779693505198164,
      0.033419698817989965,
      0.05309811844752513
    ],
    [
      0.013331519880522127,
      0.007803109993009626,
      0.009202082408481737,
      0.014502625277575825,
      0.01095349094070624,
      0.049823848577584845,
      0.06620110221587315,
      0.06700791269881781,
      0.030178641373841984,
      0.38825163455687783,
      0.03767425537372182,
      0.060299256376813104,
      0.04611836632668329,
      0.005813506537314987,
      0.06246186653287825,
      0.047043069050228745,
      0.06397322953376981,
      0.015989091103348195,
      0.003371391241950576
    ],
    [
      0.0208635493616355,
      0.006873049432967416,
      0.011938918144149555,
      0.038268202551851586,
      0.01803817645090645,
      0.012618992766862768,
      0.03861065524188847,
      0.10965109735422429,
      0.00972812261469663,
      0.01313402398689616,
      0.5038881226586231,
      0.11059429232799287,
      0.006286292527745749,
      0.03379604838536036,
      0.010483939442968418,
      0.03441100427889237,
      0.01459631135158962,
      0.0013526180244231075,
      0.004866583096325624
    ],
    [
      0.04744157378571546,
      0.00015393841321257763,
      0.03160430060773797,
      0.023286625665553243,
      0.00518860403784216,
      0.004463952530484273,
      0.05884276245952607,
      0.05389113518059756,
      0.0354107876350916,
      0.06916508624206441,
      0.04879688507663614,
      0.44713946228167567,
      0.05930099184578501,
      0.03329266139085743,
      0.021245985675770553,
      0.023663918896315743,
      0.02830992889128434,
      0.005858415900838667,
      0.002942983483011145
    ],
    [
      0.043628643975919736,
      0.0217763198501287,
      0.039260156258383395,
      0.00035777931979736043,
      0.031922832503004976,
      0.017091324132851637,
      0.08031099816313685,
      0.04551053951523285,
      0.10249410243280656,
      0.04146421421605932,
      0.043273441064100436,
      0.04715259250691671,
      0.3428007297415019,
      0.05568273841119527,
      0.029283644180529134,
      0.030264684583580052,
      0.008021049729619898,
      0.016994948143782586,
      0.002709261271452755
    ],
    [
      0.018986548909705445,
      0.0040562390752768565,
      0.011541870358596742,
      0.024571155890649003,
      0.008213053658887364,
      0.02099590243559482,
      0.042724551993355085,
      0.03516270288414683,
      0.02138659758710262,
      0.0258967859028335,
      0.008184579826530324,
      0.04540851188207262,
      0.019318348209586025,
      0.6521579144244763,
      0.01926585672329636,
      0.024088646769049156,
      0.012766736991078676,
      0.003203396292772097,
      0.0020706001849899757
    ],
    [
      0.03351100205651113,
      0.00169201562611564,
      0.013971441301784052,
      0.054845464079280655,
      0.027889983837998587,
      0.04424162295646939,
      0.09905773766071918,
      0.06350408638740747,
      0.044372722719138405,
      0.09176969971121116,
      0.0207715245668703,
      0.09713958927087737,
      0.0518673184028011,
      0.05018937812572335,
      0.22234211448518376,
      0.03889997771078481,
      0.011546906945105274,
      0.020151422663543434,
      0.012235991492474998
    ],
    [
      0.016365035013352795,
      0.04494747785731478,
      0.024437843299251073,
      0.021830447330762746,
      0.043911881658626216,
      0.008124272183263335,
      0.04201316937840838,
      0.02752084618130066,
      0.08637277803042348,
      0.055700174807860686,
      0.011874411209787224,
      0.06139056135662983,
      0.09428006838957129,
      0.006594672534822654,
      0.009718565756448054,
      0.3028856747828349,
      0.027984697837025122,
      0.06142599024907269,
      0.052621432143244114
    ],
    [
      0.010163201686925236,
      0.0705326528959815,
      0.0121329317934922,
      0.008122593236566375,
      0.006380307925109929,
      0.011863433827077902,
      0.05061363889628154,
      0.049788041051356584,
      0.04478254537683579,
      0.023148974582937906,
      0.0175355757585745,
      0.027546728312302638,
      0.020855242641575105,
      0.01881344126504985,
      0.01701038314784968,
      0.08785176780661233,
      0.41240925029054487,
      0.005838370138349499,
      0.10461091936657667
    ],
    [
      0.010621291173983865,
      0.010370110356153765,
      0.00686396760707912,
      0.013812468265692426,
      0.1023647001594524,
      0.028639155472407033,
      0.06025845371342318,
      0.013745722607555372,
      0.11716221316367913,
      0.04503451837866786,
      0.010200652520930163,
      0.035654356083372904,
      0.022741335677574304,
      0.0056915488756818355,
      0.016540186692060532,
      0.04832381950263641,
      0.08844208957327554,
      0.2887695179957191,
      0.07476389218065496
    ],
    [
      0.0036748928812717365,
      0.10346159807056793,
      0.004945773500883113,
      0.004093449294966474,
      0.06157075163430657,
      0.012692847408055173,
      0.049171081827858176,
      0.010259041522682661,
      0.030534593773937368,
      0.021404452214607936,
      0.005507512298669062,
      0.030509368694349934,
      0.0006596006209821499,
      0.0005129861873755017,
      0.020943176810532076,
      0.05345756212616838,
      0.10180322866967637,
      0.06968132390609443,
      0.4151167585570149
    ]
  ]
}