{
  "poids_LS": 0.6975,
  "poids_EM": 0.3025,
  "mae_validation": 6.587556396112369,
  "matrice_de_transition": [
    [
      0.28327412259630486,
      0.0017754733986456027,
      0.00643442873546703,
      0.0450380496275359,
      0.004151513914570975,
      0.025274217398447065,
      0.11828709496196639,
      0.06870936185250914,
      0.07390527840125725,
      0.06003432731583389,
      0.01018484437114796,
      0.14871497394443872,
      0.015003799240052667,
      0.024390108678880792,
      0.004568326672510751,
      0.04115203397858994,
      0.05898488053074516,
      0.003841915870961042,
      0.006275248510134897
    ],
    [
      0.004333356629575106,
      0.5936618942492965,
      0.001486780402599209,
      0.007879691079589088,
      0.025982970559389543,
      0.005164626913633132,
      0.049076598308648085,
      0.01292888894380904,
      0.05706910258988018,
      0.014396940079881983,
      0.0017236738719645112,
      0.03223852527268593,
      0.008974825754135971,
      0.00010940887512758843,
      0.029412208769682223,
      0.052030375044342915,
      0.06203312314515289,
      0.009650804109365523,
      0.03184620540124067
    ],
    [
      0.013992945318014868,
      0.011938352894969929,
      0.4122100960466533,
      0.01609810786905018,
      0.029292370666680796,
      0.012013986367195764,
      0.06959010633954212,
      0.17339349795304235,
      0.017059867921601767,
      0.02031114810205286,
      0.004167713572715528,
      0.08621846018712614,
      0.013533213132509958,
      0.02028018413556505,
      0.012386498334455563,
      0.023851392132329473,
      0.06009112268951752,
      0.0005258938893371268,
      0.0030450424476396484
    ],
    [
      0.013678325639238424,
      0.010469034811549222,
      0.01545370674345336,
      0.23077805671193088,
      0.0074978496313873036,
      0.01925676961115423,
      0.10556256459715634,
      0.06926708564932202,
      0.09187187765974049,
      0.08745901057208189,
      0.019803467261031667,
      0.107627418640458,
      0.04890886353833608,
      0.022997533305202638,
      0.04469655481460031,
      0.05942108585964938,
      0.023297931315422522,
      0.013254567536347073,
      0.008698296101938275
    ],
    [
      0.0043201005392681175,
      0.03364021021381757,
      0.006333400817660823,
      0.016556271754262712,
      0.4538291736084763,
      0.01009340346362632,
      0.08496415890369832,
      0.037534627472727816,
      0.09234090286871635,
      0.03701384223037734,
      0.0015737710697499344,
      0.03496955316808468,
      0.009364514287908384,
      0.001996543377125726,
      0.00027482344436864956,
      0.006585945803568956,
      0.03239362008120844,
      0.061825295926939194,
      0.0743898409684145
    ],
    [
      0.011296337496192516,
      0.004640408954524272,
      0.02056425705064087,
      0.00877832718274714,
      0.007965605416157717,
      0.4407113381876741,
      0.05404651517816483,
      0.010220227871915089,
      0.03930112456927588,
      0.06327055321057394,
      0.009796619229350977,
      0.08726738139640092,
      0.02081465068543939,
      0.027351405304247716,
      0.03940418191265657,
      0.04686707233650719,
      0.056870322974683446,
      0.03495745966562021,
      0.015876211377227244
    ],
    [
      0.01024213583384255,
      0.004842369372072305,
      0.025867034561706203,
      0.004550074270595806,
      0.018864071823059304,
      0.021849154154011726,
      0.39608758521921217,
      0.03691349616570225,
      0.04591240956298104,
      0.05944803148083669,
      0.0333127520286041,
      0.07836001207471446,
      0.07528928537737584,
      0.006831539477784149,
      0.04194357624585689,
      0.08149237186396732,
      0.03291082832812659,
      0.016113288266872333,
      0.00916998389267833
    ],
    [
      0.0069682294698169625,
      0.013967787778778478,
      0.025969356417173812,
      0.014837651702655384,
      0.013888064245735276,
      0.012579515126281166,
      0.01486852621070717,
      0.5880123780389508,
      0.004011672183151813,
      0.03511376745286318,
      0.037408533229765804,
      0.05334278498490476,
      0.0144737243903266,
      0.023759793093197118,
      0.015213167420139673,
      0.03674438309176768,
      0.04160792152530589,
      0.018098071155402556,
      0.029134672483075743
    ],
    [
      0.0031032187930629357,
      0.00645418119694685,
      0.01037532225896537,
      0.013599986616143712,
      0.023725070755177855,
      0.004273066240772182,
      0.09584944218384868,
      0.039452361336856506,
      0.45067263055782525,
      0.0715533574596934,
      0.0009415942327170075,
      0.05726629221345878,
      0.06073042011577655,
      0.009006598767514775,
      0.01316033046675509,
      0.04591489368330866,
      0.041330965053902255,
      0.01863494726717413,
      0.03395532080010001
    ],
    [
      0.010606087658326362,
      0.004351042899327948,
      0.005131115075697189,
      0.015487791193761305,
      0.0061077069300712215,
      0.027781961649252382,
      0.07621469838132354,
      0.05534302876172624,
      0.022010422883614683,
      0.4894855607359064,
      0.021007303687651337,
      0.06177342178557682,
      0.027934801968423635,
      0.006175905722309929,
      0.034828967052895246,
      0.04104873535192577,
      0.08391597193142122,
      0.008915576145184938,
      0.0018799001856037775
    ],
    [
      0.021683444901966126,
      0.0038324377022537206,
      0.006657184771622563,
      0.02880051644927524,
      0.02571159873265341,
      0.0070363968884349995,
      0.03880667910743793,
      0.11930884314001773,
      0.005424437034001347,
      0.007323580195458228,
      0.5380139120255715,
      0.09987273547568702,
      0.003505259888743021,
      0.018844801173403702,
      0.005845883283867182,
      0.04699603422711317,
      0.018868405529633404,
      0.000754224797028553,
      0.002713624675831339
    ],
    [
      0.026453596442726133,
      8.583662672222069e-05,
      0.01762267453242532,
      0.012984708320423697,
      0.0028931847399949373,
      0.002489116387965885,
      0.06371305939123688,
      0.0703043271366982,
      0.05308454043339879,
      0.07268830846635536,
      0.027209323015082824,
      0.49710464766840656,
      0.049980464392686275,
      0.018564110729464282,
      0.011846839939024132,
      0.025590275625668256,
      0.03978704154968233,
      0.005956926162202352,
      0.0016410184398357077
    ],
    [
      0.024327492723899946,
      0.012142556229795265,
      0.02189160786757784,
      0.0001994990677211088,
      0.017800289091537337,
      0.009530185345967964,
      0.08415384291576648,
      0.054606236978777076,
      0.09267390399385916,
      0.05211924909898323,
      0.02412943027076568,
      0.05764188031152765,
      0.460127333658954,
      0.031048900220067406,
      0.016328667953198275,
      0.023582635321056807,
      0.005825088743132619,
      0.01036050613439029,
      0.0015106940730220432
    ],
    [
      0.010586969668545432,
      0.0022617738622511506,
      0.0064357894626276765,
      0.013777177360118473,
      0.00791025180751716,
      0.01633503351770655,
      0.05574850115706151,
      0.03520679439272016,
      0.02309224588510406,
      0.0241156406130354,
      0.0045637518848394894,
      0.04676374526834512,
      0.010771982181382068,
      0.6730101212427086,
      0.019250611629692917,
      0.02967575211240344,
      0.017553058074635523,
      0.0017862255826056395,
      0.0011545742966994797
    ],
    [
      0.01868585828957533,
      0.0009434741509677071,
      0.0077905271774924905,
      0.03058203296586617,
      0.015551557808284926,
      0.024669292063284776,
      0.1264522094290464,
      0.06924411542541774,
      0.05440564926826316,
      0.099692468904915,
      0.011582278675535974,
      0.11588807023918991,
      0.04131056427610378,
      0.02798578227286878,
      0.2763605620641171,
      0.04808737532675156,
      0.012708840128318324,
      0.011236507568150948,
      0.006822833965850115
    ],
    [
      0.009125203855371834,
      0.025062879358226216,
      0.013626631517093915,
      0.012172737912545126,
      0.02860120489160141,
      0.00453012412062149,
      0.04963816753483778,
      0.03536275962010635,
      0.07928107482134182,
      0.060284560248765065,
      0.006621215467208544,
      0.07943193214788757,
      0.0997976631276752,
      0.003677213717573922,
      0.005932984742080676,
      0.3990080564932791,
      0.01942433559251328,
      0.03425135861814653,
      0.034169896213124155
    ],
    [
      0.005667038728654164,
      0.05538077865797978,
      0.006765367497753715,
      0.006337716687631379,
      0.003557683220913831,
      0.0066150944381402135,
      0.05674701449406154,
      0.06195579467432828,
      0.032684995607200604,
      0.012907953569287957,
      0.009777901690265043,
      0.037745564120950065,
      0.025110613434289716,
      0.015400745921942963,
      0.009485052354330926,
      0.07402012215926146,
      0.48628955644654664,
      0.0032554967130888914,
      0.0902955095833729
    ],
    [
      0.005922471115447224,
      0.005782411765412929,
      0.0038273736426570207,
      0.00770188322649209,
      0.05707893419029374,
      0.015969298673554153,
      0.08102364144680874,
      0.010739264229300743,
      0.09414086239476534,
      0.053901832086428715,
      0.005687921451762902,
      0.04717359302803391,
      0.012680652612840971,
      0.0031736286357488576,
      0.009745733485844064,
      0.043592307320121135,
      0.06394366732562724,
      0.4067891550936741,
      0.07112536827518603
    ],
    [
      0.002049133818589309,
      0.06075072417348259,
      0.0027577815373587868,
      0.0022825224179306145,
      0.03433207810023546,
      0.00707757850863906,
      0.0655937780133998,
      0.014170035167325765,
      0.03577910283745843,
      0.025756540308454635,
      0.003071009161930675,
      0.041344083713607135,
      0.00036779573796700524,
      0.00028604298927389725,
      0.021759874656308898,
      0.0378992708058166,
      0.08996853305444391,
      0.04387669729958868,
      0.5108774176981887
    ]
  ]
}