{
  "poids_LS": 0.425,
  "poids_EM": 0.575,
  "mae_validation": 7.320521275228866,
  "matrice_de_transition": [
    [
      0.22578606063715168,
      0.0033748667908139554,
      0.01223073230708609,
      0.06908450334833012,
      0.007891307440920035,
      0.04804190084002335,
      0.08789682122230931,
      0.05335652619659497,
      0.06065818909958278,
      0.05236857877461551,
      0.019359621531934136,
      0.16853589058078827,
      0.028519618390182754,
      0.04636136360448415,
      0.008683596154359279,
      0.04405963059765136,
      0.04455981886621307,
      0.007302815291909418,
      0.011928158325049803
    ],
    [
      0.008236958882663422,
      0.5118233687494412,
      0.0028261115090728764,
      0.014977925192607358,
      0.049389117592228055,
      0.009817059422608432,
      0.038151805395003735,
      0.021453454318483015,
      0.05860373795550024,
      0.01331945028797838,
      0.0032764048805936988,
      0.02080626351873415,
      0.012839014953851539,
      0.0002079672833003747,
      0.028924551230720776,
      0.06348687289713147,
      0.07919411104023974,
      0.012802923251885406,
      0.04986290163795608
    ],
    [
      0.02659816052184644,
      0.02269273690779408,
      0.31998252855415976,
      0.020356219223981627,
      0.023684730045180784,
      0.01766299683382108,
      0.058172175342015846,
      0.1701454259336621,
      0.011307438325363323,
      0.03301944025856453,
      0.007922100179541912,
      0.10399700355205128,
      0.025724289425432152,
      0.03854911034033026,
      0.023544583610948588,
      0.026827927287428367,
      0.06302540343056645,
      0.00099963301278958,
      0.005788097214521646
    ],
    [
      0.02600012311590775,
      0.0198998182368291,
      0.029374814471027046,
      0.17522782490320427,
      0.014252110869579171,
      0.03660377694682209,
      0.07587217132811115,
      0.04363246174014308,
      0.07168989714855084,
      0.07644008059358327,
      0.03764295429782878,
      0.08812095085981822,
      0.06054730917864229,
      0.043714319505757084,
      0.07272463893999745,
      0.05837926899548207,
      0.028148895093463248,
      0.025194632507106005,
      0.016533951268147135
    ],
    [
      0.00821176135563361,
      0.06394420123287636,
      0.01203869576910735,
      0.031470599202317553,
      0.3670478841547757,
      0.01918580823664507,
      0.06447071639308953,
      0.031946555840918905,
      0.10295300895206125,
      0.02510408546677656,
      0.0029914656697726024,
      0.02325083793968342,
      0.017800316415032463,
      0.003795082452387743,
      0.0005223916711139619,
      0.012518739957197189,
      0.03818012047688128,
      0.07684443057042221,
      0.09772329824330728
    ],
    [
      0.021472377058878334,
      0.008820612062318864,
      0.03908908364997851,
      0.016686076463073074,
      0.015141233435671692,
      0.3170228526049736,
      0.033979874374556004,
      0.01581355956769876,
      0.03998004715246378,
      0.05756245974154908,
      0.018621672915295245,
      0.08626864733632474,
      0.03956503849298396,
      0.05199027454526425,
      0.05266170902116878,
      0.057482353067144616,
      0.05771269639750447,
      0.05473482585534926,
      0.015394606257802926
    ],
    [
      0.019468522659370137,
      0.009204503765096116,
      0.04916874338175559,
      0.0086489015060912,
      0.02400713981502052,
      0.041531450044815676,
      0.243869460214326,
      0.04523094211212378,
      0.057987199089204675,
      0.03745291319619809,
      0.057699915669892105,
      0.06210016668485291,
      0.08271704955699427,
      0.012985570908184746,
      0.06640902301132055,
      0.09192834791003918,
      0.041531038105320564,
      0.03062856447422014,
      0.017430547895173683
    ],
    [
      0.013245394859982655,
      0.02655034040594256,
      0.049363239470660965,
      0.026667213301290515,
      0.026398799805943087,
      0.023911475033427006,
      0.02136556013092253,
      0.4079755987520031,
      0.006696102613607968,
      0.04360294187458076,
      0.07110712927972013,
      0.06778348313806695,
      0.011718844761683125,
      0.04038520635068706,
      0.01005276882965861,
      0.046278208891925174,
      0.03421281867521914,
      0.03440129227886436,
      0.03828358154581418
    ],
    [
      0.005898680350450208,
      0.012268278308246078,
      0.019721686938529215,
      0.0258512142290335,
      0.04509724193132981,
      0.008122357317170264,
      0.06957313924997294,
      0.03711496649450708,
      0.3668098375138112,
      0.056168472035043854,
      0.0017898072192141464,
      0.03676660743590138,
      0.07488000507989355,
      0.01711998112833387,
      0.025015504193005543,
      0.05122458887313599,
      0.055465458816311146,
      0.03542180059049627,
      0.05569037229561395
    ],
    [
      0.013700588827277803,
      0.008270577411945685,
      0.009753359234796309,
      0.014369217393092375,
      0.011609690858813066,
      0.052808687432463204,
      0.06484509440180175,
      0.0685875323986323,
      0.0312847542943936,
      0.37454287372013434,
      0.03993123841454386,
      0.06009962981104301,
      0.04858072400019762,
      0.005764431647680255,
      0.06620382167079261,
      0.04785480173854059,
      0.06127264983408785,
      0.016946962920599468,
      0.003573363989164205
    ],
    [
      0.020752521840549064,
      0.007284798938168229,
      0.01265415287167925,
      0.03955028504490879,
      0.01699906718358655,
      0.013374969292066528,
      0.03858411034342864,
      0.10834327761239808,
      0.010310913370415783,
      0.013920854916986714,
      0.49926692201518225,
      0.11204616981840929,
      0.006662890697610701,
      0.03582069644531282,
      0.01111200954784671,
      0.03270678147340414,
      0.014017798598312856,
      0.0014336504406327868,
      0.0051581295491008915
    ],
    [
      0.0502836957175786,
      0.00016316053013314678,
      0.03349764580543656,
      0.0246816769727062,
      0.005499442067758972,
      0.004731378258116972,
      0.05818324308335689,
      0.051668515436542266,
      0.03301746694365417,
      0.06868798323252501,
      0.051720200772471484,
      0.44037334342722256,
      0.06056314660505879,
      0.03528715262625442,
      0.022518786660954963,
      0.023403058089215917,
      0.026755736552126277,
      0.005845075969612335,
      0.0031192912492744853
    ],
    [
      0.046242341541297416,
      0.02308089200704885,
      0.04161214718630498,
      0.0003792131039326862,
      0.033835260256641214,
      0.018115228343575467,
      0.07979061293621825,
      0.04427883048371124,
      0.10382392097141402,
      0.04002134490899671,
      0.045865859192364515,
      0.04573216811670898,
      0.3269127521276803,
      0.05901857066624383,
      0.031037963877980187,
      0.031169545421213404,
      0.00831841944654005,
      0.017893362165887793,
      0.002871567246240247
    ],
    [
      0.02012399193194586,
      0.004299239572874087,
      0.012233318813259219,
      0.026032840483325013,
      0.008254058076260411,
      0.021627061768225524,
      0.04096089221076984,
      0.03515673215902752,
      0.021155624380081593,
      0.026137982660826987,
      0.008674900276967625,
      0.045224990694348224,
      0.020475668609238645,
      0.6493341780845074,
      0.01926792116305516,
      0.02333205958713659,
      0.012118589344347019,
      0.0033953048264404716,
      0.002194645357362647
    ],
    [
      0.03551857360828368,
      0.0017933806175419226,
      0.014808440089448534,
      0.05813113704255553,
      0.029560812362855644,
      0.04689204276492147,
      0.09534806960875822,
      0.06272679078851025,
      0.04301409724894442,
      0.09069682471623043,
      0.022015901614655154,
      0.09460073247308506,
      0.05329687885745803,
      0.05319611506413074,
      0.21502711637553654,
      0.03765585095028931,
      0.011389561826545174,
      0.021358650749377834,
      0.012969023240872117
    ],
    [
      0.017345428815996048,
      0.04764018390406635,
      0.025901861561418184,
      0.02313826214781305,
      0.045985202470827484,
      0.00861097973341275,
      0.04098061754472523,
      0.02645892040312905,
      0.08733311283998661,
      0.05507937261273821,
      0.012585781466594753,
      0.058947459061980345,
      0.0935328941021197,
      0.006989745082991753,
      0.010231196518810303,
      0.28986910225954554,
      0.029143913557636097,
      0.06510588828242728,
      0.05512007763378119
    ],
    [
      0.010772057087524444,
      0.07258446919904422,
      0.012859789458540119,
      0.008364295269234656,
      0.006762538353803149,
      0.012574146452663216,
      0.04978307761741549,
      0.0481403244149125,
      0.04642075524147389,
      0.02453577951186967,
      0.018586094121991404,
      0.026165635963214962,
      0.020278994513394998,
      0.019275577092762244,
      0.01802943835947201,
      0.0897248031546911,
      0.40240462549858624,
      0.0061881342480202065,
      0.1065494644413855
    ],
    [
      0.011257589723577368,
      0.010991361206983253,
      0.007275173039761279,
      0.014639943323084138,
      0.10849714763444264,
      0.030354865247251693,
      0.05744650120786055,
      0.014152847179610684,
      0.12027968774696952,
      0.043833736314075236,
      0.010811751519879896,
      0.03409445941378339,
      0.024103719842590274,
      0.006032517241506093,
      0.017460268897069007,
      0.04896454511068535,
      0.09175958425264458,
      0.27278769213870435,
      0.07525660895952054
    ],
    [
      0.003895047754343315,
      0.10924536224413157,
      0.005242064079277032,
      0.004338678976231747,
      0.06525932200871203,
      0.013453248404851105,
      0.04694717505273274,
      0.009729427799970571,
      0.029824399838252226,
      0.020815106951899528,
      0.005837455431769051,
      0.02904216770215885,
      0.0006991158655571173,
      0.0005437180787850939,
      0.02083258231058313,
      0.055564414075799345,
      0.10340584370090575,
      0.07317570042572541,
      0.40214916929831424
    ]
  ]
}