{
  "poids_LS": 0.4925,
  "poids_EM": 0.5075000000000001,
  "mae_validation": 7.137207257943486,
  "matrice_de_transition": [
    [
      0.24002622277382266,
      0.0029786867762401437,
      0.01079495068842816,
      0.06312804233492239,
      0.006964936567420727,
      0.042402199437064095,
      0.09542468719451795,
      0.0571595221847572,
      0.06393957819265811,
      0.05426743391785309,
      0.017086970308620133,
      0.16362612223967418,
      0.02517166318785696,
      0.040918942659609936,
      0.007664217475369277,
      0.043339400242471016,
      0.048132999278528356,
      0.006445528279380923,
      0.010527896260804828
    ],
    [
      0.007270011535568153,
      0.5320952970842678,
      0.002494350592790409,
      0.013219647017823018,
      0.04359126465748825,
      0.008664622012128314,
      0.040857946758933984,
      0.019341864730261026,
      0.05822359891997968,
      0.01358635142909212,
      0.002891783438089222,
      0.023638108173382757,
      0.01188183047318805,
      0.00018355373265206988,
      0.029045347134867193,
      0.060649024805156326,
      0.0749432241304476,
      0.012022123097316262,
      0.04540005027656786
    ],
    [
      0.023475767764934038,
      0.020028806922966085,
      0.3428278893091812,
      0.01930145769569586,
      0.0250737786394973,
      0.01626370066318912,
      0.06100047017626548,
      0.17094999423204071,
      0.012732352078560003,
      0.029871514678511183,
      0.006992114506291341,
      0.09959314418642765,
      0.022704481536359688,
      0.03402377999603063,
      0.02078065423053289,
      0.02609062041414699,
      0.062298563247003884,
      0.0008822847895490641,
      0.005108624932816932
    ],
    [
      0.022947934750127276,
      0.01756375261772308,
      0.02592646668529779,
      0.1889879740668338,
      0.012579036984889444,
      0.03230681182697777,
      0.083226672413104,
      0.04998232270847181,
      0.07668910333022166,
      0.07916954031302789,
      0.03322399879330106,
      0.09295282819997669,
      0.057664391451226996,
      0.03858263852029865,
      0.06578190250526605,
      0.058637333723303334,
      0.026947280212664168,
      0.022237001734532698,
      0.014593009162755952
    ],
    [
      0.0072477719791027104,
      0.05643770804466915,
      0.010625457570125183,
      0.027776224513349844,
      0.3885441668634905,
      0.016933561182778042,
      0.06954707371223116,
      0.03333075707081653,
      0.10032432212407674,
      0.028054208701796937,
      0.002640293612886254,
      0.026153638959562634,
      0.015710714053267787,
      0.0033495727731944,
      0.0004610674314614535,
      0.011049148744830565,
      0.03674676716786141,
      0.07312409446607321,
      0.09194345102842559
    ],
    [
      0.018951706708488274,
      0.007785148907177086,
      0.03450036513454626,
      0.014727276182625369,
      0.013363784293223279,
      0.3476612848135324,
      0.03895051016994534,
      0.014428055386174369,
      0.03981187366855486,
      0.05897639115130753,
      0.016435650442630154,
      0.08651604017689407,
      0.03492044701772063,
      0.04588706840299411,
      0.04937773441630797,
      0.0548528798586381,
      0.05750403509093412,
      0.04983584523954482,
      0.015513902938761244
    ],
    [
      0.01718308739066147,
      0.00812397506223701,
      0.04339676046302777,
      0.007633595677115278,
      0.022733168844534718,
      0.036656018952598186,
      0.2815748673256281,
      0.04317065733640469,
      0.05499619617903919,
      0.04290124524835628,
      0.051659058621132695,
      0.06612783480894706,
      0.08087714466846493,
      0.011461177801571756,
      0.06034877472996718,
      0.08934328962339755,
      0.039395756784364265,
      0.027033037340289955,
      0.015384353142261994
    ],
    [
      0.011690500680767303,
      0.023433561314810177,
      0.04356842440236599,
      0.023736954923646955,
      0.023299810263506294,
      0.021104475790372536,
      0.01975620310481414,
      0.45257186518088005,
      0.0060311519565225,
      0.04150011885268742,
      0.06275977062514429,
      0.06420642946710017,
      0.012401246137585637,
      0.03626698471809782,
      0.011331032700695205,
      0.04391661901482195,
      0.03604463314267182,
      0.03036287970699768,
      0.036017338016512
    ],
    [
      0.005206226570179967,
      0.010828089115538932,
      0.01740653238487579,
      0.02281650647171218,
      0.039803217878521535,
      0.007168863197328539,
      0.07608194823359354,
      0.0376939542077496,
      0.3875831899192092,
      0.059979406956746036,
      0.0015796994152194425,
      0.041844511004654125,
      0.07137506201538751,
      0.015110244213268592,
      0.022078901526870115,
      0.049909343275655826,
      0.051964253939384177,
      0.03126358921682933,
      0.05030646045727564
    ],
    [
      0.012934061014785246,
      0.0072996835418477155,
      0.008608399672450657,
      0.014646295307019542,
      0.01024681410582197,
      0.04660940673386971,
      0.06766141832333467,
      0.06530678379132529,
      0.028987442844017174,
      0.4030149154579862,
      0.03524365825283655,
      0.060514238832257816,
      0.0434665965244371,
      0.005866356418460084,
      0.05843206869204741,
      0.046168895385892895,
      0.06688154613342731,
      0.014957536838616056,
      0.0031538821295666684
    ],
    [
      0.02098311746126705,
      0.006429626888905003,
      0.011168665360656036,
      0.0368874983285592,
      0.019157217200327883,
      0.01180486420125872,
      0.038639242055614434,
      0.1110595186146525,
      0.009100501800845236,
      0.012286667600644797,
      0.5088648002746365,
      0.10903073195369828,
      0.005880725267891186,
      0.03161565816695002,
      0.00980755625309949,
      0.036246321146341236,
      0.01521932508588767,
      0.0012653523454280685,
      0.004552609993336875
    ],
    [
      0.04438082708986286,
      0.00014400690268273392,
      0.02956531347175488,
      0.02178426271938852,
      0.004853855390239441,
      0.004175955593033675,
      0.059553014095400564,
      0.05628472567419557,
      0.03798820991817807,
      0.06967888948310685,
      0.045648698942659625,
      0.45442605181724066,
      0.057941748258874784,
      0.0311447477527376,
      0.019875276922495036,
      0.023944845919346317,
      0.029983674487300712,
      0.0058727819806208715,
      0.0027531135808813944
    ],
    [
      0.04081389275166686,
      0.020371395988830077,
      0.036727242951390925,
      0.00033469678303624044,
      0.02986329492216595,
      0.015988658059764436,
      0.08087141302289534,
      0.04683699539533305,
      0.10106199016046008,
      0.04301807346981906,
      0.040481606156739125,
      0.04868228031175581,
      0.35991085947946366,
      0.052090303674989125,
      0.02739437681404339,
      0.029290219066128748,
      0.007700805419090503,
      0.01602742535074621,
      0.00253447022168161
    ],
    [
      0.017761610270369613,
      0.0037945462317106084,
      0.01079723356126792,
      0.022997034021613304,
      0.008168895055562543,
      0.020316192385069452,
      0.04462387791306227,
      0.035169132895813776,
      0.021635337963894496,
      0.02563703554807128,
      0.0076565424183670785,
      0.045606150084237365,
      0.018072003163806284,
      0.6551988612521353,
      0.019263633480479193,
      0.024903432964954987,
      0.013464742149097382,
      0.0029967255642061558,
      0.0019370130762809456
    ],
    [
      0.03134900192383299,
      0.0015828533276565668,
      0.013070057991991535,
      0.051307047041907715,
      0.026090630041998682,
      0.041387324701213306,
      0.10305276479360023,
      0.06434117395545064,
      0.045835857840885764,
      0.09292510355195965,
      0.01943142620771738,
      0.09987374274542296,
      0.05032779175932441,
      0.0469513537305154,
      0.23021980475711154,
      0.04023980652977996,
      0.011716355534323845,
      0.0188513308787987,
      0.011446572686508871
    ],
    [
      0.015309226302813906,
      0.042047640576197705,
      0.02286120824768649,
      0.02042203137393935,
      0.041679074630101766,
      0.0076001255907947336,
      0.043125148276221,
      0.028664458557793156,
      0.08533857131243242,
      0.05636873101799258,
      0.011108320163994502,
      0.06402159459702159,
      0.09508471762221143,
      0.006169209790640548,
      0.00916650185851948,
      0.316903522115608,
      0.02673631167636715,
      0.05746302313622931,
      0.04993058315343496
    ],
    [
      0.009507511255510706,
      0.06832300456960624,
      0.011350162000363673,
      0.00786229873984669,
      0.005968675155747998,
      0.011098050999524491,
      0.05150808950429112,
      0.051562505121373295,
      0.043018319368764,
      0.021655492351780624,
      0.016404248290279373,
      0.029034058534397052,
      0.021475817548845984,
      0.01831575652751343,
      0.015912939073794864,
      0.08583465281637367,
      0.4231834616049618,
      0.005461701097165661,
      0.10252325543985946
    ],
    [
      0.009936046582113939,
      0.009701070978337395,
      0.006421130987267565,
      0.012921341280809046,
      0.09576052595561678,
      0.026791468022574327,
      0.06328671025787524,
      0.013307280760726573,
      0.11380493284321254,
      0.04632766829438298,
      0.009542545906676605,
      0.0373342448044693,
      0.02127415273063403,
      0.005324352174024944,
      0.015549328932820631,
      0.04763380730935293,
      0.0848694029954935,
      0.3059807150725042,
      0.07423327411110742
    ],
    [
      0.003437803017963883,
      0.09723292896057634,
      0.004626691339535817,
      0.003829355792065412,
      0.05759844507725454,
      0.011873954026890326,
      0.05156605835491633,
      0.010829394762526446,
      0.03129941801236752,
      0.022039131728293915,
      0.005152188924561381,
      0.03208943130132494,
      0.0006170457422091081,
      0.0004798903043190178,
      0.021062278579707865,
      0.051188644641950415,
      0.10007733555912166,
      0.06591814919264569,
      0.4290818546817694
    ]
  ]
}