{
  "poids_LS": 0.01,
  "poids_EM": 0.99,
  "mae_validation": 8.464922193111834,
  "matrice_de_transition": [
    [
      0.13823543416724868,
      0.0058106402137492455,
      0.021058130406983008,
      0.10570570809742959,
      0.013586772811323191,
      0.08271562057673586,
      0.04161438598576732,
      0.029975143454560555,
      0.04048372282363818,
      0.040694136042117794,
      0.03333221794193878,
      0.1987218737150454,
      0.04910334296744509,
      0.07982217385815532,
      0.014950887291853367,
      0.048487713522093516,
      0.0225913763312376,
      0.012573542850417957,
      0.020537176942259663
    ],
    [
      0.014181894424063982,
      0.38718855009828557,
      0.0048658267721428655,
      0.02578807989683702,
      0.08503517637618396,
      0.016902415353708435,
      0.021514047379728854,
      0.03443581993495897,
      0.060940889062774825,
      0.011678502531501335,
      0.005641114490065673,
      0.003395663049413096,
      0.01872392694607892,
      0.00035806540950847126,
      0.028181880116339125,
      0.08093438338853422,
      0.1053291935226656,
      0.01760339827627349,
      0.07730117297093551
    ],
    [
      0.04579509376804866,
      0.03907097311081068,
      0.17952586613439905,
      0.026841049360849703,
      0.0151446535023459,
      0.02626607699400275,
      0.040783399694407044,
      0.16519882083992707,
      0.002546857472376332,
      0.05237335308407772,
      0.013639789874341729,
      0.13107258335551528,
      0.04429051570639623,
      0.06637151171639472,
      0.04053763091276366,
      0.03136099917501017,
      0.06749412455913639,
      0.0017211072741942332,
      0.009965593465002486
    ],
    [
      0.0447654293647803,
      0.03426229574688837,
      0.05057576752402918,
      0.09062838930459316,
      0.024538416975449357,
      0.06302215509105022,
      0.03065560910185887,
      0.004592575786714595,
      0.04095403692050057,
      0.059658957874034926,
      0.06481134739974,
      0.058413853138843876,
      0.07827191446571412,
      0.07526465445339046,
      0.11540961109427199,
      0.05679264881702545,
      0.03553660139763536,
      0.0433785846644086,
      0.02846715087907072
    ],
    [
      0.014138510855786567,
      0.11009523342703932,
      0.020727493585071782,
      0.05418416210485979,
      0.23488555342712153,
      0.03303295679004978,
      0.033260519542070655,
      0.023436281612659465,
      0.11911456500559568,
      0.00696629076257721,
      0.005150523500999786,
      0.0054039872248705005,
      0.030647501305881984,
      0.006534141961502375,
      0.0008994221815701259,
      0.021554004448043857,
      0.046992588969373875,
      0.09971760810086425,
      0.13325865519406146
    ],
    [
      0.036969831805720964,
      0.015186792942079436,
      0.06730120489300649,
      0.02872907077989973,
      0.026069254089243436,
      0.12865323235976006,
      0.003419669114014123,
      0.024331844535589498,
      0.0410140026461261,
      0.04886939996303415,
      0.03206166293242138,
      0.08474763950171332,
      0.06812067497052891,
      0.08951369008662889,
      0.0728520714066094,
      0.07364874390462914,
      0.058995577023085104,
      0.08485448445622103,
      0.014661152589688827
    ],
    [
      0.033519717274393804,
      0.015847754308600272,
      0.08465574947467486,
      0.014891152158313546,
      0.031839702078007334,
      0.07150632268585655,
      0.01205103130780217,
      0.05789787814061896,
      0.07637632809244434,
      0.0039557605792255555,
      0.09483999974744997,
      0.037337466366348174,
      0.09402905739017466,
      0.022357765563657216,
      0.10366832725964137,
      0.10782166922791009,
      0.05465906400453341,
      0.05273439796430946,
      0.030010856376038172
    ],
    [
      0.022805114628491878,
      0.045712760003275024,
      0.08499062100165974,
      0.044682875919395404,
      0.04545184662240636,
      0.04116932223146563,
      0.03126012555070005,
      0.13379114589298188,
      0.01078431776457789,
      0.05653140934251764,
      0.122427926933779,
      0.0897757390410479,
      0.00752334000613435,
      0.06570464305475432,
      0.0021938131781002973,
      0.060797613321522836,
      0.022950551949398944,
      0.059230051054044726,
      0.05221678250374613
    ],
    [
      0.01015598877729688,
      0.02112277482637151,
      0.033955600120250305,
      0.04450904710737942,
      0.0776456861078548,
      0.013984580424345324,
      0.02955601735067595,
      0.03355526425753456,
      0.2390921893917347,
      0.03273827955346746,
      0.0030815811252556608,
      0.00554690401319928,
      0.0964289142913011,
      0.029476141420957447,
      0.04307017243665303,
      0.05931091365764367,
      0.07699138509667698,
      0.06098710014711533,
      0.08879145989428658
    ],
    [
      0.01841331537815798,
      0.014239776761436921,
      0.016792740247736256,
      0.012665701329688315,
      0.019988859043869454,
      0.09092278357937143,
      0.04752991769904378,
      0.0887580608731865,
      0.04540896543374498,
      0.1994925430355641,
      0.06875117570504075,
      0.057550552125055734,
      0.08002313736968827,
      0.005137783056959836,
      0.11398571035492991,
      0.05822000375852283,
      0.026788324438148978,
      0.029178249202423432,
      0.006152400607430544
    ],
    [
      0.019334785802060692,
      0.012542523389193996,
      0.021787150161673843,
      0.055921492263947055,
      0.003730441154732434,
      0.023028207998514544,
      0.03824515240924937,
      0.09164342552446357,
      0.017752703020368042,
      0.023968080639681474,
      0.44025774456816746,
      0.13058552854218816,
      0.011471759635886251,
      0.06167389474932121,
      0.019131981656292596,
      0.010945167187939015,
      0.00663063574877881,
      0.0024683720630025376,
      0.008880953484538927
    ],
    [
      0.08657540653983098,
      0.0002809198692727223,
      0.057674207560664686,
      0.04249540904865937,
      0.009468604603619795,
      0.008146199087888351,
      0.049761687972273615,
      0.023287371012451586,
      0.002456602729914657,
      0.06259574480302194,
      0.08904869350390743,
      0.35397521036266727,
      0.07667989199270869,
      0.06075527147824674,
      0.03877147616407898,
      0.020072066244710533,
      0.00690989591364642,
      0.00567473530933763,
      0.00537060580309868
    ],
    [
      0.07961724891458163,
      0.03973927493387541,
      0.07164526211207292,
      0.0006529060398145379,
      0.05825549157230401,
      0.031189697495895154,
      0.07314569388479618,
      0.02855085361966604,
      0.12080468077209389,
      0.021597013757274113,
      0.07896904452250587,
      0.027594441287902567,
      0.12403549952041946,
      0.10161458253840243,
      0.0534392769377398,
      0.04272392227099319,
      0.012115601985674303,
      0.029365418140461973,
      0.004944089693526687
    ],
    [
      0.034648264369785055,
      0.007402169003731038,
      0.021062583695872397,
      0.044697428359034064,
      0.00877765294425472,
      0.02968648093874066,
      0.01844031344852749,
      0.03508049059211947,
      0.018206274198120775,
      0.029217879724436204,
      0.014935915259474693,
      0.04288156629725204,
      0.03525375986634132,
      0.6132772371279808,
      0.019294282470744453,
      0.013671023264253145,
      0.0038422424706966328,
      0.005845829179436639,
      0.0037786067891982973
    ],
    [
      0.06115371803861016,
      0.0030877335849852235,
      0.025496270762702698,
      0.10008665334283474,
      0.05089600737256885,
      0.08073586493438653,
      0.047978462176025756,
      0.05280132391028416,
      0.025665495091082863,
      0.07699703631878424,
      0.03790563930175409,
      0.06218148413204465,
      0.07155126620153882,
      0.0915898328930251,
      0.12162021743696437,
      0.021769309239346807,
      0.009380385697239276,
      0.036774024768494014,
      0.022329274797327648
    ],
    [
      0.029864303526671458,
      0.08202396880874034,
      0.04459624860139827,
      0.03983805135014769,
      0.07245991438047454,
      0.014825860758397607,
      0.027795724899232713,
      0.012898945081860885,
      0.09959584963902367,
      0.04715220612117439,
      0.021669432438137057,
      0.027750922068763832,
      0.08399205320081501,
      0.012034517621151018,
      0.016777097022820563,
      0.12365748388523566,
      0.04394620660543783,
      0.11209535547757045,
      0.08702585851294695
    ],
    [
      0.018546672202868174,
      0.0987845850689222,
      0.02214120271992125,
      0.011450644301768089,
      0.011643326904808902,
      0.021649399979367972,
      0.039177448979587574,
      0.027100250441857276,
      0.06733943505146807,
      0.04224421168130604,
      0.03200040553177651,
      0.008530149044095447,
      0.012920749184325984,
      0.02517669612355124,
      0.031041989523264854,
      0.11364202375323533,
      0.2746532627704998,
      0.010654352879200009,
      0.13130319385817532
    ],
    [
      0.019382632741463644,
      0.01892425668680595,
      0.01252595010324116,
      0.02520616328670139,
      0.1868037846227795,
      0.05226315929526813,
      0.02154003075221469,
      0.019351514792009313,
      0.16008744011821632,
      0.02850067302773874,
      0.01861501566031495,
      0.014175778863640395,
      0.041500317642025,
      0.010386420989723534,
      0.02920901089948498,
      0.05714611825961801,
      0.1341214393892031,
      0.06871206965682383,
      0.08154822321272723
    ],
    [
      0.006706256133565012,
      0.183099581691175,
      0.009025466849537847,
      0.0074700733677729204,
      0.11235952832804333,
      0.02316298421009147,
      0.018549596231900344,
      0.0029666679561085357,
      0.020755769582580397,
      0.013289621289622943,
      0.010050575439045846,
      0.010307139648026604,
      0.0012036951424374718,
      0.0009361406921691184,
      0.019420375618927378,
      0.08246729281724098,
      0.12387000486891189,
      0.11779620059947495,
      0.23656302953336789
    ]
  ]
}