{
  "poids_LS": 0.825,
  "poids_EM": 0.17500000000000004,
  "mae_validation": 6.252621054666281,
  "matrice_de_transition": [
    [
      0.31017220663223893,
      0.0010271333711172911,
      0.003722396789113159,
      0.033786956602210164,
      0.0024017022646278374,
      0.01462144808174624,
      0.13250639735391603,
      0.07589279871903779,
      0.08010345779928843,
      0.06362105369750487,
      0.005892058727110391,
      0.13944096707788983,
      0.008679883857881711,
      0.014109980227451703,
      0.002642833612196303,
      0.03979159886324928,
      0.06573422130956293,
      0.002222595958407215,
      0.003630309055449941
    ],
    [
      0.00250690052950626,
      0.6319533144373022,
      0.0008601208940656583,
      0.0045584989716631105,
      0.015031470571547674,
      0.00298780069383735,
      0.05418819866273856,
      0.008940330832723057,
      0.05635106218945245,
      0.014901086679763486,
      0.0009971667027893869,
      0.037587565175911074,
      0.007166810623993826,
      6.329439056967928e-05,
      0.02964037881084767,
      0.04666999531505653,
      0.05400367009332327,
      0.008175959372957134,
      0.023416375051951807
    ],
    [
      0.008095092332735875,
      0.006906485145850375,
      0.4553624441394713,
      0.014105780537843726,
      0.03191612912261199,
      0.009370871378224286,
      0.07493244102645807,
      0.1749132380722019,
      0.01975137167763994,
      0.014365066450840978,
      0.0024110739676866696,
      0.07790005916317033,
      0.007829131564261961,
      0.011732337929665736,
      0.00716574283811479,
      0.022458701371686873,
      0.058718202342788205,
      0.00030423613432726355,
      0.0017615948044196318
    ],
    [
      0.007913080948319752,
      0.006056466419904511,
      0.008940160925964757,
      0.2567694495765644,
      0.0043375989603067055,
      0.011140279940337162,
      0.11945439997992059,
      0.0812612674783874,
      0.10131482266956314,
      0.09261465670881061,
      0.011456551308034852,
      0.11675429806075735,
      0.04346335227544052,
      0.013304358110447811,
      0.03158249710455212,
      0.05990854145664509,
      0.021028214318357594,
      0.0076679316325974824,
      0.0050320721250882595
    ],
    [
      0.0024992317169319697,
      0.019461278636092816,
      0.003663950886250064,
      0.009578008452879257,
      0.4944332631693821,
      0.005839159028544154,
      0.09455283383985472,
      0.04014922979586777,
      0.08737560552696783,
      0.04258629722986027,
      0.0009104460734090532,
      0.04045262176118985,
      0.0054174876045750995,
      0.0011550250942049657,
      0.00015898876946946673,
      0.003810051291320885,
      0.029686174941948675,
      0.05479799439650218,
      0.06347235178474905
    ],
    [
      0.00653507127878906,
      0.0026845341059231333,
      0.01189667763260216,
      0.005078371097457024,
      0.0046082014804218205,
      0.49858393235939624,
      0.06343549390278914,
      0.007603164417924564,
      0.03898346354411457,
      0.06594131254011767,
      0.005667465669872467,
      0.08773467898414299,
      0.012041533454386426,
      0.01582312703551521,
      0.03320111877014169,
      0.041900289609328206,
      0.056476184951161676,
      0.025703829613545146,
      0.016101549552370732
    ],
    [
      0.005925202548503957,
      0.0028013707111162103,
      0.014964400159664751,
      0.0026322743714190617,
      0.016457682212141667,
      0.012640006535378688,
      0.46730890976278266,
      0.033021847144899516,
      0.04026273739933511,
      0.06973932535713548,
      0.02190224426983632,
      0.08596782964244784,
      0.07181390947682041,
      0.003952130276404055,
      0.0304964406033005,
      0.07660948398919977,
      0.02887751916632024,
      0.009321737013893088,
      0.005304949359400688
    ],
    [
      0.004031207131299071,
      0.008080538384417304,
      0.015023594621505515,
      0.009302719211550872,
      0.00803441733224355,
      0.0072774054449560475,
      0.011828629605835767,
      0.6722497701823851,
      0.002755654275323705,
      0.03114176841150909,
      0.021641300215567,
      0.0465861280508564,
      0.015762704767031344,
      0.015980930009417423,
      0.01762766584320879,
      0.032283602212794915,
      0.04506801551938318,
      0.010469958519654373,
      0.024853990261060513
    ],
    [
      0.0017952505414413683,
      0.0037338238329444598,
      0.006002252546508893,
      0.007867760852314547,
      0.013725247544317773,
      0.002472021792182255,
      0.1081438591529098,
      0.04054600479520348,
      0.4899111851013548,
      0.07875179008957531,
      0.0005447239362825664,
      0.0668578878433251,
      0.05410997210504291,
      0.005210429039058136,
      0.007613414319610386,
      0.04343054088806835,
      0.03471757806415131,
      0.010780548005803218,
      0.023785709549905415
    ],
    [
      0.009158201790284863,
      0.0025171322558095576,
      0.0029684136801553995,
      0.01601116058673484,
      0.003533384174421369,
      0.016072209218575762,
      0.08153442134421907,
      0.04914605917014633,
      0.017671056810681433,
      0.5432660840185153,
      0.012152985604426396,
      0.06255657215898255,
      0.018274783403098196,
      0.006368430289338492,
      0.020148989204154283,
      0.03786424557470231,
      0.09451055383017351,
      0.00515777132366071,
      0.001087545561919541
    ],
    [
      0.02211901440776677,
      0.0022171127203120707,
      0.003851263917467599,
      0.023770808207281557,
      0.02978810431983148,
      0.004070642828020249,
      0.03891081678601108,
      0.1244395205887205,
      0.0031381040692569783,
      0.004236781931256827,
      0.5561432376267628,
      0.09417690839789954,
      0.002027836299272823,
      0.010901951092051733,
      0.003381915949344652,
      0.05368183138710546,
      0.021137955561719164,
      0.0004363283949751961,
      0.0015698655149437501
    ],
    [
      0.015303733479263056,
      4.96575526492186e-05,
      0.010194935679915479,
      0.0075118147308236285,
      0.0016737432380136007,
      0.0014399846872529918,
      0.06630040463620826,
      0.07902383536337665,
      0.062473721607499484,
      0.07456002027300992,
      0.015740930669882632,
      0.5236486524051073,
      0.04502893418322758,
      0.010739568190599173,
      0.0068535437663775995,
      0.02661365263813678,
      0.04588425764945626,
      0.0060092597385518086,
      0.0009493495106487567
    ],
    [
      0.014073756121264434,
      0.0070246193064931305,
      0.012664566534962389,
      0.00011541268380560017,
      0.010297687904195156,
      0.005513330365436013,
      0.08619535419060098,
      0.05943832625628493,
      0.08745692357316837,
      0.05777973638053656,
      0.013959174536806597,
      0.0632143144577272,
      0.5224570919901004,
      0.017962173681030737,
      0.009446336832428756,
      0.020032796650341335,
      0.004658484469061253,
      0.006835958816900634,
      0.0008739552488557277
    ],
    [
      0.006124693196679178,
      0.0013084642178312444,
      0.003723183986644111,
      0.008042876265774131,
      0.0077493883239767416,
      0.013858946905078409,
      0.06266747415028054,
      0.035230218006649744,
      0.023998371543417323,
      0.02316940717783016,
      0.0026401870408162345,
      0.04748371300480238,
      0.00623172522889872,
      0.6840878561148945,
      0.019242512673716086,
      0.032643901826060404,
      0.0200957911502751,
      0.001033353642829709,
      0.0006679355435451537
    ],
    [
      0.010810000663390688,
      0.0005458114922953679,
      0.004506916548962599,
      0.017692085186864732,
      0.008996768979999547,
      0.014271491276280452,
      0.1410055225559702,
      0.0722935058518607,
      0.059735641497485684,
      0.10390144003907015,
      0.006700491795764614,
      0.12584820075360595,
      0.03570228864629583,
      0.016190121976039796,
      0.30505786234042537,
      0.05296818031023389,
      0.013326117131900257,
      0.006500458923723691,
      0.003947094029830646
    ],
    [
      0.005279043552694451,
      0.014499186405585417,
      0.007883175257822929,
      0.007042079784117017,
      0.020467407859119487,
      0.002620732962343012,
      0.05368894780544091,
      0.039528776134471866,
      0.07551360749151718,
      0.06272001501424551,
      0.003830455228963622,
      0.08901641038074325,
      0.10272888533229291,
      0.002127313720910534,
      0.003921894828198007,
      0.4500730717769526,
      0.014876643150116362,
      0.019814835564217006,
      0.024367517750247935
    ],
    [
      0.0032784521570726577,
      0.04733134546904137,
      0.003913848965642647,
      0.005389501021009662,
      0.002058163846809655,
      0.0038269141377670667,
      0.060005370280382164,
      0.06841991378653199,
      0.02625817229208191,
      0.007467411155786424,
      0.005656637341475646,
      0.043163695644294016,
      0.02737127916791935,
      0.01358775152091743,
      0.005487220370274092,
      0.06667206040910631,
      0.5255384690919226,
      0.0018833452059191938,
      0.08269044813604592
    ],
    [
      0.003426222959349635,
      0.0033451968890818606,
      0.0022141830990577813,
      0.004455634924416913,
      0.03302087101917821,
      0.009238437249163562,
      0.09205514743016982,
      0.009142083215852975,
      0.08191076979877988,
      0.05861259249367668,
      0.0032905330712677955,
      0.05329318765488507,
      0.007335914734701391,
      0.0018359835082844636,
      0.00613618022004157,
      0.0410786914731599,
      0.05092888050656409,
      0.46948708730196265,
      0.06919240245040566
    ],
    [
      0.0011854493165392702,
      0.03806057241565601,
      0.0015954108067364886,
      0.0013204675145053145,
      0.01986153278526019,
      0.00409446690582425,
      0.0743183353619688,
      0.016247750541042414,
      0.03856524827745399,
      0.028068587108310693,
      0.0017766168705384074,
      0.04710002606758752,
      0.0002127743938652097,
      0.00016547941528241995,
      0.022193745386877836,
      0.02963392854187972,
      0.08368135100885167,
      0.03016798941488251,
      0.5617502678669373
    ]
  ]
}