{
  "poids_LS": 0.9325,
  "poids_EM": 0.0675,
  "mae_validation": 5.97513469227663,
  "matrice_de_transition": [
    [
      0.3328509833684186,
      0.0003961800145738122,
      0.0014357816186579325,
      0.02430074091419042,
      0.0009263708734993085,
      0.005639701402959264,
      0.14449522093928535,
      0.08194942195944428,
      0.08532937376233432,
      0.06664515633303139,
      0.0022726512233140076,
      0.13162170638648588,
      0.003347955202325802,
      0.005442420944874227,
      0.0010193786789900023,
      0.038644565334628726,
      0.0714248419662132,
      0.0008572870125284971,
      0.001400262064244977
    ],
    [
      0.0009669473470952716,
      0.6642382373409148,
      0.00033176091628246815,
      0.0017582781747843422,
      0.005797852934739816,
      0.0011524374104801205,
      0.058497979353442295,
      0.005577428895925066,
      0.0557456555773271,
      0.015326151460055733,
      0.00038462144250447775,
      0.04209753999627737,
      0.005642405710344565,
      2.4413550648304858e-05,
      0.02983275747300677,
      0.042150459464873884,
      0.04723373908883945,
      0.006932462830495162,
      0.016308871031963157
    ],
    [
      0.003122392756912409,
      0.002663929984828001,
      0.49174579645302385,
      0.012425975140944165,
      0.03412831762467163,
      0.0071423626620326485,
      0.07943676242915193,
      0.17619458758443446,
      0.022020678766064283,
      0.009351703490015269,
      0.0009299856732505725,
      0.07088650535865858,
      0.0030198078890724704,
      0.00452533034429964,
      0.002763929380415704,
      0.021284471906831345,
      0.057560642050447794,
      0.0001173482232405159,
      0.000679472281704715
    ],
    [
      0.0030521883657804753,
      0.002336065619106025,
      0.0034483477857292625,
      0.2786837612075299,
      0.001673073884689729,
      0.004296965119844333,
      0.1311671239300944,
      0.09137400902054056,
      0.1092765214033352,
      0.09696157403977795,
      0.004418955504527727,
      0.12444951012100973,
      0.038872038857705044,
      0.005131680985458441,
      0.020525546486276178,
      0.06031953343058265,
      0.019114531360047947,
      0.002957630772573314,
      0.0019409421053911856
    ],
    [
      0.0009639893765309023,
      0.007506493188207227,
      0.0014132381989821672,
      0.003694374688967713,
      0.5286680837795575,
      0.0022522470538670304,
      0.10263740290367286,
      0.04235369842126028,
      0.08318917835647396,
      0.04728464164118902,
      0.00035117205688634906,
      0.0450756011632197,
      0.002089602361764681,
      0.00044550967919334384,
      6.132423965250858e-05,
      0.0014695912123666268,
      0.02740342707943553,
      0.04887301467476117,
      0.05426740992401152
    ],
    [
      0.0025206703503900655,
      0.0010354631551417798,
      0.0045887185154322606,
      0.001958800280447709,
      0.0017774491424484163,
      0.5473784725433974,
      0.0713516916510018,
      0.005396620721422747,
      0.03871563169937072,
      0.06819312922973299,
      0.0021860224726650943,
      0.08812867498949414,
      0.004644591475263335,
      0.006103206142270152,
      0.027971085140178154,
      0.03771261005504005,
      0.05614387249995705,
      0.01790174937356029,
      0.016291540562785832
    ],
    [
      0.0022854352687086688,
      0.0010805287028591095,
      0.005771982918727831,
      0.0010153058289759237,
      0.014428765481367975,
      0.004875431092217493,
      0.5273582618289304,
      0.029740652872457994,
      0.03549928832018266,
      0.0784162986253874,
      0.012281620081071327,
      0.09238226406230149,
      0.06888369058027369,
      0.0015243931066129923,
      0.020844934081145104,
      0.07249253931047416,
      0.0254768859514639,
      0.0035955271339301906,
      0.0020461947529116934
    ],
    [
      0.0015548941792153555,
      0.003116779091132388,
      0.005794815068294983,
      0.004636011424933339,
      0.0030989895424367976,
      0.002806999243054475,
      0.009265579527218699,
      0.7432734537543002,
      0.0016966587844098086,
      0.02779282804330857,
      0.008347358654575842,
      0.040889338871168565,
      0.016849492143468675,
      0.0094222807427012,
      0.019663419415600406,
      0.028522551667778652,
      0.047985349671252266,
      0.004038412571866686,
      0.02124478760328296
    ],
    [
      0.0006924537802702419,
      0.0014401891927071486,
      0.0023151545536534298,
      0.0030347077573213243,
      0.0052940240528082825,
      0.0009534941198417268,
      0.11850974012682408,
      0.04146809633851565,
      0.5229946722655071,
      0.08482105681673063,
      0.00021010780399470419,
      0.07494491945282021,
      0.048528025743051796,
      0.0020097369150652807,
      0.002936602666135434,
      0.04133589049208142,
      0.02914158511200835,
      0.004158211373666954,
      0.01521133143699624
    ],
    [
      0.007937435274093008,
      0.000970893870097972,
      0.0011449595623456538,
      0.016452432820026255,
      0.0013628767529910992,
      0.006199280698593507,
      0.08601967795999373,
      0.04392116323999073,
      0.014012375611933785,
      0.5886104467862052,
      0.004687580161707323,
      0.06321687541499131,
      0.010130061867627724,
      0.006530754924284143,
      0.007771752978745221,
      0.03517928360567077,
      0.10344324052912156,
      0.001989426081983416,
      0.0004194818595975371
    ],
    [
      0.022486259285206527,
      0.000855172049263227,
      0.0014854875110232165,
      0.019530073807169236,
      0.0332251580501973,
      0.00157010509080781,
      0.03899861914245511,
      0.12876538588860717,
      0.0012104115695705485,
      0.0016341873163419189,
      0.5714287474473749,
      0.08937454439113754,
      0.0007821654297195173,
      0.004205038278362811,
      0.0013044532947472226,
      0.05931887605141269,
      0.02305149774563461,
      0.00016829809520471848,
      0.0006055195557640178
    ],
    [
      0.0059028686277157495,
      1.9153627450412886e-05,
      0.003932332333681684,
      0.0028974142533176846,
      0.0006455866775195315,
      0.0005554226650832968,
      0.06848189180353705,
      0.08637557759371339,
      0.07039009004840792,
      0.07613813022764024,
      0.006071501829811871,
      0.5460288916929138,
      0.040854114594860436,
      0.004142404873516824,
      0.002643509738459931,
      0.027476499923159262,
      0.05102504769436369,
      0.0060533841264542925,
      0.0003661776683930918
    ],
    [
      0.0054284487896305664,
      0.0027094960182187785,
      0.004884904234914064,
      4.4516320896445774e-05,
      0.003971965334475274,
      0.002126570283811033,
      0.08791662840271633,
      0.06351244074516411,
      0.08305829302238985,
      0.0625523040885129,
      0.0053842530356254005,
      0.06791264128687585,
      0.5750096333281258,
      0.006928266991254711,
      0.0036435870639368053,
      0.017039795418169464,
      0.0036748769438638253,
      0.0038642816668603337,
      0.00033709702455863774
    ],
    [
      0.0023623816615762536,
      0.0005046933411634799,
      0.0014360852519912997,
      0.003208073382307328,
      0.007613758328050505,
      0.01177126603560762,
      0.06850111804652405,
      0.03524996732819822,
      0.0247623598435638,
      0.022371602516774763,
      0.0010183578586005473,
      0.04809074462573693,
      0.002403665445432363,
      0.6934279070855611,
      0.019235684142206208,
      0.03514645942777117,
      0.022239664135618273,
      0.00039857926223431627,
      0.0002576322810817021
    ],
    [
      0.0041695716844506936,
      0.00021052728988535616,
      0.0017383820974570022,
      0.0068240900006478235,
      0.0034701823208569673,
      0.005504718063708174,
      0.15327596303553342,
      0.07486456052513613,
      0.06422955651428115,
      0.10745018040708332,
      0.002584475406937779,
      0.1342459578539959,
      0.030973742527045982,
      0.006244761333615348,
      0.32925362531848923,
      0.057083368825719,
      0.013846566370214435,
      0.0025073198705791375,
      0.0015224505543632487
    ],
    [
      0.0020362025131821448,
      0.0055925433278686595,
      0.0030406533137317003,
      0.002716230773873706,
      0.013609500557222959,
      0.0010108541426180186,
      0.05710431156300824,
      0.043041299862270246,
      0.07233711542911601,
      0.0647734376596506,
      0.0014774613026002539,
      0.09709744104766077,
      0.10520030797540195,
      0.0008205352923512058,
      0.0022262699988459516,
      0.4931278885847558,
      0.011042314228095432,
      0.0076428651461979856,
      0.01610276728154837
    ],
    [
      0.001264545832013739,
      0.0405445684666031,
      0.001509627458176449,
      0.004590025066799194,
      0.0007938631980551525,
      0.0014760954531387255,
      0.06275261143355446,
      0.07387005343015474,
      0.02083947812443281,
      0.0028802871600890484,
      0.0021818458317120347,
      0.04773192418358401,
      0.029277330668822772,
      0.012059148398484133,
      0.0021164992856771495,
      0.06047663579623038,
      0.5586306895576317,
      0.000726433150854546,
      0.0762783375039859
    ],
    [
      0.0013215431414634303,
      0.0012902902286458602,
      0.0008540420524937155,
      0.0017186020422750947,
      0.012736621678825876,
      0.0035633972246773733,
      0.10135622110241543,
      0.007795440400593089,
      0.0715991231002039,
      0.06258441009194457,
      0.0012692056132032922,
      0.05845284586968115,
      0.00282956711195625,
      0.0007081650674811501,
      0.0030928313880904433,
      0.03895936830807493,
      0.03995562887480496,
      0.5223500497520883,
      0.06756264695108104
    ],
    [
      0.0004572447363794327,
      0.01892966014925319,
      0.000615372739741217,
      0.0005093231841663355,
      0.0076608769314575,
      0.0015792943779607822,
      0.08167433469507598,
      0.017999549777705473,
      0.04091435129548946,
      0.030017959900346197,
      0.0006852665072076713,
      0.05195307550329648,
      8.207012334800944e-05,
      6.382777446607626e-05,
      0.022559557963632036,
      0.02266511055463881,
      0.07838039359786211,
      0.01860966708071847,
      0.6046430631072548
    ]
  ]
}