{
  "poids_LS": 0.8275,
  "poids_EM": 0.1725,
  "mae_validation": 6.246111403018309,
  "matrice_de_transition": [
    [
      0.3106996200447082,
      0.0010124600372441867,
      0.003669219692125827,
      0.03356634693504691,
      0.0023673922322760103,
      0.014412570252007003,
      0.1327852072047386,
      0.07603365042230305,
      0.08022499072866159,
      0.06369138166577293,
      0.005807886459580241,
      0.1392591238059967,
      0.008555885517054827,
      0.013908409081345245,
      0.0026050788463077832,
      0.03976492366490927,
      0.06586656132483386,
      0.0021908445875728254,
      0.003578447497514941
    ],
    [
      0.002471087664799027,
      0.6327041265978512,
      0.0008478334527218629,
      0.004493377557782207,
      0.014816735277668415,
      0.0029451178267825297,
      0.0542884261206619,
      0.008862123810937055,
      0.056336982965914655,
      0.014910971907212143,
      0.0009829214641781097,
      0.03769244831126843,
      0.007131359346932215,
      6.239018499011241e-05,
      0.029644852733223464,
      0.046564889830168564,
      0.05384622983740504,
      0.008147040848713833,
      0.023251084260789277
    ],
    [
      0.007979448156553933,
      0.006807821072338224,
      0.45620856861187953,
      0.014066715296055361,
      0.03196757536684594,
      0.009319045594126805,
      0.07503719268698585,
      0.17494303689806778,
      0.01980414626109167,
      0.014248476614542701,
      0.002376630053862574,
      0.07773695326073982,
      0.007717286827629646,
      0.011564733102099078,
      0.0070633750832845765,
      0.02243139370971349,
      0.05869128233598958,
      0.00029988990383687396,
      0.0017364291643564937
    ],
    [
      0.007800036934772324,
      0.00596994547104873,
      0.008812444341308115,
      0.2572790847307729,
      0.0042756332608737515,
      0.010981133084046628,
      0.11972678890899441,
      0.08149644751425143,
      0.10149997845406948,
      0.09271574780953078,
      0.011292886289348636,
      0.1169332564807632,
      0.04335657754479551,
      0.013114295851727124,
      0.03132535871808058,
      0.05991809940952735,
      0.020983710063513183,
      0.007558389752131802,
      0.00496018538044414
    ],
    [
      0.0024635284066900835,
      0.01918326036986291,
      0.0036116087307322044,
      0.009441179760695265,
      0.4952294217882234,
      0.0057557424709935206,
      0.094740847073897,
      0.0402004965080862,
      0.08727824675556098,
      0.042695561053379544,
      0.0008974397009317808,
      0.040560132910074265,
      0.00534009492450974,
      0.0011385247357163228,
      0.00015671750133418858,
      0.0037556219871591567,
      0.029633087782355343,
      0.05466020417041517,
      0.06325828336938306
    ],
    [
      0.0064417131176635,
      0.0026461836186956592,
      0.011726725094993553,
      0.005005822938921922,
      0.004542370030701508,
      0.49971868910786144,
      0.0636195915248406,
      0.007551849448238474,
      0.038977234896562386,
      0.06599368037010873,
      0.005586501874588573,
      0.08774384168194185,
      0.011869511547895189,
      0.015597082363579276,
      0.03307949008107276,
      0.041802901712716854,
      0.05646845675462204,
      0.025522385887033865,
      0.01610596794796178
    ],
    [
      0.005840556797811041,
      0.002761351129528835,
      0.014750623014526678,
      0.00259467045182736,
      0.016410498102123673,
      0.012459435013444702,
      0.46870540632246055,
      0.03294554030135437,
      0.04015195951377343,
      0.06994111543314133,
      0.02167850882358597,
      0.08611700253593282,
      0.07174576485131932,
      0.003895671272455424,
      0.030271986963250366,
      0.07651374108969453,
      0.028798434672951484,
      0.00918856934226604,
      0.005229164368552105
    ],
    [
      0.0039736184579947965,
      0.007965102121782768,
      0.014808971841198289,
      0.009194191123489997,
      0.007919639941782925,
      0.007173442510028102,
      0.011769023790053974,
      0.673901483753825,
      0.0027310264732094275,
      0.031063886077364888,
      0.021332138783916037,
      0.04645364458156133,
      0.01578797889206477,
      0.015828403282284482,
      0.01767500894954348,
      0.03219613592105035,
      0.0451358604996592,
      0.010320387683659308,
      0.024770055315530802
    ],
    [
      0.0017696041051350623,
      0.0036804834924738235,
      0.005916506081558764,
      0.00775536426871005,
      0.013529172579398943,
      0.002436707195151079,
      0.10838492615230318,
      0.04056744878458284,
      0.49068056852377695,
      0.07889293582741613,
      0.0005369421657642439,
      0.06704595834587149,
      0.053980159398950095,
      0.005135994338500161,
      0.007504651257901664,
      0.04338182808816168,
      0.03458790380945031,
      0.010626540177148883,
      0.023586305407744732
    ],
    [
      0.009129811871303656,
      0.002481173223583706,
      0.002926007770438893,
      0.016021422731695108,
      0.0034829072576439196,
      0.01584260622973896,
      0.08163872963760918,
      0.0490245499624683,
      0.01758597120140823,
      0.5443206040828803,
      0.011979371524363158,
      0.06257192804865717,
      0.018085371274366324,
      0.006372205280848855,
      0.019861146501237784,
      0.037801804598678324,
      0.09471829073014905,
      0.00508408887617984,
      0.0010720091967492615
    ],
    [
      0.022127554986311877,
      0.002185439681450469,
      0.003796245861503775,
      0.023672186477046386,
      0.029868035801933014,
      0.0040124907876199585,
      0.03891285870127722,
      0.12454012210732253,
      0.003093274011124735,
      0.004176256475096014,
      0.5564987145993351,
      0.09406522551402136,
      0.00199886720928321,
      0.010746208933593846,
      0.003333602864354013,
      0.053812925449066094,
      0.021182456542740456,
      0.00043009513218983603,
      0.0015474388647302676
    ],
    [
      0.01508510871527358,
      4.8948159039944035e-05,
      0.010049293741630968,
      0.00740450309181186,
      0.0016498326203276915,
      0.0014194134774350915,
      0.06635113689591357,
      0.07919480611291937,
      0.06265782319914852,
      0.07459672050451295,
      0.015516060231741445,
      0.5241691230862191,
      0.04493184535559113,
      0.010586145787876325,
      0.0067556359982864885,
      0.026633718854067536,
      0.04600381090631457,
      0.0060102858871076805,
      0.0009357873747823457
    ],
    [
      0.013872702462389225,
      0.0069242676021146555,
      0.012483644155891494,
      0.00011376393117980585,
      0.010150578076992364,
      0.00543456850307264,
      0.08623538382344087,
      0.05953307310486352,
      0.08735462983942933,
      0.05789072632723368,
      0.013759757757709355,
      0.06332357787235858,
      0.5236792441142405,
      0.01770557119987315,
      0.009311389163394057,
      0.019963191970523382,
      0.004635609875452009,
      0.006766850045969462,
      0.0008614701738720742
    ],
    [
      0.006037197579583759,
      0.0012897718718622262,
      0.0036699956439777658,
      0.007930438989414434,
      0.007746234138024968,
      0.01381039618718374,
      0.06280314028740248,
      0.035230677293197385,
      0.02401613871318817,
      0.02315085358106143,
      0.002602470083090287,
      0.04749783001924272,
      0.006142700582771593,
      0.6843050666025844,
      0.01924235387065772,
      0.03270210084005368,
      0.02014564866156215,
      0.0010185914479321416,
      0.0006583936072087942
    ],
    [
      0.010655572082485104,
      0.0005380141852625767,
      0.0044425320268345605,
      0.017439341112766658,
      0.008868243708856693,
      0.01406761282947644,
      0.1412908816368903,
      0.07235329782100663,
      0.05984015114903907,
      0.1039839688848379,
      0.006604770484396547,
      0.1260434974303592,
      0.03559232245747606,
      0.01595883451923922,
      0.3056205545027059,
      0.05306388236873355,
      0.013338220602558726,
      0.00640759522481335,
      0.003890706972261635
    ],
    [
      0.005203628644798814,
      0.014292055171219906,
      0.007770558468425456,
      0.006941478644343914,
      0.02030792164279631,
      0.002583293920023825,
      0.053768374869570375,
      0.03961046273279276,
      0.07543973558308925,
      0.06276776902925493,
      0.003775734439978426,
      0.08920434132648551,
      0.10278636027748149,
      0.0020969235248975257,
      0.0038824616926316793,
      0.4510743465864364,
      0.014787472710069362,
      0.019531766484728184,
      0.024175314250975848
    ],
    [
      0.003231617126257333,
      0.04717351344572886,
      0.003857936837562036,
      0.005370908556958255,
      0.0020287615061409447,
      0.0037722439357989646,
      0.06006925960952571,
      0.06854666122010461,
      0.02613215614864821,
      0.007360733853560901,
      0.005575828236597421,
      0.04326993351730076,
      0.027415605947010133,
      0.013552202611093397,
      0.005408831507841603,
      0.0665279807669464,
      0.526308055614381,
      0.001856440274406062,
      0.08254132928413754
    ],
    [
      0.00337727691707321,
      0.003297408362094976,
      0.0021825519119283835,
      0.004391982996925241,
      0.03254914429033279,
      0.009106459574175508,
      0.09227145146905925,
      0.009110765941079488,
      0.08167096406160369,
      0.05870496034479919,
      0.0032435254559639685,
      0.05341317970639196,
      0.007231115952777083,
      0.001809755172451828,
      0.0060654046658101465,
      0.041029404887925364,
      0.05067368860815108,
      0.47071645852173305,
      0.0691545011597237
    ],
    [
      0.0011685143263029944,
      0.037615667479228024,
      0.0015726192237831098,
      0.001301603692869524,
      0.01957779660261361,
      0.0040359745214553315,
      0.07448940511390154,
      0.016288490058174114,
      0.038619878580199,
      0.028113921359288266,
      0.0017512366295307153,
      0.04721288768237145,
      0.0002097347596671352,
      0.0001631154236355282,
      0.022202252656104676,
      0.029471863007292716,
      0.08355807292952633,
      0.029899191221064735,
      0.5627477747329912
    ]
  ]
}