{
  "poids_LS": 0.22,
  "poids_EM": 0.78,
  "mae_validation": 7.882434133183385,
  "matrice_de_transition": [
    [
      0.18253816081466945,
      0.004578080168408496,
      0.01659125426004722,
      0.08717449605571662,
      0.010704730093769788,
      0.06516988287864038,
      0.06503441345486086,
      0.041806686528843034,
      0.05069248889098365,
      0.04660168537663471,
      0.02626174746940631,
      0.18344703887602373,
      0.03868748233798704,
      0.06289019758521329,
      0.011779486957217805,
      0.04624699686153243,
      0.03370793761399627,
      0.0099064277003293,
      0.016180806075719735
    ],
    [
      0.01117361378865647,
      0.4502567715844126,
      0.003833681699264076,
      0.02031788113084129,
      0.06699741169032676,
      0.013317054521103615,
      0.029933153845289634,
      0.027866430104934996,
      0.05975823428559973,
      0.012508861637188513,
      0.004444514446718409,
      0.01220584641943098,
      0.015746019672903618,
      0.0002821121408248561,
      0.028557689595905746,
      0.07210552265794488,
      0.09210421202553444,
      0.015174242239836148,
      0.06341674651328327
    ],
    [
      0.036080982968765614,
      0.030783190935790235,
      0.2506003218166877,
      0.023559569050627303,
      0.01946613801799729,
      0.021912711129814435,
      0.04958253917873921,
      0.16770192221266045,
      0.006979922482321557,
      0.042579806835022854,
      0.010746501113117726,
      0.11737168755135279,
      0.03489555782928188,
      0.05229270620079583,
      0.031938739507025915,
      0.029067155569245884,
      0.06523284398805282,
      0.001356023913001517,
      0.00785167969969893
    ],
    [
      0.0352697322267966,
      0.02699453604300296,
      0.03984757441287148,
      0.13343774225810723,
      0.019333298223081313,
      0.04965381916264563,
      0.05353627914405882,
      0.024347698799292865,
      0.05650712281903203,
      0.06815061033452928,
      0.05106348583009818,
      0.07344636041933691,
      0.0693028370915332,
      0.05929942472085309,
      0.09380998663066319,
      0.05759551685913603,
      0.031798243990704904,
      0.03417706670529163,
      0.02242866432896481
    ],
    [
      0.011139432795468205,
      0.08674169906372796,
      0.01633075252157171,
      0.042690551961404685,
      0.3017628774097899,
      0.026025965955796794,
      0.04905363120162238,
      0.027742685439007618,
      0.11093642820742164,
      0.01614445193819616,
      0.0040579882129089225,
      0.014434923731161377,
      0.024146516180391868,
      0.0051481118484564175,
      0.0007086356582067659,
      0.016981942898458797,
      0.042533267563534254,
      0.08814322910955624,
      0.1152769083033184
    ],
    [
      0.029127746271174093,
      0.011965352014971677,
      0.0530251917338839,
      0.022635025462951305,
      0.020539412312737253,
      0.22397279923083196,
      0.01888386936633652,
      0.020021387081958043,
      0.04049079625174276,
      0.053268297682282674,
      0.025260704128574424,
      0.0855173061168179,
      0.053670834825265204,
      0.07052593764401065,
      0.06263526152482018,
      0.06546816058927553,
      0.05834640851375515,
      0.06961321142927387,
      0.015032297819336926
    ],
    [
      0.02640947421618906,
      0.01248610945526082,
      0.06669846928307716,
      0.011732422912610672,
      0.027876236836495937,
      0.05633831484340214,
      0.12935674232074196,
      0.05148810328282622,
      0.06707098570526282,
      0.020906126963717686,
      0.0760462222624207,
      0.04986798941908552,
      0.08830490884808337,
      0.017615209231972354,
      0.08481422149543084,
      0.09977926566946939,
      0.04801596656155824,
      0.04154831354763776,
      0.023644917144757346
    ],
    [
      0.017967666070932996,
      0.03601611394197426,
      0.06696230745585313,
      0.03556651652228209,
      0.0358105458237141,
      0.032436435697518376,
      0.026253237025029495,
      0.2725350858939324,
      0.008715582386978653,
      0.049989293274405,
      0.0964583666750986,
      0.07864712762026237,
      0.009646366508942164,
      0.052892397975587764,
      0.006170634110214143,
      0.053450444814979445,
      0.028649530292585067,
      0.04666610083045948,
      0.045166247079250446
    ],
    [
      0.00800168812756724,
      0.01664218622683816,
      0.026752897064439632,
      0.03506773408460197,
      0.061175389054673485,
      0.01101815427372662,
      0.0498056452997178,
      0.03535655936540017,
      0.30372039687519514,
      0.04459452153209648,
      0.0024279124017165814,
      0.021344826227096728,
      0.0855246469795045,
      0.023223626574087688,
      0.03393407525312057,
      0.05521903846548316,
      0.06609874770179307,
      0.04805044254015148,
      0.07204151195278959
    ],
    [
      0.01602856218373669,
      0.011219218054465454,
      0.013230643831549777,
      0.013527721506350609,
      0.01574879803456381,
      0.07163613251708052,
      0.056291814343812877,
      0.07855128742823136,
      0.03826177425479609,
      0.28807222844221414,
      0.05416759297972907,
      0.058840446857723994,
      0.06411251855621107,
      0.005454882343830411,
      0.08980692330994478,
      0.052974961772507725,
      0.044238224036093954,
      0.022988923614030585,
      0.004847345933127096
    ],
    [
      0.02005219439984999,
      0.009881988124819512,
      0.017165633460712725,
      0.047637266924192755,
      0.010444685651261023,
      0.018143436604890248,
      0.03841667329160515,
      0.10009395308703285,
      0.013986978137259671,
      0.018883942322173282,
      0.47011781026424726,
      0.12120416629642054,
      0.009038356076758866,
      0.04859155343885914,
      0.015073682517079016,
      0.021957068392632208,
      0.010368718154567122,
      0.0019447779890323022,
      0.006997114866606428
    ],
    [
      0.06821092636471532,
      0.00022133080609366,
      0.04544028474476612,
      0.03348123137167102,
      0.007460112718003476,
      0.006418217463184762,
      0.05402319778752057,
      0.03764891397403964,
      0.01792113642843345,
      0.06567856424927651,
      0.07015957670004828,
      0.3976947475760567,
      0.06852443047124732,
      0.04786778964952774,
      0.030547223644425865,
      0.02175762838289398,
      0.01695236948974466,
      0.0057609317880308545,
      0.004231386390320172
    ],
    [
      0.06272874156906433,
      0.03130973176608366,
      0.05644778227011807,
      0.0005144108192478178,
      0.04589826608726983,
      0.02457370105737194,
      0.07650818304334711,
      0.036509588900267224,
      0.11221200713801492,
      0.030920169279832536,
      0.06221803507833796,
      0.03677256811693713,
      0.22669627794819,
      0.08005997412116554,
      0.0421036727388253,
      0.03687712916628535,
      0.010194136122497933,
      0.023560281382243715,
      0.003895343394899814
    ],
    [
      0.027298632533770042,
      0.005832011942333545,
      0.016594762911899465,
      0.03525269714481984,
      0.008512701324305793,
      0.025608220635588423,
      0.029836268966770607,
      0.03511907066212114,
      0.019698716458872032,
      0.02765937759586287,
      0.011767690810495213,
      0.04406739551024047,
      0.027775689591662857,
      0.631522918093934,
      0.019280943013841437,
      0.018559740439688145,
      0.008030273418808876,
      0.004605804808040988,
      0.0029770841369441132
    ],
    [
      0.04818171724254134,
      0.0024327597942307823,
      0.02008797090394758,
      0.07885615111859708,
      0.0400998845965694,
      0.06361007540285,
      0.07194862497331206,
      0.05782384931854315,
      0.03444430582156703,
      0.08392945936327509,
      0.02986504914683656,
      0.07858640497931811,
      0.06231410634067866,
      0.07216168652177736,
      0.168886359068531,
      0.029808282153317718,
      0.010397077232550695,
      0.028973474060025588,
      0.017592761961530874
    ],
    [
      0.02352945126343812,
      0.06462494512203784,
      0.03513643829201076,
      0.03138755560920727,
      0.05906307220932784,
      0.011680981203585994,
      0.034467598286108445,
      0.019760619340815862,
      0.09339060933107722,
      0.05116354338196573,
      0.01707288616338071,
      0.04353712151111436,
      0.08881994859665596,
      0.009481741156058378,
      0.013464713635249106,
      0.20776456788187442,
      0.03645588964148997,
      0.08831755280051005,
      0.07088076457409198
    ],
    [
      0.014612529614380986,
      0.08552669511067071,
      0.017444583961150076,
      0.009888877321449968,
      0.009173530288637318,
      0.017057103014047493,
      0.04454415262764508,
      0.03774703486195751,
      0.056754079003037285,
      0.03328331829436234,
      0.025212440722005736,
      0.01745413037666195,
      0.01664419862795127,
      0.022190587698332716,
      0.024457325078935947,
      0.10153933381180331,
      0.3392985306570014,
      0.008394338632096977,
      0.11877721029787205
    ],
    [
      0.015271165190244082,
      0.01491002041990772,
      0.009868930384371824,
      0.019859401377401095,
      0.14717873939976567,
      0.041177034596271866,
      0.039709570018927054,
      0.016720863711036513,
      0.13994375819541677,
      0.03625957252202949,
      0.014666375974793599,
      0.02425511119021878,
      0.032697219960383335,
      0.00818324077978218,
      0.023263864344045575,
      0.053006045099917146,
      0.11268531992251084,
      0.17197925211753445,
      0.07836451479544192
    ],
    [
      0.0052837169537178885,
      0.1457275670312253,
      0.007110973881454062,
      0.005885512350366544,
      0.08852568898573111,
      0.018249623923102372,
      0.03291945539424927,
      0.006388787395171253,
      0.025344715013161323,
      0.017097698371738808,
      0.007918635194399757,
      0.019787515289876656,
      0.0009483658697992202,
      0.0007375653938302145,
      0.020134986233982098,
      0.06885378791193317,
      0.11351464620558349,
      0.09521715231878243,
      0.320353606281895
    ]
  ]
}