{
  "poids_LS": 0.4375,
  "poids_EM": 0.5625,
  "mae_validation": 7.28650519491451,
  "matrice_de_transition": [
    [
      0.22842312769949813,
      0.003301500121448435,
      0.011964846822149437,
      0.06798145501251388,
      0.007719757279160904,
      0.04699751169132719,
      0.08929087047642202,
      0.054060784712921306,
      0.06126585374644859,
      0.0527202186159558,
      0.018938760194283397,
      0.1676266742213227,
      0.02789962668604835,
      0.04535350787395189,
      0.008494822324916686,
      0.0439262546059513,
      0.045221518942567755,
      0.007144058437737476,
      0.011668850535374808
    ],
    [
      0.008057894559127263,
      0.5155774295521869,
      0.002764674302353901,
      0.014652318123202852,
      0.048315441122831794,
      0.009603645087334337,
      0.038652942684620446,
      0.021062419209553016,
      0.05853334183781124,
      0.013368876425221665,
      0.0032051786875373143,
      0.02133067919552093,
      0.012661758568543485,
      0.00020344625540254048,
      0.02894692084259974,
      0.06296134547269162,
      0.07840690976064861,
      0.012658330630668898,
      0.04903644768214345
    ],
    [
      0.026019939640936737,
      0.02219941654023334,
      0.3242131509162008,
      0.02016089301503982,
      0.02394196126635051,
      0.017403867913333676,
      0.05869593364465467,
      0.17029442006299148,
      0.011571311242621968,
      0.03243649107707317,
      0.007749880610421436,
      0.10318147403989877,
      0.025165065742270586,
      0.037711086202496996,
      0.023032744836797535,
      0.026691388977561445,
      0.0628908033965734,
      0.0009779018603376325,
      0.005662269014205959
    ],
    [
      0.025434903048170626,
      0.01946721349255021,
      0.02873623154774385,
      0.17777600067424681,
      0.013942282372414409,
      0.03580804266536944,
      0.0772341159734802,
      0.04480836191946322,
      0.07261567607108248,
      0.07694553609718413,
      0.036824629204397726,
      0.08901574295984757,
      0.06001343552541724,
      0.04276400821215367,
      0.07143894700763978,
      0.058427058759893416,
      0.0279263738192412,
      0.02464692310477762,
      0.016174517544926544
    ],
    [
      0.008033244804424185,
      0.06255410990172688,
      0.01177698499151806,
      0.030786455741397607,
      0.37102867724898214,
      0.018768725448891917,
      0.06541078256330095,
      0.03220288940201106,
      0.1024662150950271,
      0.02565040458437293,
      0.002926433807386242,
      0.0237883936841055,
      0.017413353014705674,
      0.003712580659944532,
      0.0005110353304375715,
      0.012246593436388556,
      0.03791468467891464,
      0.07615547943998721,
      0.09665295616647734
    ],
    [
      0.021005586253250545,
      0.008628859626181498,
      0.038239320961935504,
      0.016323335670397576,
      0.014812076187070134,
      0.32269663634729934,
      0.03490036248481329,
      0.01555698471926832,
      0.03994890391470288,
      0.05782429889150435,
      0.018216853938875784,
      0.08631446082531907,
      0.03870492896052779,
      0.0508600511855846,
      0.0520535655758242,
      0.056995413584087856,
      0.057674055414806254,
      0.05382760722279288,
      0.015416698235758171
    ],
    [
      0.01904529390590557,
      0.009004405857159245,
      0.048099857656065254,
      0.008460881908132696,
      0.02377121926493056,
      0.04062859243514577,
      0.2508519430127153,
      0.04484940789439802,
      0.057433309661396245,
      0.038461863576227384,
      0.05658123843864036,
      0.06284603115227776,
      0.08237632642948883,
      0.012703275888441602,
      0.06528675481106994,
      0.09144963341251296,
      0.041135615638476807,
      0.02996272611608492,
      0.01705162294093078
    ],
    [
      0.012957451493461294,
      0.0259731590927699,
      0.048290125569124855,
      0.026124572860986156,
      0.025824912853639977,
      0.02339166035878729,
      0.021067531052013568,
      0.4162341666092026,
      0.006572963603036585,
      0.043213530203859776,
      0.06956132212146535,
      0.06712106579159162,
      0.011845215386850256,
      0.0396225727150224,
      0.010289484361332054,
      0.04584087743320236,
      0.03455204357659926,
      0.03365343809888905,
      0.037863906818165635
    ],
    [
      0.005770448168918682,
      0.012001576605892903,
      0.01929295461377858,
      0.025289231311011035,
      0.04411686710673569,
      0.007945784332014389,
      0.07077847424693973,
      0.03722218644140385,
      0.37065675462592196,
      0.05687420072424796,
      0.0017508983666225347,
      0.03770695994863337,
      0.07423094154942947,
      0.016747807625544005,
      0.024471688884461947,
      0.05098102487360263,
      0.05481708754280615,
      0.03465176144722462,
      0.05469335158481056
    ],
    [
      0.013558639232371774,
      0.008090782250816433,
      0.009541329686213781,
      0.0144205281178937,
      0.011357306274925826,
      0.05166067248827922,
      0.06536663586875228,
      0.0679799863602421,
      0.030859326248027594,
      0.3798154740419588,
      0.03906316801422769,
      0.06017640925941613,
      0.047633663356538264,
      0.0057833066052320765,
      0.06476460815621017,
      0.047542596858420653,
      0.06231133433396553,
      0.016578550683195133,
      0.0034956821633128094
    ],
    [
      0.020795224733274616,
      0.007126433743860225,
      0.012379062591860137,
      0.03905717639373295,
      0.017398724594094205,
      0.013084209090065083,
      0.03859431991975935,
      0.10884628520540815,
      0.01008676307975457,
      0.013618227636182655,
      0.5010443068780441,
      0.11148775539901837,
      0.006518045247662643,
      0.03504198565302342,
      0.010870444122893522,
      0.0333622517832073,
      0.014240303503419302,
      0.0014024841267059871,
      0.005045996298033481
    ],
    [
      0.04919057189763124,
      0.00015961356208677403,
      0.032769436114014026,
      0.02414511877764737,
      0.005379888979329429,
      0.004628522209027473,
      0.0584369043818835,
      0.05252336918425583,
      0.033937974901899336,
      0.06887148439004018,
      0.050595848581765586,
      0.4429756968327815,
      0.060077702466876576,
      0.03452004061264019,
      0.02202924782049942,
      0.023503389168869696,
      0.02735350283641784,
      0.005850206712391693,
      0.003051480569942432
    ],
    [
      0.04523707324692139,
      0.022579133485156486,
      0.04070753529095053,
      0.00037096934080371475,
      0.033099711120627276,
      0.017721419031758612,
      0.07999076110041772,
      0.044752564726604174,
      0.10331245230271885,
      0.04057629464248233,
      0.044868775296878334,
      0.0462784851898658,
      0.33302351274838093,
      0.05773555826045592,
      0.03036322553280671,
      0.030821522022123658,
      0.008204046478493838,
      0.017547818311231946,
      0.002809141871321981
    ],
    [
      0.01968651384646878,
      0.004205777843028999,
      0.011967377099927498,
      0.02547065410152655,
      0.008238287146501547,
      0.021384308178752177,
      0.04163922289637956,
      0.035159028591765715,
      0.021244460228935835,
      0.02604521467698334,
      0.008486315488337894,
      0.04529557576654991,
      0.02003054537860302,
      0.6504202305229569,
      0.019267127147763317,
      0.023623054657102967,
      0.012367876900782272,
      0.0033214938519526356,
      0.0021469356756808507
    ],
    [
      0.03474643070375578,
      0.0017543940823779678,
      0.01448651747880835,
      0.05686741667206519,
      0.02891818600714139,
      0.04587265053090144,
      0.09677486501335858,
      0.06302575063423994,
      0.04353664550671134,
      0.09110946894506919,
      0.021537295057814827,
      0.09557721585685133,
      0.05274704791335921,
      0.0520396777801279,
      0.21784057718693933,
      0.03813436124278758,
      0.011450079179837522,
      0.020894332254826144,
      0.012687087953027074
    ],
    [
      0.016968354276517873,
      0.04660452773223883,
      0.025338777614430836,
      0.02263525644894755,
      0.045187771389211616,
      0.00842378452181682,
      0.0413777528653726,
      0.026867353394733517,
      0.08696375329784695,
      0.055318142687785316,
      0.012312177521668782,
      0.059887113790691685,
      0.09382026882806263,
      0.006837794102926715,
      0.01003403084097867,
      0.29487547630696453,
      0.028698061357401113,
      0.06369054288498321,
      0.05415906013742078
    ],
    [
      0.010537881933447827,
      0.07179530908248163,
      0.012580228818137074,
      0.008271332948977625,
      0.006615526650459604,
      0.01230079544282271,
      0.050102524263133205,
      0.048774061582775606,
      0.045790674524305394,
      0.02400239300074207,
      0.018182048597600288,
      0.026696825328248686,
      0.020500628408848885,
      0.019097832543642092,
      0.017637494047309576,
      0.08900440494389157,
      0.406252558110878,
      0.00605360959045455,
      0.10580387018184365
    ],
    [
      0.011012859512195251,
      0.010752418572048835,
      0.007117017104114295,
      0.014321683685625789,
      0.10613851399021564,
      0.02969497687231144,
      0.05852802140230772,
      0.013996260805743257,
      0.11908065906108863,
      0.04429557556968778,
      0.010576713443360768,
      0.03469441967131782,
      0.02357972593296875,
      0.005901375562342917,
      0.0171063911259119,
      0.04871811218451268,
      0.09048362476057957,
      0.2789345482375562,
      0.0750671025061107
    ],
    [
      0.0038103728031619387,
      0.10702083756199172,
      0.005128106164510141,
      0.004244359868052796,
      0.06384064109547917,
      0.013160786483006517,
      0.04780252381239638,
      0.009933125385629068,
      0.03009755135197728,
      0.021041778206787376,
      0.005710554226730594,
      0.0296064757760785,
      0.0006839176945667453,
      0.0005318981205506354,
      0.020875118656717342,
      0.05475408640286436,
      0.10278945330427908,
      0.07183170945663657,
      0.40713670362858373
    ]
  ]
}