{
  "poids_LS": 0.54,
  "poids_EM": 0.45999999999999996,
  "mae_validation": 7.008805810719672,
  "matrice_de_transition": [
    [
      0.25004707761073924,
      0.002699893432651164,
      0.009784585845668872,
      0.058936458658820634,
      0.006313045952736028,
      0.038433520672018676,
      0.10072207436014625,
      0.059835704546797285,
      0.06624870385074816,
      0.055603665314946205,
      0.01548769722554731,
      0.16017110007370497,
      0.022815694712146204,
      0.03708909088358732,
      0.006946876923487422,
      0.04283257147401076,
      0.050647459568676154,
      0.005842252233527535,
      0.009542526660039843
    ],
    [
      0.006589567106130738,
      0.5463607281347013,
      0.002260889207258301,
      0.011982340154085887,
      0.03951129407378244,
      0.007853647538086747,
      0.0427622684594775,
      0.017855931316327026,
      0.0579560936727615,
      0.013774170750616599,
      0.002621123904474959,
      0.02563088774517252,
      0.011208256209017445,
      0.00016637382664029976,
      0.02913035166000726,
      0.05865202059228492,
      0.07195185926800125,
      0.011472671136693528,
      0.042259525244479845
    ],
    [
      0.02127852841747715,
      0.018154189526235265,
      0.3589042542849369,
      0.018559218101716977,
      0.026051257279942258,
      0.015279010765337,
      0.062990751726293,
      0.17151617192349228,
      0.013735069164142851,
      0.027656307788844006,
      0.00633768014363353,
      0.09649413204024801,
      0.020579431540345722,
      0.030839288272264207,
      0.018835666888758873,
      0.025571774836652687,
      0.06178708311783021,
      0.0007997064102316639,
      0.004630477771617317
    ],
    [
      0.020800098492726196,
      0.01591985458946328,
      0.023499851576821638,
      0.19867104199679533,
      0.011401688695663338,
      0.029283021557457673,
      0.08840206206550638,
      0.054450743389888326,
      0.08020706323584188,
      0.08109027122671114,
      0.030114363438263028,
      0.09635303818008821,
      0.055635671568971784,
      0.03497145560460566,
      0.06089627316230691,
      0.05881893482806644,
      0.026101699370620374,
      0.020155706005684806,
      0.013227161014517708
    ],
    [
      0.006569409084506889,
      0.05115536098630109,
      0.009630956615285879,
      0.02517647936185404,
      0.40367118062147506,
      0.015348646589316057,
      0.07311932515903453,
      0.0343048246029667,
      0.09847450546734689,
      0.030130221348663132,
      0.002393172535818082,
      0.028196350788366523,
      0.014240253132025971,
      0.0030360659619101944,
      0.0004179133368911696,
      0.01001499196575775,
      0.035738111135588155,
      0.0705060801704202,
      0.08787615113647179
    ],
    [
      0.01717790164710267,
      0.007056489649855091,
      0.03127126691998281,
      0.01334886117045846,
      0.012112986748537353,
      0.36922166303437015,
      0.042448364988923036,
      0.013453070962138682,
      0.03969352936506339,
      0.05997137992113755,
      0.014897338332236196,
      0.08669013143507248,
      0.03165203079438717,
      0.0415922196362114,
      0.0470667893239985,
      0.0530025098230224,
      0.05735719935668092,
      0.046388414435830576,
      0.015597852454991172
    ],
    [
      0.01557481812749611,
      0.007363603012076893,
      0.039334994705404476,
      0.00691912120487296,
      0.021836670754192853,
      0.03322516003585254,
      0.30810830195950734,
      0.041720827309046804,
      0.052891416353367166,
      0.04673525669246759,
      0.047408085142376065,
      0.06896211978516145,
      0.07958239678394428,
      0.010388456726547797,
      0.05608415556901478,
      0.08752417453279784,
      0.03789315141035797,
      0.024502851579376112,
      0.013944438316138947
    ],
    [
      0.010596315887986124,
      0.021240272324754048,
      0.03949059157652877,
      0.021674921250490368,
      0.021119039844754467,
      0.019129180026741605,
      0.018623692604960086,
      0.48395442303823794,
      0.005563223716351242,
      0.040020354503947655,
      0.0568857034237761,
      0.06168924355049391,
      0.012881454513220739,
      0.03336897690257204,
      0.012230551721054288,
      0.04225475947167522,
      0.0373336877679163,
      0.027521033823091488,
      0.0344225740514475
    ],
    [
      0.004718944280360167,
      0.009814622646596861,
      0.015777349550823373,
      0.0206809713832268,
      0.036077793545063845,
      0.006497885853736211,
      0.0806622212220673,
      0.038101390005957296,
      0.40220147494523,
      0.06266117597572164,
      0.001431845775371317,
      0.045417850553035696,
      0.068908620599624,
      0.013695984902667095,
      0.020012403354404434,
      0.04898380007742904,
      0.0495004431000652,
      0.02833744047239702,
      0.046517781756222745
    ],
    [
      0.012394652554142332,
      0.006616461929556549,
      0.007802687387837048,
      0.014841276061264584,
      0.009287752687050453,
      0.04224694994597056,
      0.06964327589774673,
      0.06299810884544259,
      0.02737081626782635,
      0.42305079668091894,
      0.03194499073163509,
      0.06080600073607563,
      0.039867766078531534,
      0.005938081257156998,
      0.052963057336634096,
      0.04498251684143709,
      0.07082854723296249,
      0.013557570336479575,
      0.002858691191331364
    ],
    [
      0.021145388453624153,
      0.0058278391505345835,
      0.0101233222973434,
      0.03501368545409096,
      0.020675915360256966,
      0.010699975433653221,
      0.038678038445671095,
      0.11297094746809079,
      0.008248730696332626,
      0.01113668393358937,
      0.5156188627535117,
      0.10690875716001275,
      0.005330312558088561,
      0.02865655715625026,
      0.008889607638277367,
      0.03873710832359327,
      0.01606484372529217,
      0.0011469203525062293,
      0.0041265036392807136
    ],
    [
      0.040226956574062875,
      0.0001305284241065174,
      0.026798116644349248,
      0.01974534157816496,
      0.004399553654207178,
      0.0037851026064935774,
      0.060516927029801666,
      0.05953316991550715,
      0.0414861401595097,
      0.07037619388166443,
      0.041376160617977185,
      0.46431499475836446,
      0.05609706053378233,
      0.028229722101003534,
      0.01801502932876397,
      0.02432610402203067,
      0.03225518636760865,
      0.005892278803182434,
      0.0024954329994195884
    ],
    [
      0.03699387323303793,
      0.01846471360563908,
      0.03328971774904398,
      0.0003033704831461489,
      0.02706820820531297,
      0.014492182674860373,
      0.0816319760468533,
      0.04863718551832618,
      0.09911840921941839,
      0.04512688245706442,
      0.03669268735389161,
      0.05075828518975172,
      0.3831317498381261,
      0.047214856532995064,
      0.02483037110238415,
      0.027967730149587686,
      0.0072661881405148955,
      0.014714358703053983,
      0.002297253796992198
    ],
    [
      0.01609919354555669,
      0.00343939165829927,
      0.009786655050607376,
      0.02086072577077913,
      0.008108965522478856,
      0.01939372874507073,
      0.04720153451837917,
      0.035177859340218914,
      0.021972914189540615,
      0.025284517209465403,
      0.0069399202215741,
      0.045874373358603796,
      0.016380534887390913,
      0.6593258605182437,
      0.01926061622237018,
      0.02600921423082719,
      0.014412034863551342,
      0.0027162438611523774,
      0.0017557162858901178
    ],
    [
      0.028414858886626943,
      0.001434704494033538,
      0.011846752071558827,
      0.046504909634044425,
      0.023648649890284514,
      0.03751363421193717,
      0.10847458733108166,
      0.0654772213692235,
      0.04782154122040004,
      0.09449315162154685,
      0.017612721291724125,
      0.10358437960373482,
      0.048238434171748897,
      0.04255689205130459,
      0.2409109558404421,
      0.04205814564127338,
      0.011946321476834762,
      0.017086920599502266,
      0.010375218592697695
    ],
    [
      0.013876343052796837,
      0.03811214712325309,
      0.02072148924913455,
      0.01851060971825044,
      0.038648836519961434,
      0.0068887837867302,
      0.044634262494680985,
      0.030216503925890113,
      0.08393500505230166,
      0.05727605730317156,
      0.010068625173275803,
      0.06759228256612468,
      0.0961767415807945,
      0.0055917960663934025,
      0.008417272282759267,
      0.3359277434958001,
      0.025042073315474176,
      0.052084710625941825,
      0.04627871666726537
    ],
    [
      0.008617645670019556,
      0.0653241961266684,
      0.010287831566832096,
      0.007509041922869971,
      0.00541003068304252,
      0.010059317162130571,
      0.05272198675801841,
      0.05397070635925311,
      0.040624012643523694,
      0.019628623609495736,
      0.014868875297593124,
      0.031052578121525194,
      0.022318026351570753,
      0.01764032724085686,
      0.014423550687577608,
      0.08309713961533546,
      0.43780560553167047,
      0.004950507398416165,
      0.09968999725360037
    ],
    [
      0.009006071778861894,
      0.008793088965586603,
      0.005820138431809023,
      0.01171195465846731,
      0.08679771810755411,
      0.024283892197801353,
      0.06739648699677447,
      0.012712252540030344,
      0.10924862383686501,
      0.04808265746571065,
      0.008649401215903917,
      0.03961409378310012,
      0.01928297587407222,
      0.004826013793204875,
      0.014204593402423618,
      0.046697362189896785,
      0.08002075692564645,
      0.3293387682481412,
      0.07351314958815001
    ],
    [
      0.003116038203474652,
      0.08877973516844485,
      0.004193651263421626,
      0.003470943180985397,
      0.052207457606969626,
      0.010762598723880884,
      0.054816383641638114,
      0.011603445588028729,
      0.032337393764522736,
      0.022900482496867738,
      0.004669964345415241,
      0.0342338019822196,
      0.000559292692445694,
      0.00043497446302807516,
      0.021223916695017858,
      0.04810939948479745,
      0.0977350520519402,
      0.06081098351010808,
      0.4480344851367934
    ]
  ]
}