{
  "poids_LS": 0.5225,
  "poids_EM": 0.47750000000000004,
  "mae_validation": 7.056032174677073,
  "matrice_de_transition": [
    [
      0.24635518372345416,
      0.0028026067697628936,
      0.01015682552458019,
      0.06048072632896339,
      0.006553216179198813,
      0.039895665480193306,
      0.09877040540438846,
      0.05884974262394041,
      0.06539797334513603,
      0.055111369537069785,
      0.016076903098258353,
      0.16144400297695677,
      0.023683683097934376,
      0.0385000889063325,
      0.007211160284707053,
      0.04301929786239085,
      0.04972107946177959,
      0.006064511829368257,
      0.009905557565584838
    ],
    [
      0.006840257159081365,
      0.5411050430108574,
      0.0023469012966648673,
      0.012438190051252199,
      0.04101444113093722,
      0.008152427607470482,
      0.0420606762540141,
      0.018403380468829025,
      0.058054648237526096,
      0.013704974158476001,
      0.002720840574753898,
      0.024896705797671025,
      0.011456415148448721,
      0.0001727032656972677,
      0.029099034203376707,
      0.059387758986500706,
      0.07305394105942886,
      0.011675100806396641,
      0.04341656078261754
    ],
    [
      0.022088037650750743,
      0.018844838040820305,
      0.35298138297807946,
      0.018832674794235515,
      0.025691133570304638,
      0.015641791254019363,
      0.06225749010259864,
      0.1713075801424312,
      0.013365647079980747,
      0.028472436642931916,
      0.006578787540402198,
      0.09763587335726157,
      0.02136234469677192,
      0.03201252206523079,
      0.019552241172570352,
      0.02576292847046638,
      0.061975523165420515,
      0.0008301300236643903,
      0.0048066372520592805
    ],
    [
      0.021591406587558176,
      0.016525501231453733,
      0.024393867669418118,
      0.1951035959173358,
      0.01183544859169401,
      0.030397049551491397,
      0.08649533956198971,
      0.05280448313884013,
      0.07891097274429759,
      0.08038263352166994,
      0.03126001856906652,
      0.09510032924004713,
      0.05638309468348686,
      0.036301891415650454,
      0.06269624186760765,
      0.05875202915789056,
      0.026413229154531245,
      0.020922499168944557,
      0.013730368227026534
    ],
    [
      0.006819332256200087,
      0.05310148884991038,
      0.009997351703910886,
      0.02613428020714197,
      0.39809807028958594,
      0.015932562492170472,
      0.07180323252073854,
      0.03394595761743769,
      0.09915601686719473,
      0.029365374584028214,
      0.0024842171431589876,
      0.027443772746175613,
      0.014782001892483484,
      0.0031515684713306915,
      0.0004338122138381163,
      0.010395997094889841,
      0.036109721252741464,
      0.07147061175302921,
      0.08937463004403373
    ],
    [
      0.017831408774981575,
      0.007324943060447405,
      0.03246093468324303,
      0.013856698280204164,
      0.012573806896579538,
      0.36127836579511413,
      0.04115968163456283,
      0.013812275749941302,
      0.039737129897928665,
      0.05960480511120017,
      0.015464084899223445,
      0.08662599255048045,
      0.032856184139825814,
      0.04317453233976293,
      0.04791819014748094,
      0.05368422509930186,
      0.057411296732458414,
      0.04765852052140951,
      0.015566923685853828
    ],
    [
      0.01616733838234651,
      0.0076437400831885155,
      0.040831434721370956,
      0.007182348642014867,
      0.022166959524318804,
      0.03448916068939041,
      0.2983328260417623,
      0.04225497521386287,
      0.05366686155229897,
      0.04532272616042658,
      0.048974233266128514,
      0.06791790953076668,
      0.0800594091624519,
      0.010783669754188204,
      0.05765533104936567,
      0.08819437482933458,
      0.03844674286393924,
      0.025435025280765425,
      0.014474933252079018
    ],
    [
      0.010999436601116033,
      0.022048326163195783,
      0.04099295103867932,
      0.02243461786691648,
      0.021922481577978825,
      0.019856920571237214,
      0.01904093331543263,
      0.4723924280381587,
      0.005735618331151179,
      0.04056553084295705,
      0.05904983344533281,
      0.06261662783555938,
      0.012704535637986753,
      0.03443666399250259,
      0.011899149976711466,
      0.04286702351388718,
      0.03685877290598412,
      0.02856802967505693,
      0.03501011867015548
    ],
    [
      0.0048984693345043035,
      0.01018800502989131,
      0.016377574805474263,
      0.021467747468458257,
      0.037450318299495626,
      0.006745088032954438,
      0.0789747522263138,
      0.03795128208030183,
      0.39681579098827496,
      0.06167315581083589,
      0.001486318168999574,
      0.044101357035210904,
      0.06981730954227372,
      0.014217027806572911,
      0.020773744786365476,
      0.049324789676775754,
      0.05040816288297219,
      0.029415495272977345,
      0.0479136107513475
    ],
    [
      0.012593381987010776,
      0.006868175155137505,
      0.008099528755852589,
      0.014769441046542726,
      0.00964109110449259,
      0.04385417086782814,
      0.06891311784401596,
      0.06384867329918885,
      0.027966415532738764,
      0.4156691562303647,
      0.03316028929207773,
      0.060698509508353274,
      0.041193650979654634,
      0.005911656316584451,
      0.05497795625704953,
      0.04541960367360502,
      0.06937438893313373,
      0.014073347468845648,
      0.0029674457475233184
    ],
    [
      0.021085604403808376,
      0.006049550422565791,
      0.010508448689090162,
      0.03570403756573716,
      0.02011639498554625,
      0.011107039716455248,
      0.038663745038808116,
      0.11226673683787668,
      0.008562541103258325,
      0.011560362126715054,
      0.5131305239455051,
      0.10769053734716004,
      0.005533096188015845,
      0.029746752265455437,
      0.009227799233211834,
      0.03781944988986883,
      0.015753336858143143,
      0.0011905531920037493,
      0.004283490190775089
    ],
    [
      0.04175732992198919,
      0.0001354941793714393,
      0.0278176102123408,
      0.020496523051247325,
      0.004566927978008538,
      0.003929101075218877,
      0.060161801211864416,
      0.05833637466870815,
      0.04019742901796647,
      0.07011929226114322,
      0.04295025368496546,
      0.460671699990582,
      0.05677668232723744,
      0.029303678920063456,
      0.01870038370540173,
      0.02418564051051538,
      0.03141831356960046,
      0.005885095763291331,
      0.0025903679504844642
    ],
    [
      0.03840124884516438,
      0.019167175536288397,
      0.034556174402540225,
      0.000314911751526709,
      0.028097976995732493,
      0.015043515711403978,
      0.08135176861697405,
      0.04797395757827608,
      0.09983446535559165,
      0.044349952830184544,
      0.03808860480757228,
      0.04999344128733217,
      0.37457668496914515,
      0.04901107390109814,
      0.02577500478562703,
      0.02845496290831334,
      0.007426310295779593,
      0.015198120099572176,
      0.002384649321877771
    ],
    [
      0.01671166286522461,
      0.003570238080082395,
      0.010158973449271788,
      0.021647786705296986,
      0.008131044824141266,
      0.019733583770333418,
      0.04625187155852557,
      0.03517464433438544,
      0.02184854400114468,
      0.025414392386846514,
      0.007203938925655724,
      0.045775554257521424,
      0.01700370741028079,
      0.6578053871044143,
      0.01926172784377876,
      0.02560182113287427,
      0.014063032284541989,
      0.0028195792254353488,
      0.0018225098402446334
    ],
    [
      0.029495858952966015,
      0.001489285643263075,
      0.012297443726455089,
      0.0482741181527309,
      0.02454832678828447,
      0.03894078333956523,
      0.10647707376464113,
      0.06505867758520192,
      0.04708997365952636,
      0.09391544970117262,
      0.01828277047130059,
      0.10221730286646202,
      0.04900819749348724,
      0.044175904248908576,
      0.23697211070447818,
      0.041388231231775804,
      0.011861597182225476,
      0.017736966491874638,
      0.01076992799568076
    ],
    [
      0.014404247408066284,
      0.03956206576381163,
      0.021509806774916845,
      0.019214817696662143,
      0.039765240034223666,
      0.0071508570829645025,
      0.04407827304577468,
      0.029644697737643864,
      0.08445210841129719,
      0.05694177919810562,
      0.010451670696172166,
      0.0662767659459288,
      0.09577441696447443,
      0.0058045274384844565,
      0.008693304231723556,
      0.3289188198294135,
      0.025666266395803168,
      0.05406619418236353,
      0.04762414116216997
    ],
    [
      0.008945490885726822,
      0.06642902028985603,
      0.010679216463396361,
      0.007639189171229814,
      0.005615847067723486,
      0.01044200857590728,
      0.05227476145401362,
      0.053083474324244755,
      0.041506125647559594,
      0.02037536472507438,
      0.01543453903174069,
      0.03030891301047798,
      0.022007738897935312,
      0.01788916960962507,
      0.014972272724605018,
      0.08410569711045482,
      0.43241849987446196,
      0.005138841919008085,
      0.10073382921695899
    ],
    [
      0.009348694074796859,
      0.009127608654494789,
      0.0060415567417148024,
      0.012157518150909003,
      0.09009980520947194,
      0.025207735922717713,
      0.06588235872454842,
      0.012931473463444743,
      0.11092726399709832,
      0.04743608250785308,
      0.008978454523030697,
      0.038774149422551925,
      0.020016567347542362,
      0.005009612144033321,
      0.014700022282043571,
      0.047042368286538516,
      0.08180710021453746,
      0.3207331697097485,
      0.07377845862292379
    ],
    [
      0.0032345831351285794,
      0.09189406972344066,
      0.004353192344095275,
      0.0036029899324359293,
      0.05419361088549565,
      0.011172045414463311,
      0.05361889537810903,
      0.011318268968106834,
      0.031954981645307655,
      0.02258314274002475,
      0.004847626032469082,
      0.03344377067873209,
      0.0005805701318322149,
      0.0004515224045563172,
      0.021164365810429967,
      0.04924385822690644,
      0.09859799860721757,
      0.06269257086683247,
      0.44105193707441614
    ]
  ]
}