{
  "poids_LS": 0.71,
  "poids_EM": 0.29000000000000004,
  "mae_validation": 6.55444219509829,
  "matrice_de_transition": [
    [
      0.2859111896586513,
      0.0017021067292800822,
      0.006168543250530377,
      0.04393500129171965,
      0.0039799637528118445,
      0.02422982824975091,
      0.1196811442160791,
      0.06941362036883547,
      0.07451294304812305,
      0.06038596715717418,
      0.00976398303349722,
      0.14780575758497314,
      0.014383807535918261,
      0.023382252948348534,
      0.004379552843068159,
      0.04101865798688988,
      0.05964658060709983,
      0.003683159016789099,
      0.006015940720459902
    ],
    [
      0.004154292306038945,
      0.5974159550520421,
      0.0014253431958802336,
      0.007554084010184582,
      0.024909294089993286,
      0.004951212578359037,
      0.0495777355982648,
      0.012537853834879044,
      0.05699870647219119,
      0.014446366217125268,
      0.0016524476789081266,
      0.032762940949472706,
      0.008797569368827918,
      0.00010488784722975422,
      0.02943457838156119,
      0.05150484761990307,
      0.061245921865561756,
      0.009506211488149015,
      0.031019751445428036
    ],
    [
      0.013414724437105164,
      0.01144503252740919,
      0.41644071840869423,
      0.015902781660108375,
      0.02954960188785052,
      0.011754857446708365,
      0.07011386464218095,
      0.1735424920823717,
      0.017323740838860412,
      0.019728198920561497,
      0.003995494003595053,
      0.08540293067497362,
      0.012973989449348392,
      0.019442159997731787,
      0.011874659560304509,
      0.02371485382246255,
      0.05995652265552445,
      0.0005041627368851795,
      0.002919214247323961
    ],
    [
      0.013113105571501301,
      0.01003643006727033,
      0.014815123820170166,
      0.23332623248297338,
      0.00718802113422254,
      0.018461035329701583,
      0.10692450924252538,
      0.07044298582864217,
      0.0927976565822721,
      0.08796446607568276,
      0.018985142167600607,
      0.10852221074048735,
      0.04837498988511103,
      0.022047222011599227,
      0.04341086288224265,
      0.059468875624060724,
      0.02307541004120047,
      0.012706858134018683,
      0.008338862378717686
    ],
    [
      0.004141583988058692,
      0.032250118882668086,
      0.006071690040071533,
      0.01587212829334277,
      0.45780996670268276,
      0.009676320675873167,
      0.08590422507390973,
      0.03779096103381997,
      0.09185410901168219,
      0.03756016134797371,
      0.0015087392073635738,
      0.03550710891250675,
      0.008977550887581592,
      0.0019140415846825142,
      0.00026346710369225913,
      0.006313799282760322,
      0.032128184283241795,
      0.06113634479650419,
      0.07331949889158455
    ],
    [
      0.010829546690564728,
      0.004448656518386906,
      0.01971449436259786,
      0.008415586390071639,
      0.007636448167556159,
      0.44638512192999974,
      0.05496700328842211,
      0.009963653023484648,
      0.039269981331514964,
      0.06353239236052921,
      0.009391800252931517,
      0.08731319488539524,
      0.01995454115298322,
      0.026221181944568062,
      0.03879603846731198,
      0.046380132853450426,
      0.05683168199198523,
      0.03405024103306383,
      0.01589830335518249
    ],
    [
      0.009818907080377984,
      0.004642271464135434,
      0.02479814883601587,
      0.0043620546726373015,
      0.018628151272969337,
      0.02094629654434182,
      0.40307006801760137,
      0.03653196194797649,
      0.04535852013517261,
      0.060456981860865976,
      0.03219407479735236,
      0.0791058765421393,
      0.0749485622498704,
      0.006549244458041004,
      0.04082130804560626,
      0.0810136573664411,
      0.032515405861282834,
      0.015447449908737117,
      0.008791058938435424
    ],
    [
      0.006680286103295602,
      0.013390606465605815,
      0.02489624251563771,
      0.014295011262351021,
      0.013314177293432167,
      0.01205970045164145,
      0.01457049713179821,
      0.5962709458961503,
      0.003888533172580431,
      0.0347243557821422,
      0.035862726071511024,
      0.05268036763842943,
      0.01460009501549373,
      0.022997159457532446,
      0.015449882951813114,
      0.036307051633044866,
      0.04194714642668601,
      0.017350216975427244,
      0.028714997755427192
    ],
    [
      0.00297498661153141,
      0.006187479494593675,
      0.009946589934214736,
      0.013038003698121246,
      0.022744695930583734,
      0.004096493255616308,
      0.09705477718081545,
      0.03955958128375327,
      0.454519547669936,
      0.07225908614889752,
      0.0009026853801253958,
      0.05820664472619077,
      0.06008135658531247,
      0.00863442526472491,
      0.012616515158211494,
      0.0456713296837753,
      0.040682593780397264,
      0.017864908123902474,
      0.03295830008929662
    ],
    [
      0.010464138063420333,
      0.004171247738198694,
      0.004919085527114661,
      0.015539101918562632,
      0.005855322346183982,
      0.0266339467050684,
      0.07673623984827409,
      0.05473548272333605,
      0.021584994837248683,
      0.4947581610577308,
      0.02013923328733517,
      0.061850201233949936,
      0.02698774132476428,
      0.006194780679861749,
      0.033389753538312805,
      0.040736530471805824,
      0.08495465643129889,
      0.008547163907780602,
      0.001802218359752382
    ],
    [
      0.021726147794691675,
      0.0036740725079457163,
      0.006382094491803449,
      0.028307407798099392,
      0.026111256143161062,
      0.006745636686433554,
      0.03881688868376863,
      0.1198118507330278,
      0.005200286743340134,
      0.00702095291465417,
      0.5397912968884333,
      0.09931432105629609,
      0.003360414438794963,
      0.018066090381114296,
      0.005604317858913994,
      0.04765150453691633,
      0.01909091043473985,
      0.0007230584831017534,
      0.0026014914247639285
    ],
    [
      0.025360472622778775,
      8.228965867584795e-05,
      0.01689446484100279,
      0.012448150125364868,
      0.002773631651565395,
      0.002386260338876386,
      0.06396672068976349,
      0.07115918088441177,
      0.05400504839164395,
      0.07287180962387052,
      0.026084970824376927,
      0.4997070010739655,
      0.04949502025450406,
      0.017796998715850058,
      0.011357301098568593,
      0.025690606705322035,
      0.04038480783397389,
      0.00596205690498171,
      0.0015732077605036538
    ],
    [
      0.02332222442952392,
      0.0116407977079029,
      0.020986995972223386,
      0.0001912553045921374,
      0.0170647399555234,
      0.009136376034151107,
      0.08435399107996594,
      0.05507997122166999,
      0.092162435325164,
      0.052674198832468856,
      0.0231323463752795,
      0.05818819738468446,
      0.46623809427965457,
      0.029765887814279503,
      0.015653929608024794,
      0.023234611921967057,
      0.005710715775086406,
      0.010014962279734443,
      0.0014482686981037772
    ],
    [
      0.01014949158306835,
      0.002168312132406062,
      0.006169847749295955,
      0.01321499097832001,
      0.007894480877758297,
      0.016092279928233207,
      0.056426831842671214,
      0.03520909082545835,
      0.0231810817339583,
      0.024022872629191748,
      0.004375167096209759,
      0.046834330340546806,
      0.010326858950746448,
      0.6740961736811583,
      0.01924981761440107,
      0.029966747182369805,
      0.017802345631070776,
      0.0017124146081178035,
      0.0011068646150176832
    ],
    [
      0.017913715385047425,
      0.0009044876158037524,
      0.007468604566852306,
      0.029318312595375838,
      0.014908931452570676,
      0.023649899829264746,
      0.12787900483364675,
      0.06954307527114743,
      0.05492819752603007,
      0.10010511313375374,
      0.011103672118695646,
      0.11686455362295618,
      0.04076073333200496,
      0.026829344988865942,
      0.27917402287551984,
      0.04856588561924982,
      0.01276935748161067,
      0.010772189073599257,
      0.0065408986780050695
    ],
    [
      0.00874812931589366,
      0.02402722318639869,
      0.013063547570106566,
      0.011669732213679626,
      0.02780377380998554,
      0.004342928909025562,
      0.050035302855485145,
      0.03577119261171081,
      0.07891171527920214,
      0.06052333032381217,
      0.006347611522282573,
      0.0803715868765989,
      0.10008503785361811,
      0.0035252627375088846,
      0.005735819064249042,
      0.4040144305406981,
      0.018978483392278287,
      0.03283601322070246,
      0.03320887871676375
    ],
    [
      0.005432863574577547,
      0.0545916185414172,
      0.00648580685735067,
      0.006244754367374348,
      0.003410671517570285,
      0.0063417434282997094,
      0.05706646113977925,
      0.06258953184219139,
      0.03205491489003211,
      0.012374567058160358,
      0.009373856165873927,
      0.038276753485983785,
      0.0253322473297436,
      0.01522300137282281,
      0.009093108042168493,
      0.07329972394846193,
      0.49013748905883836,
      0.003120972055523235,
      0.08954991532383105
    ],
    [
      0.005677740904065108,
      0.005543469130478511,
      0.003669217707010037,
      0.007383623589033741,
      0.05472030054606673,
      0.0153094102986139,
      0.0821051616412559,
      0.010582677855433317,
      0.09294183370888441,
      0.05436367134204126,
      0.005452883375243775,
      0.04777355328556834,
      0.012156658703219445,
      0.0030424869565856823,
      0.009391855714686958,
      0.043345874393948464,
      0.06266770783356224,
      0.4129360111925259,
      0.07093586182177619
    ],
    [
      0.001964458867407933,
      0.05852619949134274,
      0.002643823622591895,
      0.002188203309751664,
      0.0329133971870026,
      0.006785116586794472,
      0.06644912677306343,
      0.01437373275298426,
      0.03605225435118348,
      0.025983211563342486,
      0.002944107956892218,
      0.041908391787526776,
      0.0003525975669766332,
      0.00027422303103943874,
      0.02180241100244311,
      0.03708894313288161,
      0.08935214265781721,
      0.042532706330499846,
      0.5158649520284582
    ]
  ]
}