{
  "poids_LS": 0.9175,
  "poids_EM": 0.08250000000000002,
  "mae_validation": 6.013521487186058,
  "matrice_de_transition": [
    [
      0.3296865028936028,
      0.0004842200178124372,
      0.0017548442005819178,
      0.025624398917169916,
      0.0011322310676102662,
      0.0068929683813946565,
      0.1428223618343501,
      0.08110431173985269,
      0.08460017618609535,
      0.06622318852342304,
      0.002777684828494899,
      0.13271276601784457,
      0.004091945247287092,
      0.006651847821512945,
      0.001245907274321114,
      0.03880461652466881,
      0.07063080187458758,
      0.00104779523753483,
      0.0017114314118549722
    ],
    [
      0.0011818245353386655,
      0.65973336437762,
      0.0004054855643452389,
      0.002149006658069752,
      0.007086264698015331,
      0.0014085346128090365,
      0.05789661460590224,
      0.006046671026641064,
      0.0558301309185539,
      0.015266840095363792,
      0.00047009287417213954,
      0.04146824118413324,
      0.00585511337271423,
      2.9838784125705943e-05,
      0.029805913938752013,
      0.0427810923742017,
      0.04817838062434883,
      0.007105973975954972,
      0.01730061577893832
    ],
    [
      0.0038162578140040555,
      0.003255914425900891,
      0.4866690496185746,
      0.012660366591674336,
      0.03381964015926796,
      0.007453317366617528,
      0.07880825246598534,
      0.17601579462923925,
      0.021704031265353908,
      0.010051242507804904,
      0.0011366491561951443,
      0.0718651407732416,
      0.003690876308866353,
      0.0055309593096995605,
      0.0033781359093969726,
      0.02144831787867165,
      0.057722162091239475,
      0.0001434256061828528,
      0.0008304661220835407
    ],
    [
      0.0037304524470650256,
      0.0028551913122406977,
      0.0042146472936691,
      0.27562595028227893,
      0.002044868081287447,
      0.005251846257587519,
      0.12953279035565152,
      0.08996292880535639,
      0.10816558669629725,
      0.09635502743545692,
      0.005400945616645001,
      0.12337575960097451,
      0.03951268724157511,
      0.00627205453778254,
      0.02206837680510538,
      0.060262185713289035,
      0.01938155688911441,
      0.0036148820553673845,
      0.0023722625732558937
    ],
    [
      0.0011782092379822142,
      0.009174602785586612,
      0.0017272911320893158,
      0.00451534684207165,
      0.5238911320665098,
      0.0027527463991708153,
      0.10150932349941917,
      0.0420460981479497,
      0.08377333098491496,
      0.04662905870007338,
      0.0004292102917499822,
      0.04443053426991322,
      0.0025539584421568327,
      0.0005445118301251981,
      7.495184846417717e-05,
      0.0017961670373369885,
      0.027721950036995503,
      0.049699756031283175,
      0.05555182041620746
    ],
    [
      0.0030808193171434142,
      0.00126556607850662,
      0.005608433741083875,
      0.0023940892316583113,
      0.002172437840770287,
      0.5405699320526065,
      0.07024710591869306,
      0.005704510539539279,
      0.038753003584683816,
      0.06787892224978667,
      0.002671805244368449,
      0.08807369880270094,
      0.005676722914210744,
      0.007459474173885742,
      0.028700857274591665,
      0.03829693743470816,
      0.05619024167919491,
      0.018990411732627943,
      0.016265030189239537
    ],
    [
      0.0027933097728661507,
      0.0013206461923833562,
      0.007054645789556239,
      0.001240929346526129,
      0.014711870141475932,
      0.005958860223821381,
      0.5189792824708633,
      0.030198493933728903,
      0.03616395563355278,
      0.07720555816935225,
      0.01362403275857342,
      0.09148722670139167,
      0.06929255833328021,
      0.0018631471303047686,
      0.022191655921445855,
      0.07306699670750565,
      0.02595139291167641,
      0.004394533163692456,
      0.0025009046980031813
    ],
    [
      0.0019004262190409902,
      0.003809396666939586,
      0.007082551750138314,
      0.005287179953298577,
      0.0037876538852005307,
      0.0034307768526221365,
      0.009623214421909452,
      0.7333631723256608,
      0.0018444255970954684,
      0.02826012204817376,
      0.010202327244481587,
      0.041684239686938955,
      0.016697847393268118,
      0.010337441105498814,
      0.019379360777592274,
      0.029047349418246035,
      0.04757827978959611,
      0.004935837587837061,
      0.02174839727646122
    ],
    [
      0.0008463323981080735,
      0.0017602312355309594,
      0.0028296333433541925,
      0.003709087258948286,
      0.006470473842321235,
      0.0011653817020287774,
      0.11706333813046395,
      0.04133943240223953,
      0.5183783717309742,
      0.08397418238968571,
      0.00025679842710463847,
      0.07381649643754182,
      0.0493069019796087,
      0.0024563451184131213,
      0.003589181036387753,
      0.04162816729152146,
      0.029919630640214342,
      0.005082258345592945,
      0.016407756289960312
    ],
    [
      0.008107774787980243,
      0.001186648063453077,
      0.0013993950206446883,
      0.016390859950264663,
      0.0016657382536557882,
      0.007576898631614287,
      0.08539382819965308,
      0.04465021848605896,
      0.014522889267572994,
      0.582283326400016,
      0.00572926464208673,
      0.06312474007694356,
      0.011266534640018953,
      0.0065081049752219585,
      0.00949880919624416,
      0.03555392946181471,
      0.10219681912926833,
      0.00243152076686862,
      0.0005127000506192121
    ],
    [
      0.022435015813935862,
      0.0010452102824328332,
      0.0018155958468061538,
      0.02012180418858026,
      0.03274556915758812,
      0.0019190173332095458,
      0.03898636765085827,
      0.12816177677699508,
      0.001479391918364004,
      0.0019973400533067898,
      0.5692958856119407,
      0.09004464169440665,
      0.0009559799696571879,
      0.005139491229110102,
      0.0015943318046910502,
      0.05853231167964889,
      0.022784491859506876,
      0.00020569767191687817,
      0.0007400794570449107
    ],
    [
      0.007214617211652583,
      2.3409989106060195e-05,
      0.004806183963388725,
      0.003541284087388282,
      0.0007890503836349832,
      0.0006788499239906962,
      0.06817749824530513,
      0.0853497530964571,
      0.06928548049851371,
      0.07591792883862206,
      0.007420724458658955,
      0.5429060676062432,
      0.0414366475606791,
      0.005062939289853896,
      0.0032309563470065824,
      0.02735610262757473,
      0.05030772815321381,
      0.006047227235119062,
      0.00044755048359155673
    ],
    [
      0.006634770742881805,
      0.0033116062444896186,
      0.005970438509339412,
      5.4408836651211505e-05,
      0.004854624297692002,
      0.0025991414579912635,
      0.08767645060567698,
      0.0629439596536926,
      0.08367205542482406,
      0.06188636440833015,
      0.006580753710208824,
      0.06725706079908768,
      0.567676720583285,
      0.008467881878200204,
      0.004453273078144985,
      0.017457423497077167,
      0.00381212450551928,
      0.004278934292447353,
      0.0004120074744605573
    ],
    [
      0.002887355364148755,
      0.0006168474169775867,
      0.0017552153079893667,
      0.0038826970404654865,
      0.007632683443761142,
      0.012062570342975637,
      0.06768712122379239,
      0.03524721160891238,
      0.02465575682493871,
      0.022482924097387145,
      0.0012446596049562248,
      0.0480060425390949,
      0.0029378133221951105,
      0.6921246441594215,
      0.019236636960556424,
      0.03479726534381153,
      0.02194051906789597,
      0.00048715243161972,
      0.00031488389909985816
    ],
    [
      0.005096143169884181,
      0.000257311132082102,
      0.002124689230225225,
      0.00834055444523623,
      0.004241333947714072,
      0.006727988744532213,
      0.15156380855001297,
      0.07450580871026048,
      0.06360249860496085,
      0.10695500733247683,
      0.0031588032751461753,
      0.1330741777934764,
      0.031633539659964564,
      0.00763248607441876,
      0.3258774723448059,
      0.05650915647472108,
      0.013773945546263619,
      0.0030645020640411684,
      0.0018607728997773044
    ],
    [
      0.0024886919605559554,
      0.0068353307340616965,
      0.003716354050116523,
      0.0033198376125123078,
      0.01456641785516201,
      0.001235488396533134,
      0.05662774917823141,
      0.04255118027234489,
      0.07278034687968363,
      0.06448691356959409,
      0.0018057860365114217,
      0.09596985537320717,
      0.10485545830427047,
      0.0010028764684292518,
      0.002462868812243913,
      0.487120239727853,
      0.011577336868377423,
      0.009341279623130872,
      0.017255988277180865
    ],
    [
      0.0015455560169056815,
      0.04149156060647821,
      0.0018451002266601047,
      0.004701579851107631,
      0.0009702772420674087,
      0.0018041166649473313,
      0.0623692754586932,
      0.07310956882871901,
      0.02159557498503501,
      0.003520350973442171,
      0.002666700460981376,
      0.047094496945543546,
      0.02901136999427811,
      0.012272441857428314,
      0.0025868324602720716,
      0.061341113649189816,
      0.5540131704228817,
      0.0008878627399333342,
      0.07717305061543614
    ],
    [
      0.0016152193951219705,
      0.0015770213905671629,
      0.0010438291752700969,
      0.002100513607225116,
      0.015566982051898296,
      0.004355263274605679,
      0.10005839686907883,
      0.007983344049234004,
      0.07303795752326102,
      0.06203020298520952,
      0.0015512513050262465,
      0.057732893560639834,
      0.003458359803502084,
      0.0008655350824769614,
      0.003517484713478973,
      0.039255087819482136,
      0.04148678026528298,
      0.5149738224334662,
      0.06779005469517285
    ],
    [
      0.0005588546777970844,
      0.02159908976782103,
      0.0007521222374614875,
      0.0006225061139810768,
      0.009363294027336946,
      0.0019302486841742896,
      0.08064791618347963,
      0.01775511267491528,
      0.040586569479019396,
      0.029745954394480776,
      0.0008375479532538206,
      0.051275905814592904,
      0.000100307928536456,
      7.801172434742654e-05,
      0.022508514348270985,
      0.0236375037621608,
      0.07912006207381415,
      0.02022245624362508,
      0.5986580219109313
    ]
  ]
}