{
  "poids_LS": 0.3325,
  "poids_EM": 0.6675,
  "mae_validation": 7.573107756340634,
  "matrice_de_transition": [
    [
      0.20627176437578776,
      0.003917780144118809,
      0.01419828489561733,
      0.07724706103337037,
      0.009160778637937605,
      0.055770380540374934,
      0.07758085674187526,
      0.04814501317578007,
      0.05616147071277586,
      0.04976644394869735,
      0.02247399543054963,
      0.17526409164083356,
      0.033107557000777374,
      0.05381949601042291,
      0.010080522492234466,
      0.04504661293623184,
      0.03966323830118842,
      0.008477616012781804,
      0.013847035968644773
    ],
    [
      0.009562034876831018,
      0.48404331880912344,
      0.003280746838793296,
      0.017387417506200716,
      0.057334323465760395,
      0.011396325503636747,
      0.034443389451840056,
      0.024347114124565004,
      0.05912466922639879,
      0.012953696872378077,
      0.003803478709210946,
      0.01692558751051199,
      0.014150712205131135,
      0.00024142288974434803,
      0.028759016102816434,
      0.06737577583798629,
      0.08501940050921418,
      0.01387290864888757,
      0.05597866091096956
    ],
    [
      0.03087699504057826,
      0.026343307627743565,
      0.2886759230750565,
      0.02180163317015102,
      0.021781219008524817,
      0.019580550845427837,
      0.054296363902488584,
      0.16904286937662477,
      0.009354778737649356,
      0.0373332642016006,
      0.009196524991033439,
      0.11003192194198001,
      0.02986254468082776,
      0.04475048896029643,
      0.027332190539666408,
      0.02783831078044359,
      0.06402144368211518,
      0.0011604435409339907,
      0.006719225896857737
    ],
    [
      0.030182751617162475,
      0.023101093344492913,
      0.034100328103322704,
      0.15637132419748978,
      0.01654484174859843,
      0.04249221062957174,
      0.06579378095238023,
      0.03493080041317408,
      0.06483913312181674,
      0.07269970986693697,
      0.043698559989218635,
      0.08149948931960105,
      0.06449797421250769,
      0.05074662307842236,
      0.08223875923944417,
      0.05802562473883813,
      0.029795552522706433,
      0.029247682084336105,
      0.0191937608199795
    ],
    [
      0.009532783834583367,
      0.07423087708338257,
      0.013975355523268097,
      0.03653326081312516,
      0.337590015257648,
      0.02227222086601841,
      0.05751422673352508,
      0.030049687488836983,
      0.10655528349411411,
      0.021061323996563453,
      0.0034727014514316736,
      0.019272925430960063,
      0.020663845577450733,
      0.004405595716467511,
      0.0006064285921192515,
      0.014532624211181086,
      0.04014434538183445,
      0.08194266893564123,
      0.10564382961184889
    ],
    [
      0.02492662902052398,
      0.010239580089735377,
      0.045377327541496794,
      0.019370358328871788,
      0.017576997075323227,
      0.27503685291176333,
      0.027168262358652093,
      0.01771221344608405,
      0.04021050711189454,
      0.0556248500318801,
      0.021617333340799263,
      0.08592962751776678,
      0.04592984903315964,
      0.06035392740689372,
      0.05716197051671881,
      0.06108570524176466,
      0.05799863966947124,
      0.061448243736266464,
      0.015231125620934122
    ],
    [
      0.02260041543500794,
      0.01068522828382897,
      0.057078497751864105,
      0.010040246530984133,
      0.025752951885686257,
      0.04821259635637298,
      0.1921990875062454,
      0.048054295323294395,
      0.06208598085498701,
      0.029986680383981324,
      0.065978127181155,
      0.05658076962590909,
      0.08523840070053448,
      0.015074554054284033,
      0.07471380769317519,
      0.0954708351917333,
      0.04445716435996439,
      0.03555576832442077,
      0.02023459255657119
    ],
    [
      0.015376175772240736,
      0.030821482123420278,
      0.05730428234202816,
      0.03068275255954281,
      0.030645563252986105,
      0.027758103625760918,
      0.023570975314848842,
      0.3468621966087273,
      0.007607331291836204,
      0.0464845882379161,
      0.08254610225080554,
      0.0726853715019844,
      0.010783702135446351,
      0.04602869525460567,
      0.008301073895275131,
      0.049514461686474054,
      0.0317025544050062,
      0.03993541321068167,
      0.04138917453041348
    ],
    [
      0.006847598493783503,
      0.014241870905659577,
      0.022894306141683914,
      0.030009887822399762,
      0.052352015633326345,
      0.009428997407323742,
      0.060653660272418794,
      0.03632153888747104,
      0.33834265088419174,
      0.05094607973493345,
      0.002077732728392074,
      0.029807998841684648,
      0.07968307520532776,
      0.019874065048978883,
      0.029039737476228178,
      0.05302696246968289,
      0.060263406240248105,
      0.04112009025070655,
      0.06306832555555905
    ],
    [
      0.014751015829582423,
      0.009601061604302167,
      0.01132237789430702,
      0.013989518029562553,
      0.013477336779578646,
      0.061303998019424676,
      0.060985687546367746,
      0.07308337308271969,
      0.03443292183750204,
      0.3355256313386338,
      0.046354959376883526,
      0.05953146189308199,
      0.05558897276327686,
      0.00562475696179679,
      0.07685400167870274,
      0.0501651178514282,
      0.05358638453499305,
      0.01967321347739156,
      0.0041482095004645335
    ],
    [
      0.02043652043437997,
      0.008456701376047466,
      0.014689820942340696,
      0.0431992890636101,
      0.01404160234582991,
      0.015526594786877231,
      0.03850855947858146,
      0.10462102142412352,
      0.011969625521308756,
      0.01616029679493675,
      0.4861142740300043,
      0.11617843652190218,
      0.007734747027226337,
      0.04158315630825445,
      0.012899593692500311,
      0.02785630118086071,
      0.012371262300525147,
      0.0016642811636911048,
      0.005987915606999732
    ],
    [
      0.05837281198518907,
      0.00018940809367630517,
      0.03888639752196331,
      0.028652207616141546,
      0.006384134922137589,
      0.005492513021379267,
      0.05630614947426002,
      0.045342597703461815,
      0.026205708052639942,
      0.06733007466691288,
      0.060040406983695165,
      0.4211159282260868,
      0.06415543322760728,
      0.04096378152699969,
      0.02614137408032598,
      0.022660608099777973,
      0.022332266048368722,
      0.005807108473045081,
      0.0036210902763316854
    ],
    [
      0.05368132691968004,
      0.026793905069052364,
      0.04830627521192796,
      0.0004402169510870748,
      0.03927832386314437,
      0.021029417251020217,
      0.07830951652114225,
      0.04077319708630357,
      0.10760878911975832,
      0.035914716881203124,
      0.05324428001896229,
      0.04168942177534851,
      0.28169312353449566,
      0.06851286246907436,
      0.03603102763226396,
      0.033744918574477575,
      0.009164779410082022,
      0.020450386690341077,
      0.0033335150206354174
    ],
    [
      0.023361329764476284,
      0.004990856373727745,
      0.014201287491913964,
      0.030193019708633657,
      0.008370762956476012,
      0.023423438330328297,
      0.03594124513725799,
      0.03513973855676489,
      0.020498239098560207,
      0.02682446574127001,
      0.010070427712827634,
      0.044702661160055696,
      0.023769580515942253,
      0.6412973900399803,
      0.019273796876214822,
      0.021178696069385466,
      0.01027386142672615,
      0.003941506037650461,
      0.002547697001807943
    ],
    [
      0.04123243110179019,
      0.0020818809777551884,
      0.01719066740818591,
      0.06748266778418403,
      0.034316247395141115,
      0.05443554529666971,
      0.08478978361471542,
      0.06051448793011045,
      0.03914724014146926,
      0.08764325742282375,
      0.025557590135273592,
      0.0873747554332146,
      0.05736562784378929,
      0.06175375096575177,
      0.194207506371156,
      0.03411487478580213,
      0.010941733412181812,
      0.024794607609060357,
      0.015055344370925459
    ],
    [
      0.020135780408134542,
      0.055304039575590075,
      0.03006868276912459,
      0.026860504319417756,
      0.051886192474784966,
      0.009996224299222627,
      0.03804181617193473,
      0.02343651626525603,
      0.09006637345182017,
      0.05331247405738965,
      0.014610450659046953,
      0.051994014069516425,
      0.09140632113014216,
      0.008114182335473036,
      0.011690222534764398,
      0.25282193430864514,
      0.032443219839375044,
      0.07557944422351341,
      0.062231607106848254
    ],
    [
      0.01250495322769142,
      0.0784242540616074,
      0.014928538197522661,
      0.009052216439136687,
      0.007850424958545396,
      0.01459694392548295,
      0.04741917243910446,
      0.043450669372725494,
      0.05108335254852079,
      0.028482839694213922,
      0.021576031002485674,
      0.022234834661965436,
      0.018638903687036246,
      0.02059088675625136,
      0.02092982626947403,
      0.09505574991460759,
      0.3739299241676272,
      0.007183616714006066,
      0.11206686196199528
    ],
    [
      0.013068593287805031,
      0.01275953670549795,
      0.008445526963548963,
      0.016995064640275934,
      0.12595103660172255,
      0.035238039221809576,
      0.049443251768951535,
      0.015311586346229656,
      0.1291525000224884,
      0.040416125822542406,
      0.012551033286121446,
      0.029654753508028625,
      0.02798127477378958,
      0.007002965667313595,
      0.020078964403631605,
      0.050788148764363106,
      0.1012016844939257,
      0.22730095700720088,
      0.07665895671475335
    ],
    [
      0.0045216423930855,
      0.12570684489196657,
      0.006085352648552034,
      0.005036640376755984,
      0.07575756076663527,
      0.015617466626501066,
      0.04061759423122191,
      0.008222065666097709,
      0.027803078636686816,
      0.019137739665729445,
      0.0067765243490536375,
      0.02486628795515347,
      0.0008115823308858711,
      0.0006311857697200874,
      0.020517813349189982,
      0.06156083885551827,
      0.10796713263594328,
      0.08312123359698284,
      0.3652414152543202
    ]
  ]
}