{
  "poids_LS": 0.235,
  "poids_EM": 0.765,
  "mae_validation": 7.841047542507354,
  "matrice_de_transition": [
    [
      0.18570264128948522,
      0.0044900401651698715,
      0.016272191678123233,
      0.08585083805273712,
      0.01049886989965883,
      0.06391661590020498,
      0.06670727255979611,
      0.04265179674843464,
      0.0514216864672226,
      0.04702365318624306,
      0.02575671386422542,
      0.18235597924466507,
      0.03794349229302576,
      0.06168077070857457,
      0.011552958361886693,
      0.046086945671492345,
      0.034501977705621883,
      0.009715919475322967,
      0.01586963672810974
    ],
    [
      0.010958736600413077,
      0.4547616445477073,
      0.0037599570512013053,
      0.019927152647555877,
      0.06570899992705125,
      0.013060957318774699,
      0.03053451859282969,
      0.027397187974218994,
      0.05967375894437294,
      0.012568173001880456,
      0.004359043015050747,
      0.012835145231575114,
      0.015533312010533953,
      0.00027668690734745504,
      0.028584533130160506,
      0.07147488974861707,
      0.09115957049002507,
      0.015000731094376336,
      0.06242500176630811
    ],
    [
      0.03538711791167396,
      0.030191206494717345,
      0.2556770686511368,
      0.02332517759989713,
      0.01977481548340096,
      0.021601756425229553,
      0.05021104914190579,
      0.16788071516785572,
      0.0072965699830319294,
      0.04188026781723322,
      0.010539837630173155,
      0.11639305213676976,
      0.034224489409487996,
      0.05128707723539591,
      0.03132453297804465,
      0.028903309597405575,
      0.06507132394726113,
      0.0013299465300591802,
      0.0077006858593201034
    ],
    [
      0.03459146814551205,
      0.026475410349868285,
      0.03908127490493164,
      0.1364955531833582,
      0.018961504026483594,
      0.04869893802490244,
      0.055170612718501676,
      0.025758779014477026,
      0.05761805752606999,
      0.06875715693885029,
      0.05008149571798091,
      0.07452011093937214,
      0.06866218870766314,
      0.05815905116852899,
      0.09226715631183399,
      0.057652864576429645,
      0.031531218461638436,
      0.03351981542249756,
      0.021997343861100103
    ],
    [
      0.010925212934016893,
      0.08507358946634856,
      0.01601669958846456,
      0.04186957980830074,
      0.3065398291228376,
      0.025525466610493007,
      0.05018171060587607,
      0.0280502857123182,
      0.11035227557898064,
      0.0168000348793118,
      0.003979949978045289,
      0.015079990624467866,
      0.023682160099999718,
      0.005049109697524563,
      0.0006950080493950973,
      0.016655367073488435,
      0.042214744605974276,
      0.08731648775303423,
      0.11399249781112246
    ],
    [
      0.028567597304420742,
      0.011735249091606836,
      0.052005476508232285,
      0.022199736511740703,
      0.020144423614415385,
      0.23078133972162282,
      0.01998845509864526,
      0.01971349726384151,
      0.040453424366429666,
      0.053582504662229,
      0.02477492135687107,
      0.08557228230361108,
      0.0526387033863178,
      0.06916966961239505,
      0.061905489390406666,
      0.0648838332096074,
      0.058300039334517294,
      0.06852454907020622,
      0.01505880819288322
    ],
    [
      0.025901599712031577,
      0.012245991965736574,
      0.06541580641224876,
      0.011506799395060467,
      0.02759313217638798,
      0.05525488571179825,
      0.13773572167880904,
      0.05103026222155531,
      0.06640631839189272,
      0.02211686741975283,
      0.0747038095849186,
      0.05076302677999532,
      0.08789604109507684,
      0.017276455208280576,
      0.08346749965513009,
      0.09920480827243791,
      0.047541459601345724,
      0.04074930751787549,
      0.023190207199665858
    ],
    [
      0.01762213403110736,
      0.035323496366167065,
      0.0656745707740098,
      0.03491534799391686,
      0.03512188148095037,
      0.03181265808795072,
      0.02589560213033874,
      0.2824453673225717,
      0.008567815574292995,
      0.04952199926953982,
      0.09460339808519287,
      0.07785222680449197,
      0.009798011259142723,
      0.05197723761279015,
      0.006454692748222275,
      0.05292564706451206,
      0.02905660017424122,
      0.04576867581448911,
      0.04466263740607218
    ],
    [
      0.007847809509729407,
      0.01632214418401435,
      0.02623841827473887,
      0.03439335458297501,
      0.059998939265160534,
      0.010806266691539569,
      0.051252047296077935,
      0.035485223301676284,
      0.308336697409728,
      0.045441395959141415,
      0.0023812217786066472,
      0.022473249242375114,
      0.0847457707429476,
      0.022777018370739845,
      0.03328149688286825,
      0.05492676166604312,
      0.06532070217358707,
      0.04712639556822548,
      0.07084508709982551
    ],
    [
      0.015858222669849452,
      0.011003463861110348,
      0.012976208373250744,
      0.013589294376112202,
      0.015445936533899123,
      0.07025851458405974,
      0.05691766410415352,
      0.07782223218216314,
      0.03775126059915688,
      0.2943993488284034,
      0.053125908499349665,
      0.05893258219577172,
      0.06297604578381985,
      0.005477532292892594,
      0.08807986709244583,
      0.052600315916363785,
      0.045484645435947164,
      0.02254682892914538,
      0.004754127742105421
    ],
    [
      0.02010343787112065,
      0.009691949891649907,
      0.016835525124929786,
      0.047045536542781735,
      0.010924274543870207,
      0.017794524362488514,
      0.03842892478320199,
      0.10069756219864494,
      0.013717997788466217,
      0.018520789585208412,
      0.4722506720996815,
      0.12053406899315144,
      0.008864541536821195,
      0.04765710048811184,
      0.01478380400713519,
      0.022743632764396008,
      0.01063572404069486,
      0.0019073784123201426,
      0.006862554965325535
    ],
    [
      0.06689917778077849,
      0.0002170744444380127,
      0.044566433115059076,
      0.032837361537600425,
      0.007316649011888024,
      0.006294790204277363,
      0.054327591345752504,
      0.038674738471295926,
      0.019025745978327645,
      0.06589876563829469,
      0.0688103540712012,
      0.40081757166272736,
      0.06794189750542864,
      0.04694725523319066,
      0.029959777035879213,
      0.021878025678478512,
      0.017669689030894532,
      0.005767088679366084,
      0.004150013575121707
    ],
    [
      0.06152241961581308,
      0.030707621539812824,
      0.05536224799569272,
      0.0005045183034930521,
      0.0450156071240531,
      0.02410112988319171,
      0.07674836084038646,
      0.03707806999173874,
      0.1115982447355807,
      0.03158610896001528,
      0.06102153440375453,
      0.03742814860472532,
      0.23402919069303074,
      0.07852035923422006,
      0.04129398672461712,
      0.036459501087377645,
      0.010056888560842478,
      0.023145628756656697,
      0.0038204329449978945
    ],
    [
      0.02677365883119754,
      0.005719857866519439,
      0.016275632855901397,
      0.034578073486661684,
      0.008493776208595157,
      0.025316916328220404,
      0.030650265789502258,
      0.03512182638140697,
      0.01980531947749712,
      0.027548056015250486,
      0.011541389064139537,
      0.0441520975968825,
      0.02724154171490011,
      0.6328261810200735,
      0.019279990195491224,
      0.018908934523647787,
      0.008329418486531178,
      0.004517231638655584,
      0.002919832518925957
    ],
    [
      0.047255145757107854,
      0.0023859759520340365,
      0.019701663771179358,
      0.07733968667400867,
      0.039328732969712295,
      0.062386804722025964,
      0.07366077945883251,
      0.05818260113341879,
      0.03507136373088733,
      0.08442463243788158,
      0.029290721278628164,
      0.07975818503983764,
      0.06165430920776008,
      0.07077396178097395,
      0.17226251204221435,
      0.030382494504315634,
      0.010469698056501511,
      0.028416291866563557,
      0.01725443961611682
    ],
    [
      0.02307696181606431,
      0.06338215771584481,
      0.03446073755562594,
      0.030783948770568666,
      0.058106154911388784,
      0.011456346949670878,
      0.03494416067088528,
      0.020250738930741218,
      0.09294737788050961,
      0.05145006747202225,
      0.016744561429469545,
      0.04466470718556796,
      0.08916479826778743,
      0.009299399979980333,
      0.013228114821851145,
      0.21377221673877717,
      0.03592086700120798,
      0.08661913832357716,
      0.06972754357845949
    ],
    [
      0.014331519429489044,
      0.08457970297079559,
      0.01710911119266642,
      0.00977732253714153,
      0.008997116244625061,
      0.016729081802238886,
      0.044927488602506324,
      0.038507519463393244,
      0.055997982142435086,
      0.032643254481009215,
      0.024727586092736394,
      0.01809155761470241,
      0.016910159302495932,
      0.02197729423938853,
      0.023986991904341025,
      0.10067485595884389,
      0.3439160497917515,
      0.008232909043018188,
      0.1178824971864218
    ],
    [
      0.014977488936585542,
      0.014623289257986416,
      0.009679143261595443,
      0.019477489812451072,
      0.14434837902669326,
      0.04038516854634356,
      0.04100739425226365,
      0.0165329600623956,
      0.13850492377235965,
      0.036813779628764545,
      0.014384330282970646,
      0.02497506349926009,
      0.0320684272688375,
      0.008025870764786367,
      0.022839211018657046,
      0.052710325588509944,
      0.11115416853203282,
      0.17935547943615665,
      0.07813710705135012
    ],
    [
      0.005182107012300236,
      0.14305813741265747,
      0.0069742243837337915,
      0.005772329420551802,
      0.08682327188985167,
      0.017898669616888865,
      0.03394587390584562,
      0.0066332244979614464,
      0.025672496829631387,
      0.017369703877604226,
      0.0077663537483536075,
      0.02046468497858023,
      0.0009301280646107737,
      0.0007233814439488642,
      0.02018602984934315,
      0.06788139470441118,
      0.11277497772963146,
      0.09360436315587581,
      0.32633864747821834
    ]
  ]
}