{
  "poids_LS": 0.7775,
  "poids_EM": 0.22250000000000003,
  "mae_validation": 6.376663828328884,
  "matrice_de_transition": [
    [
      0.30015135179532226,
      0.0013059267147062699,
      0.004732761631872444,
      0.037978540278311906,
      0.003053592879312536,
      0.018590126846791646,
      0.12720901018828776,
      0.0732166163569977,
      0.07779433214119838,
      0.06228482230041176,
      0.007491331810183212,
      0.14289598924385902,
      0.01103585233359246,
      0.017939832003474307,
      0.003360174164078156,
      0.04029842763170953,
      0.06321976101941512,
      0.002825872004260602,
      0.004615678656214925
    ],
    [
      0.003187344958943673,
      0.6176878833868686,
      0.0010935822795977654,
      0.00579580583540024,
      0.01911144115525347,
      0.0037987751678789164,
      0.052283876962195046,
      0.01042626424665705,
      0.056618567436670625,
      0.014713267358239005,
      0.001267826236403649,
      0.03559478560412131,
      0.00784038488816443,
      8.047429658144936e-05,
      0.0295553742857076,
      0.048666999527927926,
      0.0569950349557696,
      0.008725411333579867,
      0.026556900084039815
    ],
    [
      0.010292331680192756,
      0.008781102542581189,
      0.4392860791637156,
      0.014848020131822601,
      0.030938650482167037,
      0.010355561276076406,
      0.07294215947643057,
      0.17434706038075032,
      0.018748654592057094,
      0.01658027334050815,
      0.00306550833034448,
      0.08099907130934994,
      0.009954181560275922,
      0.014916829653432146,
      0.009110730179888804,
      0.022977546949181173,
      0.059229682471961864,
      0.0003868145136446636,
      0.002239741965619246
    ],
    [
      0.010060917205720827,
      0.0077003644481643055,
      0.011366776034440904,
      0.24708638164660288,
      0.005514947249532811,
      0.014164070209857249,
      0.11427901032751821,
      0.07679284679697089,
      0.09779686276394293,
      0.09069392579512736,
      0.01456618666307288,
      0.11335408808064583,
      0.045492072157695726,
      0.016915541026140787,
      0.03646812644751125,
      0.05972694035188198,
      0.021873795160401388,
      0.00974922736144537,
      0.006397920273326501
    ],
    [
      0.0031775946115277895,
      0.024743625694460862,
      0.004658451841089367,
      0.012177753604375055,
      0.47930624941139754,
      0.007424073622006137,
      0.09098058239305136,
      0.03917516226371759,
      0.08922542218369767,
      0.040510284582994084,
      0.0011575671504772248,
      0.03840990993238596,
      0.006887948525816911,
      0.0014685319054891705,
      0.00020214286403975055,
      0.004844208070393696,
      0.030694830974221918,
      0.057416008692155185,
      0.06753965167670285
    ],
    [
      0.00830887634017466,
      0.003413193363245126,
      0.0151257758471656,
      0.0064567861096239305,
      0.005858999025107742,
      0.4770235541385586,
      0.05993763908381146,
      0.00857814884196025,
      0.039101807847606036,
      0.06494632377028765,
      0.007205777780266423,
      0.08756058772596458,
      0.015309949677719883,
      0.020117975802297912,
      0.03551206386245116,
      0.04375065964494391,
      0.05662302068541489,
      0.029151260417259385,
      0.016017600036140806
    ],
    [
      0.007533471811669316,
      0.0035617427612763242,
      0.01902616591728804,
      0.0033467488436613783,
      0.01735418030248353,
      0.016070865452124328,
      0.44077547512890347,
      0.034471677172257395,
      0.042367517225007124,
      0.06590531391302416,
      0.026153217748592947,
      0.08313354466623343,
      0.07310865736134106,
      0.005024851351428012,
      0.03476105976425288,
      0.07842859907979945,
      0.030380124540326528,
      0.011851922774806926,
      0.0067448641855237315
    ],
    [
      0.005125391924080246,
      0.010273827374473427,
      0.019101427447342723,
      0.011364752884707454,
      0.01021518775099537,
      0.009252701208586974,
      0.01296114010568982,
      0.6408672123250272,
      0.003223582515494961,
      0.03262153276024885,
      0.027515367416935183,
      0.04910331396746265,
      0.015282496391396243,
      0.018878937824943192,
      0.016728146822849708,
      0.03394546175594163,
      0.0437789608941387,
      0.01331180440356056,
      0.026448754226125012
    ],
    [
      0.002282532831261168,
      0.0047472903018865266,
      0.007631435380561306,
      0.010003295940799921,
      0.01745067187777545,
      0.003142999135774581,
      0.10356358616443605,
      0.04013856899699579,
      0.475292900075334,
      0.0760700210705997,
      0.0006925775761306915,
      0.06328454829494352,
      0.05657641352080643,
      0.0066246883496596295,
      0.009679912492076061,
      0.044356084086295135,
      0.03718138890347029,
      0.013706696750235519,
      0.0275743882509583
    ],
    [
      0.009697610250927774,
      0.0032003538681007228,
      0.0037741259647690074,
      0.0158161798324898,
      0.004492445593192883,
      0.020434666006474894,
      0.079552563769807,
      0.05145473411602904,
      0.019287683386872256,
      0.5232302027955825,
      0.015451653125627846,
      0.062264810255164726,
      0.021873613849003753,
      0.006296705450641576,
      0.025618000559567585,
      0.039050624119158106,
      0.09056355273063835,
      0.006557737825797187,
      0.0013827365001548447
    ],
    [
      0.021956743415409666,
      0.002818900458682489,
      0.004896606980780233,
      0.025644621081749794,
      0.028269406159902394,
      0.005175531595625745,
      0.038872020395954415,
      0.12252809173528222,
      0.003989875173769586,
      0.005386765598312251,
      0.5493891751478875,
      0.09629888319158507,
      0.002578249009075446,
      0.013861052102751487,
      0.004299864564166771,
      0.05119104420985343,
      0.020292436922314666,
      0.000554760387897035,
      0.0019959718689999107
    ],
    [
      0.019457603995063025,
      6.313603122543507e-05,
      0.012962132507321106,
      0.009550735872047184,
      0.0021280449740458634,
      0.0018308376737930893,
      0.06533649170180715,
      0.07577539112206508,
      0.05897579136616785,
      0.07386271587445234,
      0.02001346899456506,
      0.5137597094639835,
      0.046873621908320035,
      0.013654593842333234,
      0.008713791360108662,
      0.026232394535452428,
      0.04361274576914832,
      0.005989762915990246,
      0.001207030092110562
    ],
    [
      0.01789377563989335,
      0.008931301689684123,
      0.01610209173730932,
      0.00014673898369569162,
      0.013092774621048126,
      0.007009805750340074,
      0.08543479116664303,
      0.05763813613329181,
      0.08940050451421004,
      0.0556709273932912,
      0.0177480933396541,
      0.06113830957973129,
      0.49923620163143795,
      0.02283762082302479,
      0.012010342544087988,
      0.021355285566882393,
      0.00509310174763686,
      0.00814902546459286,
      0.0011111716735451394
    ],
    [
      0.0077871099214920966,
      0.001663618791242582,
      0.004733762497304656,
      0.010179184516608297,
      0.0078093178570604275,
      0.014781410545077128,
      0.06008981754496364,
      0.035221491562244606,
      0.023660795317771204,
      0.023521925516436035,
      0.003356809237609212,
      0.04721548973043595,
      0.007923193505314086,
      0.679960856848786,
      0.0192455299318251,
      0.0315381205601882,
      0.01914849843582114,
      0.0013138353458834872,
      0.0008492323339359811
    ],
    [
      0.01374414370059673,
      0.0006939603259183963,
      0.005730222469395304,
      0.022494222594728015,
      0.011438749131713707,
      0.018145181765556573,
      0.13558370001848877,
      0.07115745843808782,
      0.057749958117971414,
      0.10233339196948293,
      0.008519196711757866,
      0.12213756389529408,
      0.03779164623387134,
      0.020584583655250593,
      0.2943667112570948,
      0.05114984119874047,
      0.013096151189389341,
      0.00826486920302012,
      0.005018448123641821
    ],
    [
      0.006711926802711515,
      0.018434679858530027,
      0.010022894256374865,
      0.00895350143980592,
      0.02349764596925981,
      0.0033320747664075433,
      0.05217983358698092,
      0.03797673076637491,
      0.07691717375164793,
      0.06181268872906653,
      0.0048701502196823185,
      0.08544572241164014,
      0.10163686137370985,
      0.0027047274451576786,
      0.004671124403958217,
      0.43104885039676055,
      0.01657088151100933,
      0.025193148074504474,
      0.02801938423641751
    ],
    [
      0.004168317742563808,
      0.05033015391197921,
      0.004976179399174221,
      0.00574275783798638,
      0.0026168083195151326,
      0.004865647975160984,
      0.05879147302665487,
      0.06601171254865218,
      0.028652479017322208,
      0.00949427989807131,
      0.007192010334161893,
      0.041145176057165875,
      0.026529070365194585,
      0.014263180807574001,
      0.006976608756491344,
      0.06940957361014449,
      0.5109163251652139,
      0.0023945389046686892,
      0.085523706322305
    ],
    [
      0.004356197762601678,
      0.004253178901832651,
      0.002815175654516322,
      0.005665021546758646,
      0.04198367886724085,
      0.011746013073936527,
      0.08794537069127059,
      0.009737111436549203,
      0.08646707880512741,
      0.05685760332234901,
      0.004183677762040482,
      0.051013338676254245,
      0.009327091591263196,
      0.002334321889104532,
      0.007480915750438577,
      0.04201513659261605,
      0.05577752657641115,
      0.44612903412632576,
      0.06991252697336306
    ],
    [
      0.0015072141310285003,
      0.04651376620778748,
      0.002028450882850678,
      0.0016788801255853284,
      0.025252520255545096,
      0.00520582220883369,
      0.07106801007524702,
      0.015473699715540135,
      0.03752727252529878,
      0.02720723633973687,
      0.0022588414496845463,
      0.04495565538669287,
      0.00027052744362862375,
      0.00021039525657336248,
      0.02203210727156784,
      0.03271317369903268,
      0.08602363451603309,
      0.0352751550974201,
      0.5427976374119133
    ]
  ]
}