{
  "poids_LS": 0.8375,
  "poids_EM": 0.16249999999999998,
  "mae_validation": 6.220092874533943,
  "matrice_de_transition": [
    [
      0.3128092736945854,
      0.0009537667017517699,
      0.0034565113041765036,
      0.032683908266393905,
      0.0022301521028687053,
      0.013577058933050076,
      0.13390044660802874,
      0.07659705723536413,
      0.08071112244615423,
      0.06397269353884517,
      0.005471197389459647,
      0.13853175071842425,
      0.0080598921537473,
      0.013102124496919432,
      0.002454059782753709,
      0.039658222871549215,
      0.0663959213859176,
      0.00206383910423527,
      0.003371001265774944
    ],
    [
      0.0023278362059700975,
      0.6357073752400478,
      0.0007986836873466824,
      0.004232891902258601,
      0.013957794102151406,
      0.0027743863585632527,
      0.05468933595235527,
      0.008549295723793055,
      0.05628066607176345,
      0.014950512817006772,
      0.0009259405097330018,
      0.038111980852697847,
      0.006989554238685772,
      5.877336267184502e-05,
      0.029662748422726634,
      0.046144467890616686,
      0.053216468813732126,
      0.008031366751740626,
      0.02258992109613917
    ],
    [
      0.007516871451826168,
      0.006413164778289631,
      0.4595930665015123,
      0.013910454328901915,
      0.03217336034378172,
      0.009111742457736886,
      0.0754561993290969,
      0.17506223220153128,
      0.020015244594898587,
      0.013782117269349614,
      0.0022388543985661924,
      0.07708452965101781,
      0.0072699078811003905,
      0.010894313791832463,
      0.006653904063963731,
      0.02232216306181995,
      0.05858360230879513,
      0.000282504981875316,
      0.0016357666041039432
    ],
    [
      0.007347860880582624,
      0.005623861675625615,
      0.008301578002681557,
      0.2593176253476069,
      0.00402777046314194,
      0.010344545658884504,
      0.12081634462528963,
      0.08243716765770753,
      0.10224060159209479,
      0.09312011221241145,
      0.010638226214603787,
      0.1176490901607867,
      0.04292947862221546,
      0.012354046816844391,
      0.030296805172194442,
      0.059956331221056425,
      0.020805693044135543,
      0.007120222230269088,
      0.004672638401867668
    ],
    [
      0.002320715165722542,
      0.01807118730494332,
      0.003402240108660772,
      0.008893864991959308,
      0.49841405626358853,
      0.005422076240790998,
      0.09549290001006613,
      0.04040556335695992,
      0.08688881166993366,
      0.04313261634745664,
      0.000845414211022692,
      0.04099017750561193,
      0.005030524204248305,
      0.0010725233017617535,
      0.00014763242879307619,
      0.0035379047705122488,
      0.029420739143982026,
      0.05410904326606718,
      0.06240200970791911
    ],
    [
      0.006068280473161268,
      0.002492781669785766,
      0.011046914944559144,
      0.0047156303047815205,
      0.00427904423182026,
      0.504257716101722,
      0.06435598201304643,
      0.007346589569494119,
      0.038952320306353656,
      0.06620315169007294,
      0.0052626466934530035,
      0.08778049247313731,
      0.011181423921930249,
      0.01469290367583555,
      0.03259297532479709,
      0.041413350126271446,
      0.05643754396846347,
      0.02479661098098876,
      0.016123641530325975
    ],
    [
      0.005501973795039386,
      0.0026012728031793372,
      0.013895514433974406,
      0.0024442547734605563,
      0.016221761662051703,
      0.011737148925708776,
      0.47429139256117203,
      0.03264031292717376,
      0.039708847971526684,
      0.07074827573716477,
      0.020783567038584572,
      0.08671369410987269,
      0.07147318634931499,
      0.0036698352566609063,
      0.029374172403049868,
      0.07613076949167352,
      0.028482096699476475,
      0.008655898655757865,
      0.00492602440515778
    ],
    [
      0.0037432637647777066,
      0.0075033570712446365,
      0.013950480719969401,
      0.008760078771246505,
      0.007460530379940437,
      0.006757590770316327,
      0.011530600526926803,
      0.6805083380395845,
      0.002632515264752321,
      0.0307523567407881,
      0.020095493057312206,
      0.04592371070438107,
      0.015889075392198474,
      0.01521829637375274,
      0.017864381374882235,
      0.031846270754072085,
      0.04540724042076331,
      0.009722104339679058,
      0.02443431553341196
    ],
    [
      0.0016670183599098412,
      0.0034671221305912826,
      0.005573520221758256,
      0.007305777934292075,
      0.012744872719723641,
      0.0022954488070263787,
      0.10934919414987658,
      0.04065322474210025,
      0.49375810221346556,
      0.07945751877877942,
      0.0005058150836909544,
      0.06779824035605708,
      0.05346090857457883,
      0.004838255536268267,
      0.007069599011066784,
      0.043186976888534984,
      0.03406920679064631,
      0.010010508862531556,
      0.02278868883910202
    ],
    [
      0.009016252195378832,
      0.0023373370946803023,
      0.00275638413157287,
      0.01606247131153617,
      0.003280999590534127,
      0.014924194274391773,
      0.0820559628111696,
      0.048538513131756146,
      0.017245628764315426,
      0.5485386843403398,
      0.011284915204110221,
      0.06263335160735567,
      0.017327722759438835,
      0.006387305246890311,
      0.018709775689571825,
      0.037552040694582366,
      0.0955492383300512,
      0.004789359086256371,
      0.0010098637360681448
    ],
    [
      0.022161717300492323,
      0.0020587475260040646,
      0.0035761736376484837,
      0.023277699556105702,
      0.030187761730339137,
      0.003779882626018801,
      0.03892102636234178,
      0.12494252818173059,
      0.002913953778595764,
      0.003934154650452767,
      0.5579206224896246,
      0.0936184939785086,
      0.0018829908493247633,
      0.01012324029976232,
      0.0031403505243914613,
      0.05433730169690863,
      0.021360460466825614,
      0.0004051620810483962,
      0.001457732263876339
    ],
    [
      0.01421060965931569,
      4.6110584602845825e-05,
      0.00946672598849294,
      0.006975256535764795,
      0.0015541901495840572,
      0.0013371286381634918,
      0.06655406593473485,
      0.07987868911109024,
      0.06339422956574466,
      0.07474352143052508,
      0.014616578479176722,
      0.5262510058106662,
      0.04454349004504535,
      0.009972456176984943,
      0.006364004925922054,
      0.026713983717790556,
      0.04648202393374782,
      0.006014390481331167,
      0.0008815388313167024
    ],
    [
      0.013068487826888398,
      0.006522860784600762,
      0.011759954639607929,
      0.00010716892067662869,
      0.009562138768181213,
      0.0051195210536191535,
      0.08639550235480044,
      0.05991206049917786,
      0.0869454549044732,
      0.05833468611402218,
      0.012962090641320406,
      0.06376063153088403,
      0.528567852610801,
      0.01667916127524282,
      0.00877159848725527,
      0.01968477325125158,
      0.00454411150101504,
      0.006490414962244784,
      0.0008115298739374611
    ],
    [
      0.005687215111202092,
      0.0012150024879861551,
      0.0034572422733123876,
      0.007480689883975662,
      0.007733617394217877,
      0.01361619331560506,
      0.06334580483589025,
      0.035232514439387935,
      0.024087207392271565,
      0.02307663919398651,
      0.0024516022521865024,
      0.04755429807700408,
      0.005786601998263094,
      0.6851739085533441,
      0.01924171865842424,
      0.03293489689602677,
      0.020345078706710353,
      0.0009595426683418724,
      0.0006202258618633568
    ],
    [
      0.010037857758862777,
      0.0005068249571314129,
      0.004184993938322412,
      0.01642836481637439,
      0.00835414262428529,
      0.013252099042260415,
      0.1424323179605706,
      0.0725924656975904,
      0.0602581897552526,
      0.1043140842679089,
      0.006221885238924282,
      0.12682468413737222,
      0.03515245770219701,
      0.015033684692036945,
      0.30787132315182814,
      0.05344669060273216,
      0.013386634485192603,
      0.006036140429171996,
      0.0036651587419855984
    ],
    [
      0.0049019690132162735,
      0.013463530233757882,
      0.007320091310835573,
      0.006539074085251513,
      0.01966997677750361,
      0.0024335377507470816,
      0.05408608312608827,
      0.03993720912607633,
      0.07514424794937752,
      0.06295878508929262,
      0.0035568512840376473,
      0.08995606510945459,
      0.10301626005823583,
      0.0019753627408454952,
      0.003724729150366372,
      0.4550794458243716,
      0.014430790949881369,
      0.018399490166772926,
      0.023406500253887512
    ],
    [
      0.003044277002996038,
      0.04654218535247878,
      0.0036342883252395985,
      0.00529653870075263,
      0.0019111521434661074,
      0.0035535631279265604,
      0.060324816926099874,
      0.06905365095439511,
      0.025628091574913407,
      0.006934024644658819,
      0.005252591817084527,
      0.043694885009327736,
      0.02759291306337324,
      0.013410006971797277,
      0.0050952760581116545,
      0.06595166219830678,
      0.5293864017042144,
      0.0017488205483535365,
      0.08194485387650406
    ],
    [
      0.0031814927479675167,
      0.0031062542541474406,
      0.002056027163410796,
      0.004137375286958561,
      0.030662237374951176,
      0.008578548874223303,
      0.09313666762461699,
      0.008985496841985545,
      0.08071174111289896,
      0.059074431749289225,
      0.003055494994748666,
      0.0538931479124195,
      0.00681192082507986,
      0.001704841829121287,
      0.00578230244888446,
      0.04083225854698722,
      0.04965292101449907,
      0.4756339434008145,
      0.06900289599699583
    ],
    [
      0.0011007743653578934,
      0.03583604773351614,
      0.0014814528919695961,
      0.001226148406326363,
      0.01844285187202731,
      0.0038020049839796602,
      0.07517368412163242,
      0.01645144812670091,
      0.03883839979117904,
      0.028295258363198544,
      0.0016497156654999492,
      0.04766433414150717,
      0.00019757622287483752,
      0.00015365945704796133,
      0.022236281733012044,
      0.028823600868944723,
      0.08306496061222499,
      0.02882399844579366,
      0.5667378021972067
    ]
  ]
}