{
  "poids_LS": 0.135,
  "poids_EM": 0.865,
  "mae_validation": 8.117462785662312,
  "matrice_de_transition": [
    [
      0.16460610479071341,
      0.0050769735200940375,
      0.018399275557616467,
      0.09467522473926711,
      0.011871271193731879,
      0.07227172908977426,
      0.05555487852689443,
      0.03701772861782394,
      0.04656036929229619,
      0.04421053445552072,
      0.029123604565431355,
      0.18962971012038965,
      0.04290342592610102,
      0.06974361655283269,
      0.013063148997427436,
      0.04715395360509287,
      0.029208377094784427,
      0.010985974308698517,
      0.017944099045509705
    ],
    [
      0.012391251188702367,
      0.42472915812574213,
      0.00425145470495311,
      0.02253200920279194,
      0.07429841168222134,
      0.01476827200096747,
      0.026525420275895988,
      0.030525468845658984,
      0.06023692788588489,
      0.012172763903934179,
      0.004928852559501825,
      0.008639819817280885,
      0.01695136309299838,
      0.00031285513053012893,
      0.02840557623512878,
      0.07567910914413581,
      0.0974571807267542,
      0.016157472064108405,
      0.06903663341280918
    ],
    [
      0.040012884958951604,
      0.03413776943520327,
      0.22183208975480892,
      0.024887787271431608,
      0.017716965714043156,
      0.02367478778912875,
      0.04602098272079524,
      0.16668876213322076,
      0.005185586644962775,
      0.04654386126916411,
      0.011917594183136964,
      0.12291728823398998,
      0.03869827887478054,
      0.05799127033806205,
      0.0354192431712531,
      0.02999561607634095,
      0.0661481242192057,
      0.0015037957496747594,
      0.008707311461845607
    ],
    [
      0.039113228687409046,
      0.029936248304099432,
      0.04418993829119721,
      0.11611014701501819,
      0.021440132003801713,
      0.05506481227652368,
      0.044275055555549316,
      0.016351577579915948,
      0.050211826145816915,
      0.06471351291004346,
      0.05662809646542939,
      0.06736177413913735,
      0.07293317793346357,
      0.0657615415173563,
      0.10255269177069533,
      0.05727054646113889,
      0.03331138865541485,
      0.03790149064112469,
      0.02487281364686482
    ],
    [
      0.012353345343692304,
      0.09619432011554446,
      0.018110385809178883,
      0.04734272749566032,
      0.27469348436918606,
      0.02886212891251824,
      0.042661181244184776,
      0.025999617223580983,
      0.11424662643525399,
      0.012429481938540871,
      0.004500204877136176,
      0.01077954466909126,
      0.02677786730261406,
      0.005709124037070258,
      0.0007858587748062211,
      0.01883253923995751,
      0.04433823098970743,
      0.09282809679651424,
      0.12255523442576202
    ],
    [
      0.03230192374944306,
      0.013269268580705769,
      0.05880357801257637,
      0.025101662853144715,
      0.02277768160322785,
      0.18539106978301717,
      0.01262455021658698,
      0.021766096051285058,
      0.04070257026851697,
      0.05148779146258685,
      0.028013473168226763,
      0.08520577439165652,
      0.05951957964596718,
      0.07821145648983231,
      0.06677063695316345,
      0.06877934907406151,
      0.05860916719610299,
      0.07578229813065725,
      0.014882072369241267
    ],
    [
      0.02928742973974812,
      0.01384677522923155,
      0.07396689221777146,
      0.013010956178728501,
      0.029480496577107693,
      0.062477746589157494,
      0.0818758592916949,
      0.05408253596336138,
      0.0708374338143601,
      0.014045264379518488,
      0.08365322743493254,
      0.044796111040596595,
      0.09062182611512032,
      0.01953481536622575,
      0.09244564525713511,
      0.10303452425264777,
      0.050704839336095806,
      0.046076014382957255,
      0.026221606833609107
    ],
    [
      0.019925680963278257,
      0.03994094687154838,
      0.07425948198629867,
      0.03925647151635177,
      0.039712977099375255,
      0.03597117548506846,
      0.02827983476161043,
      0.21637682446497625,
      0.00955292765886406,
      0.05263729263530774,
      0.10696985535123114,
      0.0831515655762946,
      0.008787046257805669,
      0.05807830669810756,
      0.004560968494834729,
      0.05642429873429462,
      0.026342800963200207,
      0.0517515092542916,
      0.0480200352272606
    ],
    [
      0.008873666961981618,
      0.018455757802839753,
      0.02966827687274395,
      0.038889217927154746,
      0.06784193786191355,
      0.012218850572786571,
      0.041609367320343725,
      0.03462746372650219,
      0.2775613605128421,
      0.039795566445508544,
      0.0026924925993395423,
      0.01495042914051919,
      0.08993827898666028,
      0.02575440639305878,
      0.03763201935121704,
      0.05687527366231004,
      0.07050767236162704,
      0.05328670871439875,
      0.07882125278625264
    ],
    [
      0.016993819429097688,
      0.012441825150144381,
      0.014672444761910972,
      0.013178808577701585,
      0.01746501320499705,
      0.07944263413753161,
      0.05274533236854919,
      0.08268260048928464,
      0.04115468497008492,
      0.2522185462538082,
      0.06007047170187903,
      0.05831834660878684,
      0.0705525309330947,
      0.005326532632478035,
      0.09959357520910542,
      0.055097954957323364,
      0.037175169436925753,
      0.025494126828380072,
      0.005375582348916587
    ],
    [
      0.019761814729316225,
      0.010958871446113946,
      0.019036247363482698,
      0.05099040575218854,
      0.007727015259808975,
      0.020120605978500083,
      0.03834724817255638,
      0.09667350145456434,
      0.015511200113755917,
      0.020941807831640884,
      0.45803159319678644,
      0.12500138434827887,
      0.010023305136405664,
      0.05388678682642712,
      0.016716327406760705,
      0.01749987028597068,
      0.008855684799843281,
      0.00215670892373454,
      0.0077596209738648204
    ],
    [
      0.07564416834035738,
      0.00024545018880899473,
      0.05039211064643935,
      0.03712982709807107,
      0.008273073719324366,
      0.0071176385969933574,
      0.052298300957539665,
      0.03183590848958733,
      0.011661682312366318,
      0.06443075637817346,
      0.07780517159684841,
      0.3799987444182562,
      0.07182545061088644,
      0.05308415134210447,
      0.033876087759523554,
      0.0210753770412483,
      0.012887558756562039,
      0.005726042737131216,
      0.004692499009778139
    ],
    [
      0.06956456597082133,
      0.03472168971495175,
      0.06259914315852837,
      0.0005704684085248235,
      0.05090000021216461,
      0.027251604377726574,
      0.07514717552679079,
      0.033288196048595314,
      0.11568999408514212,
      0.02714651109213032,
      0.06899820556764402,
      0.033057612019470765,
      0.18514310572742576,
      0.08878445848052333,
      0.046691893486004984,
      0.03924368828009566,
      0.010971872305212179,
      0.02590997959390349,
      0.004319835944344024
    ],
    [
      0.030273483515014212,
      0.00646755170528015,
      0.018403166562555175,
      0.039075564541049414,
      0.008619943646666073,
      0.027258945044007186,
      0.025223620304624585,
      0.03510345491950141,
      0.019094632686663192,
      0.028290199885999692,
      0.013050067373177383,
      0.04358741701926896,
      0.030802527559985093,
      0.6241377615124768,
      0.019286342317825993,
      0.016580973963916834,
      0.006335118035049159,
      0.005107719434558275,
      0.0033015099723803305
    ],
    [
      0.0534322889933311,
      0.0026978682333456748,
      0.02227704465630084,
      0.08744944963793136,
      0.044469743815426316,
      0.07054194259418621,
      0.062246416222029505,
      0.055790922367581174,
      0.030890977668752012,
      0.08112347860717165,
      0.0331195737333508,
      0.07194631796970742,
      0.06605295676055063,
      0.08002546005299668,
      0.14975482555099212,
      0.026554412164329487,
      0.009985559230162741,
      0.03213083982297709,
      0.019509921918877186
    ],
    [
      0.026093558131889707,
      0.07166740709046504,
      0.03896540913152475,
      0.03480799436149268,
      0.06448560356431579,
      0.012953908642438313,
      0.031767078105706364,
      0.016983274997905515,
      0.09590225421762696,
      0.04953990687164542,
      0.018933392988877328,
      0.03714746935587724,
      0.08686580046024414,
      0.010515007820500638,
      0.014805440244504219,
      0.17372122435942539,
      0.039487684603087915,
      0.09794190150312974,
      0.0774156835493428
    ],
    [
      0.01620492066210199,
      0.09089298390329631,
      0.01934559631589079,
      0.010521021099197779,
      0.010173209871373434,
      0.018915889880962926,
      0.042371915436764655,
      0.03343762212048837,
      0.061038627879783085,
      0.03691034657003003,
      0.027959950287865333,
      0.013842042694432653,
      0.015137088138864843,
      0.023399250632349735,
      0.027122546401640503,
      0.1064380416452401,
      0.3131325888934174,
      0.009309106303543441,
      0.1238472512627567
    ],
    [
      0.016935330627642475,
      0.016534830337461764,
      0.010944390746771317,
      0.02202356691211788,
      0.16321744818050937,
      0.04566427554586559,
      0.03235523269668634,
      0.017785651053335027,
      0.14809715325940706,
      0.03311906558386419,
      0.01626463489512367,
      0.020175381438984674,
      0.03626037854580972,
      0.009075004198091775,
      0.025670233187913904,
      0.054681788997891306,
      0.12136184446855294,
      0.13018063064534208,
      0.07965315867862884
    ],
    [
      0.005859506621751248,
      0.16085433486977638,
      0.007885887701868927,
      0.00652688228598341,
      0.09817271919571463,
      0.020238364991645576,
      0.027103083828536607,
      0.0050036438126934875,
      0.02348728471983095,
      0.015556333838501434,
      0.008781563388661269,
      0.015950220387223064,
      0.0010517134325337505,
      0.0008179411098245327,
      0.019845739080269473,
      0.07436401608789109,
      0.11770610090264498,
      0.10435629090858653,
      0.2864383728360626
    ]
  ]
}