{
  "poids_LS": 0.04,
  "poids_EM": 0.96,
  "mae_validation": 8.38138598715883,
  "matrice_de_transition": [
    [
      0.14456439511688018,
      0.005634560207271995,
      0.020420005243135038,
      0.1030583920914706,
      0.013175052423101276,
      0.08020908661986507,
      0.04496010419563783,
      0.03166536389374376,
      0.041942117976116106,
      0.0415380716613345,
      0.032322150731576994,
      0.19653975445232802,
      0.047615362877522514,
      0.0774033201048779,
      0.014497830101191144,
      0.04816761114201336,
      0.024179456514488835,
      0.012192526400405291,
      0.01991483824703967
    ],
    [
      0.013752140047577193,
      0.39619829602487516,
      0.004718377476017325,
      0.0250066229302662,
      0.08245835284963293,
      0.016390220949050602,
      0.022716776874808962,
      0.03349733567352697,
      0.06077193838032123,
      0.011797125260885217,
      0.005470171626730349,
      0.004654260673701366,
      0.018298511621339587,
      0.00034721494255366905,
      0.028235567184848646,
      0.07967311756987859,
      0.10343991045164685,
      0.01725637598535387,
      0.07531768347698518
    ],
    [
      0.04440736365386536,
      0.0378870042286649,
      0.18967935980329742,
      0.026372266459389358,
      0.015762008433153243,
      0.025644167584832987,
      0.04204041962074021,
      0.16555640675031755,
      0.0031801524737970783,
      0.050974275048498455,
      0.013226462908452585,
      0.12911531252634922,
      0.04294837886680846,
      0.06436025378559487,
      0.039309217854801126,
      0.031033307231329556,
      0.06717108447755303,
      0.0016689525083095594,
      0.009663605784244834
    ],
    [
      0.0434089012022112,
      0.03322404436061902,
      0.04904316850814951,
      0.09674401115509516,
      0.023794828582253923,
      0.06111239281556385,
      0.033924276250744574,
      0.007414736217082919,
      0.04317590633457649,
      0.06087205108267697,
      0.06284736717550544,
      0.060561354178914305,
      0.076990617697974,
      0.07298390734874226,
      0.11232395045661359,
      0.056907344251612674,
      0.03500255033950245,
      0.04206408209882046,
      0.027604509943341304
    ],
    [
      0.013710071132883942,
      0.10675901423228056,
      0.020099387718857487,
      0.05254221779865191,
      0.24443945685321702,
      0.032031958099442204,
      0.03551667835057804,
      0.02405148215928063,
      0.11794625974871369,
      0.008277456644808489,
      0.004994447031272519,
      0.006694121011483483,
      0.029718789145097683,
      0.006336137659638667,
      0.0008721669639467887,
      0.020900852798103133,
      0.04635554305425393,
      0.09806412538782025,
      0.1306898342096696
    ],
    [
      0.03584953387221426,
      0.014726587095349755,
      0.06526177444170325,
      0.027858492877478526,
      0.025279276692599696,
      0.14227031334134174,
      0.0056288405786316074,
      0.02371606489935643,
      0.04093925887549991,
      0.049497813922926806,
      0.031090097389014672,
      0.08485759187529969,
      0.06605641209263409,
      0.0868011540233977,
      0.07139252713778238,
      0.0724800891452929,
      0.0589028386646094,
      0.08267715973808573,
      0.014714173336781414
    ],
    [
      0.03250396826607884,
      0.015367519329551778,
      0.08209042373301803,
      0.014439905123213134,
      0.03127349275779142,
      0.06933946442264878,
      0.028808990023936425,
      0.05698219601807714,
      0.07504699346570413,
      0.0063772414912958595,
      0.0921551743924458,
      0.039127541088167794,
      0.0932113218841616,
      0.021680257516273664,
      0.10097488357903986,
      0.10667275443384713,
      0.05371005008410838,
      0.05113638590478493,
      0.029101436485855194
    ],
    [
      0.022114050548840608,
      0.044327524851660624,
      0.08241514763797309,
      0.04338053886266493,
      0.044074517936878894,
      0.03992176701233031,
      0.03054485576131854,
      0.15361170875026053,
      0.010488784139206573,
      0.055596821332787254,
      0.11871798975396751,
      0.0881859374095071,
      0.007826629506535466,
      0.0638743223291591,
      0.0027619304541165604,
      0.05974801782058806,
      0.02376469171271125,
      0.05743520102210398,
      0.051209563157389594
    ],
    [
      0.009848231541621217,
      0.020482690740723886,
      0.032926642540848775,
      0.0431602881041255,
      0.0752927865288289,
      0.013560805259971224,
      0.03244882134339622,
      0.03381259213008679,
      0.24832479046080047,
      0.034432028407557325,
      0.0029881998790357925,
      0.007803750043756058,
      0.0948711618181873,
      0.028582925014261767,
      0.04176501569614839,
      0.058726360058763596,
      0.07543529404026499,
      0.05913900620326335,
      0.08639861018835843
    ],
    [
      0.018072636350383513,
      0.013808268374726712,
      0.016283869331138186,
      0.0127888470692115,
      0.019383136042540074,
      0.08816754771332987,
      0.04878161721972508,
      0.08729995038105005,
      0.04438793812246656,
      0.21214678380794266,
      0.06666780674428192,
      0.05773482280115119,
      0.07775019182490582,
      0.005183082955084204,
      0.11053159791993203,
      0.057470712046234954,
      0.029281167237855402,
      0.028294059832653026,
      0.005965964225387194
    ],
    [
      0.019437272744602017,
      0.012162446922854783,
      0.021126933490107965,
      0.05473803150112501,
      0.004689618939950803,
      0.022330383513711072,
      0.03826965539244305,
      0.09285064374768776,
      0.017214742322781133,
      0.02324177516575173,
      0.44452346823903605,
      0.12924533393564994,
      0.01112413055601091,
      0.059804988847826625,
      0.018552224636404942,
      0.012518295931466614,
      0.007164647521034283,
      0.002393572909578218,
      0.00861183368197714
    ],
    [
      0.08395190937195732,
      0.0002724071459614277,
      0.0559265043012506,
      0.041207669380518175,
      0.009181677191388892,
      0.007899344570073553,
      0.05037047508873746,
      0.025339020006964162,
      0.004665821829703055,
      0.06303614758105829,
      0.08635024824621326,
      0.36022085853600855,
      0.07551482606107136,
      0.058914202645572594,
      0.03759658294698568,
      0.020312860835879593,
      0.008344534995946168,
      0.005687049092008091,
      0.0052078601727017495
    ],
    [
      0.07720460500807916,
      0.038535054481333736,
      0.06947419356322224,
      0.0006331210083050065,
      0.056490173645870556,
      0.030244555147534696,
      0.07362604947887487,
      0.029687815802609065,
      0.11957715596722546,
      0.0229288931176396,
      0.07657604317333902,
      0.028905602263478932,
      0.13870132501010096,
      0.09853535276451143,
      0.05181990490932345,
      0.04188866611317778,
      0.011841106862363391,
      0.028536112889287937,
      0.004794268793722848
    ],
    [
      0.03359831696464005,
      0.007177860852102824,
      0.02042432358387626,
      0.04334818104271774,
      0.008739802712833445,
      0.029103872324004625,
      0.02006830709399079,
      0.035086002030691135,
      0.018419480235370954,
      0.02899523656321144,
      0.014483311766763339,
      0.0430509704705361,
      0.034185464112815825,
      0.6158837629802598,
      0.01929237683404402,
      0.01436941143217243,
      0.004440532606141239,
      0.005668682840665831,
      0.003664103553161985
    ],
    [
      0.05930057506774319,
      0.002994165900591732,
      0.02472365649716625,
      0.09705372445365792,
      0.04935370411885464,
      0.07828932357273846,
      0.05140277114706665,
      0.05351882754003544,
      0.02691961090972346,
      0.0779873824679972,
      0.036756983565337305,
      0.06452504425308371,
      0.07023167193570165,
      0.08881438341141827,
      0.12837252338433103,
      0.022917733941342652,
      0.009525627345140909,
      0.03565966038156995,
      0.021652630106499537
    ],
    [
      0.028959324631923838,
      0.07953839399635426,
      0.043244847128628625,
      0.03863083767287048,
      0.07054607978459644,
      0.014376592250567375,
      0.02874884966878639,
      0.013879184261711596,
      0.09870938673788844,
      0.04772525430128744,
      0.021012782970314718,
      0.03000609341767105,
      0.084681752543078,
      0.011669835268994927,
      0.01630389939602464,
      0.1356727815990412,
      0.042876161324873846,
      0.10869852652370468,
      0.08471941652168195
    ],
    [
      0.01798465183308429,
      0.09689060078917199,
      0.02147025718295394,
      0.011227534733151214,
      0.01129049881678439,
      0.02099335755575076,
      0.03994412092931007,
      0.028621219644728736,
      0.06582724133026367,
      0.040964084054599795,
      0.031030696273237825,
      0.009805003520176376,
      0.01345267053341531,
      0.02475010920566288,
      0.030101323174075007,
      0.11191306804731647,
      0.28388830103999996,
      0.010331493701042431,
      0.12951376763527486
    ],
    [
      0.01879528023414656,
      0.018350794362963344,
      0.012146375857688397,
      0.024442340156801346,
      0.18114306387663467,
      0.050679427195411526,
      0.024135679218887884,
      0.018975707494727483,
      0.1572097712721021,
      0.029609087241208844,
      0.018050924276669045,
      0.015615683481723023,
      0.04024273225893333,
      0.010071680959731912,
      0.028359704248707922,
      0.056554679236803594,
      0.13105913660824706,
      0.0834645242940682,
      0.08109340772454361
    ],
    [
      0.006503036250729709,
      0.17776072245403932,
      0.008751967854097306,
      0.007243707508143438,
      0.10895469413628443,
      0.022461075597664457,
      0.020602433255093047,
      0.0034555421616889242,
      0.02141133321552053,
      0.01383363230135378,
      0.009746012546953547,
      0.011661479025433755,
      0.0011672195320605787,
      0.0009077727924064178,
      0.01952246284964948,
      0.08052250640219699,
      0.12239066791700783,
      0.11457062227366172,
      0.24853311192601463
    ]
  ]
}