{
  "poids_LS": 0.38,
  "poids_EM": 0.62,
  "mae_validation": 7.443181128350462,
  "matrice_de_transition": [
    [
      0.21629261921270437,
      0.0036389868005298302,
      0.013187920052858047,
      0.07305547735726863,
      0.008508888023252907,
      0.05180170177532953,
      0.08287824390750355,
      0.05082119553782016,
      0.0584705963708659,
      0.05110267534579046,
      0.02087472234747681,
      0.17180906947486435,
      0.030751588525066625,
      0.049989644234400304,
      0.009363181940352613,
      0.044539784167771594,
      0.042177698591336216,
      0.007874339966928417,
      0.012861666367879788
    ],
    [
      0.008881590447393605,
      0.4983087498595569,
      0.003047285453261189,
      0.016150110642463588,
      0.0532543528820546,
      0.01058535102959518,
      0.03634771115238357,
      0.02286118071063101,
      0.058857163979180616,
      0.013141516193902556,
      0.0035328191755966843,
      0.018918367082301747,
      0.013477137940960532,
      0.00022424298373257794,
      0.028844020627956504,
      0.06537877162511489,
      0.08202803564676786,
      0.013323456688264838,
      0.05283813587888156
    ],
    [
      0.02867975569312138,
      0.02446869023101275,
      0.3047522880508123,
      0.02105939357617214,
      0.02275869764896977,
      0.018595860947575718,
      0.056286645452516104,
      0.1696090470680764,
      0.010357495823232204,
      0.03511805731193343,
      0.008542090628375628,
      0.1069329097958004,
      0.0277374946848138,
      0.04156599723653002,
      0.025387203197892394,
      0.027319465202949283,
      0.06350996355294151,
      0.0010778651616165905,
      0.006241078735658123
    ],
    [
      0.0280349153597614,
      0.021457195316233118,
      0.03167371299484656,
      0.16605439212745127,
      0.015367493459372324,
      0.03946842036005165,
      0.0709691706047826,
      0.0393992210945906,
      0.06835709302743695,
      0.07462044078062019,
      0.0405889246341806,
      0.08489969929971257,
      0.062469254330252494,
      0.04713544016272938,
      0.07735312989648505,
      0.05820722584360123,
      0.028949971680662635,
      0.027166386355488216,
      0.017827912671741258
    ],
    [
      0.008854420939987546,
      0.06894853002501453,
      0.012980854568428794,
      0.03393351566162936,
      0.35271702901563246,
      0.020687306272556424,
      0.06108647818032846,
      0.031023755020987163,
      0.10470546683738427,
      0.023137336643429644,
      0.003225580374363502,
      0.02131563725976395,
      0.01919338465620892,
      0.004092088905183306,
      0.0005632744975489677,
      0.013498467432108275,
      0.03913568934956121,
      0.07932465463998822,
      0.1015765297198951
    ],
    [
      0.02315282395913838,
      0.009510920832413384,
      0.04214822932693336,
      0.01799194331670488,
      0.016326199530637305,
      0.29659723113260106,
      0.030666117177629775,
      0.016737229022048362,
      0.04009216280840307,
      0.056619838801710114,
      0.02007902123040531,
      0.08610371877594519,
      0.042661432809826184,
      0.056059078640111025,
      0.05485102542440934,
      0.05923533520614896,
      0.057851803935218035,
      0.05800081293255222,
      0.015315075137164048
    ],
    [
      0.020992146171842585,
      0.009924856233668858,
      0.05301673199424082,
      0.009325772058741817,
      0.024856453795344395,
      0.04478173743962734,
      0.21873252214012462,
      0.046604465295936516,
      0.05998120102931499,
      0.033820691828092636,
      0.061727153702398375,
      0.059415054602123485,
      0.08394365281601383,
      0.014001832979260076,
      0.07044918853222282,
      0.09365172010113362,
      0.0429545589859581,
      0.03302558256350693,
      0.018794677730448146
    ],
    [
      0.01428199097945956,
      0.028628193133364156,
      0.05322644951619095,
      0.028620718886386228,
      0.028464792834234285,
      0.02578280786212999,
      0.022438464814994792,
      0.37824475446608513,
      0.007139403051664948,
      0.04500482388917633,
      0.07667203504943736,
      0.07016818558537814,
      0.01126391051108145,
      0.0431306874390799,
      0.009200592915634217,
      0.04785260214332733,
      0.03299160903025068,
      0.03709356732677549,
      0.03979441056534898
    ],
    [
      0.006360316203963703,
      0.01322840443671751,
      0.021265123307631504,
      0.027874352733914386,
      0.04862659129986867,
      0.008758020063731416,
      0.06523393326089255,
      0.036728974685678734,
      0.35296093591021255,
      0.053627848753909066,
      0.0019298790885439493,
      0.03338133839006621,
      0.07721663378956425,
      0.01845980573837739,
      0.0269732393037625,
      0.052101419271456104,
      0.05779959540092913,
      0.03819394150627425,
      0.059279646854506166
    ],
    [
      0.01421160736893951,
      0.008917839992011001,
      0.010516665609693414,
      0.014184498783807595,
      0.012518275360807133,
      0.05694154123152554,
      0.06296754512077979,
      0.07077469813683697,
      0.03281629526131122,
      0.35556151256156654,
      0.04305629185568208,
      0.059823223796899805,
      0.051990142317371306,
      0.005696481800493704,
      0.07138499032328943,
      0.048978739306972406,
      0.05753338563452822,
      0.018273246975255078,
      0.00385301856222923
    ],
    [
      0.02059879142673707,
      0.007854913637677048,
      0.013644477879028062,
      0.04132547618914186,
      0.015560300505758995,
      0.014421706019271735,
      0.038547355868638125,
      0.10653245027756181,
      0.011117854416796148,
      0.015010313127881328,
      0.49286833650887946,
      0.11405646172821665,
      0.007184334317423714,
      0.0386240552975547,
      0.011981645077678193,
      0.030347088358112742,
      0.013216780939929645,
      0.0015458491707692659,
      0.005561809252943571
    ],
    [
      0.0542189414693891,
      0.00017592961510008872,
      0.036119200694557686,
      0.02661328647491799,
      0.005929833186105326,
      0.00510166003483917,
      0.057270062408661115,
      0.0485910419447734,
      0.029703638293971574,
      0.06802737906547046,
      0.05576786865901274,
      0.4310048711672106,
      0.062310745502514815,
      0.038048755875265634,
      0.024281126486594917,
      0.023041866202462326,
      0.024603777928676653,
      0.005826605295606644,
      0.0033634096948698803
    ],
    [
      0.04986130740105113,
      0.02488722268586137,
      0.04486875000958102,
      0.00040889065119698335,
      0.0364832371462914,
      0.019532941866116156,
      0.0790700795451002,
      0.0425733872092967,
      0.10566520817871666,
      0.038023525868448475,
      0.04945536121611479,
      0.04376542665334443,
      0.30491401389315803,
      0.06363741532708031,
      0.033467021920604724,
      0.03242242965793651,
      0.008730162131506415,
      0.01913732004264885,
      0.003096298595946006
    ],
    [
      0.021698913039663367,
      0.004635701800316408,
      0.01319070898125342,
      0.02805671145779949,
      0.008310833423392325,
      0.022500974690329578,
      0.038518901742574885,
      0.035148465001170026,
      0.020835815324206322,
      0.026471947402664134,
      0.009353805516034656,
      0.04497088443442213,
      0.022078112239526885,
      0.6454243893060889,
      0.019270779618105808,
      0.022284477335257666,
      0.01122115414118011,
      0.0036610243345966825,
      0.0023664002114171154
    ],
    [
      0.03829828806458414,
      0.00193373214413216,
      0.015967361487753205,
      0.06268053037632075,
      0.03187426724342696,
      0.050561854807393586,
      0.09021160615219687,
      0.06165053534388332,
      0.041132923520983536,
      0.08921130549241096,
      0.02373888521928034,
      0.09108539229152646,
      0.055276270256213775,
      0.05735928928654097,
      0.20489865745448654,
      0.03593321389729555,
      0.011171699354692727,
      0.023030197329763927,
      0.013983990277114285
    ],
    [
      0.018702897158117477,
      0.051368546122645464,
      0.027928963770572652,
      0.024949082663728854,
      0.048855954364644634,
      0.009284882495158096,
      0.039550930390394715,
      0.024988561633352988,
      0.08866280719168944,
      0.05421980034256864,
      0.013570755668328258,
      0.05556470203861952,
      0.09249834508872523,
      0.00753676861122589,
      0.010940992959004187,
      0.27184615568883724,
      0.03074898147848207,
      0.07020113171322594,
      0.05857974062067868
    ],
    [
      0.01161508764220027,
      0.07542544561866955,
      0.013866207763991086,
      0.008698959622159969,
      0.007291780485839918,
      0.013558210088089032,
      0.048633069692831744,
      0.04585887061060531,
      0.048689045823280486,
      0.026455970951929038,
      0.020040658009799428,
      0.02425335424909357,
      0.01948111248976101,
      0.019915457469594784,
      0.019440437883256778,
      0.0923182367135694,
      0.38855206809433596,
      0.0066724230152565706,
      0.10923360377573621
    ],
    [
      0.012138618484552988,
      0.01185155469274716,
      0.007844534408090423,
      0.015785678017934204,
      0.1169882287536599,
      0.03273046339703661,
      0.05355302850785076,
      0.014716558125533429,
      0.12459619101614088,
      0.04217111499387008,
      0.011657888595348758,
      0.031934602486659455,
      0.025990097917227777,
      0.006504627286493527,
      0.018734228873234594,
      0.049851703644906965,
      0.09635303842407864,
      0.2506590101828378,
      0.07593883219179597
    ],
    [
      0.00419987757859627,
      0.11725365109983509,
      0.005652312572437844,
      0.004678227765675971,
      0.07036657329635036,
      0.014506111323491628,
      0.04386791951794369,
      0.00899611649159999,
      0.028841054388842026,
      0.019999090434303275,
      0.006294299769907499,
      0.027010658636048127,
      0.000753829281122457,
      0.0005862699284291448,
      0.020679451464499978,
      0.05848159369836531,
      0.10562484912876186,
      0.07801406791444525,
      0.3841940457093442
    ]
  ]
}