{
  "poids_LS": 0.1025,
  "poids_EM": 0.8975,
  "mae_validation": 8.207617677602617,
  "matrice_de_transition": [
    [
      0.15774973042861257,
      0.0052677268604443914,
      0.019090577818451766,
      0.09754315041238935,
      0.01231730161430562,
      0.07498714087638426,
      0.051930350466201376,
      0.03518665647537546,
      0.044980441210445116,
      0.04329627086803596,
      0.030217844043323287,
      0.19199367265500014,
      0.044515404356850474,
      0.07236404145221657,
      0.013553960953978178,
      0.047500731183513036,
      0.02748795689626225,
      0.011398742129545572,
      0.01861829929866469
    ],
    [
      0.012856818429896387,
      0.4149686000386034,
      0.004411191442422446,
      0.02337858758324366,
      0.07708997050265162,
      0.01532314927268012,
      0.02522246332289253,
      0.031542160128876985,
      0.06041995779187627,
      0.012044255947101639,
      0.005114040661448426,
      0.007276339057635259,
      0.01741222969479932,
      0.0003246098030644979,
      0.02834741524424347,
      0.0770454804476794,
      0.09950390405369117,
      0.016533412879271327,
      0.07118541369792203
    ],
    [
      0.04151625924931684,
      0.035420402390861194,
      0.21083247161350238,
      0.02539563541468031,
      0.01704816453900187,
      0.024348522982395992,
      0.044659211133934305,
      0.1663013773969644,
      0.0044995170600903,
      0.04805952914104165,
      0.012365365062850202,
      0.12503766496558658,
      0.04015226045100062,
      0.06017013309642854,
      0.036750023984045845,
      0.030350615681994948,
      0.06649808430758768,
      0.0015602967460498225,
      0.009034464782666396
    ],
    [
      0.04058280086352557,
      0.031061020639224553,
      0.04585025389173352,
      0.10948489001030769,
      0.0222456860964301,
      0.05713372140830057,
      0.0407339994775898,
      0.013294237113683594,
      0.04780480094723466,
      0.06339932860068125,
      0.05875574170835015,
      0.06503531467906104,
      0.07432124943184872,
      0.06823235088072518,
      0.10589549079482524,
      0.0571462930736694,
      0.033889943968392185,
      0.03932553508717851,
      0.025807341327238355
    ],
    [
      0.012817488376836812,
      0.09980855757653312,
      0.018790833830911034,
      0.04912150049405218,
      0.26434342232424923,
      0.029946544160676436,
      0.0402170092016351,
      0.025333149964741387,
      0.11551229046354283,
      0.011009052232790318,
      0.004669287719340715,
      0.009381899733593862,
      0.027783972143463717,
      0.005923628697422608,
      0.0008153852605648363,
      0.01954012019405996,
      0.045028364064420706,
      0.09461936973564523,
      0.12533812382551987
    ],
    [
      0.03351557984407531,
      0.013767824914662921,
      0.0610129610014882,
      0.026044788914101016,
      0.023633490449591902,
      0.17063923205297027,
      0.010231281129918035,
      0.022433190657204213,
      0.04078354268669534,
      0.05080700967270314,
      0.029066002506917363,
      0.08508665932027129,
      0.061755864430353226,
      0.08115003722499943,
      0.0683518099110594,
      0.0700453917300091,
      0.058709633751118345,
      0.07814106657530383,
      0.014824633226557634
    ],
    [
      0.030387824498756,
      0.014367029789867418,
      0.07674599510456634,
      0.013499807133420612,
      0.0300938900073416,
      0.06482517637429924,
      0.06372140401588278,
      0.05507452492944835,
      0.07227754632666201,
      0.011421993391442325,
      0.08656178823618708,
      0.042856863425292005,
      0.09150770624663443,
      0.020268782417557932,
      0.09536354257778673,
      0.10427918194621597,
      0.05173293774988958,
      0.047807194114108824,
      0.027206811714640664
    ],
    [
      0.020674333716233798,
      0.0414416182857973,
      0.07704957813029255,
      0.04066733666114311,
      0.04120508317536334,
      0.03732269363913172,
      0.02905471036677373,
      0.19490454803625767,
      0.009873089086349656,
      0.05364976297918231,
      0.11098895396269359,
      0.08487385067713045,
      0.008458482632371124,
      0.06006115415083572,
      0.003945508112483776,
      0.057561360526973956,
      0.025460816219611878,
      0.05369593012222742,
      0.049111189519146836
    ],
    [
      0.009207070633963586,
      0.01914918222895801,
      0.030782980917095602,
      0.04035037351401316,
      0.07039091240585826,
      0.012677940334191846,
      0.0384754963282301,
      0.0343486918645706,
      0.26755937602135416,
      0.03796067185357786,
      0.002793655616077733,
      0.012505512607416011,
      0.09162584416586687,
      0.026722057500312434,
      0.039045939153430395,
      0.05750854006109677,
      0.07219343767274003,
      0.05528881048690506,
      0.08141350663434146
    ],
    [
      0.017362888375853362,
      0.01290929256908044,
      0.015223721588225545,
      0.013045400693218134,
      0.01812121312310387,
      0.08242747299240996,
      0.05138932455447778,
      0.08426222018909911,
      0.04226079789063654,
      0.2385097854170647,
      0.06232745474270107,
      0.05811872004301675,
      0.07301488860660904,
      0.0052774577428433035,
      0.10333553034701978,
      0.055909687645635225,
      0.03447458973724379,
      0.026451998645631344,
      0.005577555096130215
    ],
    [
      0.019650787208229784,
      0.011370620951314758,
      0.019751482091012396,
      0.05227248824524575,
      0.006687905992489074,
      0.02087658250370384,
      0.03832070327409655,
      0.09536568171273813,
      0.01609399086947507,
      0.021728638761731436,
      0.4534103925533455,
      0.12645326183869526,
      0.010399903306270617,
      0.055911434886379584,
      0.017344397511638996,
      0.015795647480482445,
      0.008277172046566519,
      0.0022377413399442196,
      0.008051167426640088
    ],
    [
      0.07848629027222051,
      0.0002546723057295639,
      0.052285455844137935,
      0.038524878405224026,
      0.008583911749241177,
      0.007385064324626056,
      0.05163878158137049,
      0.029613288745532037,
      0.009268361620928886,
      0.06395365336863405,
      0.08072848729268375,
      0.37323262556380304,
      0.07308760537016024,
      0.05507864257750146,
      0.035148888744707965,
      0.020814516234148477,
      0.011333366417403977,
      0.005712702805904884,
      0.00486880677604148
    ],
    [
      0.07217826353619901,
      0.036026261871871905,
      0.06495113408644995,
      0.0005919021926601493,
      0.05281242796580086,
      0.028275508588450404,
      0.07462679029987218,
      0.0320564870170737,
      0.11701981262374958,
      0.025703641785067705,
      0.0715906236959081,
      0.03163718762926303,
      0.1692551281136041,
      0.09212029073557189,
      0.04844621318345604,
      0.04014854911772902,
      0.01126924202213233,
      0.026808393616008695,
      0.004482141919131517
    ],
    [
      0.03141092653725463,
      0.0067105522028773805,
      0.01909461501721765,
      0.04053724913372542,
      0.008660948064039121,
      0.027890104376637886,
      0.023459960522039337,
      0.035097484194382106,
      0.01886365947964216,
      0.028531396643993186,
      0.013540387823614684,
      0.04340389583154455,
      0.03195984795963771,
      0.6213140251725078,
      0.01928840675758479,
      0.015824386782004277,
      0.005686970388317502,
      0.005299627968226649,
      0.0034255551447530015
    ],
    [
      0.05543986054510366,
      0.0027992332247719575,
      0.023114043443965324,
      0.09073512260120624,
      0.046140572340283376,
      0.0731923624026383,
      0.05853674817006853,
      0.055013626768683946,
      0.02953235219855803,
      0.08005060361219092,
      0.03436395078113565,
      0.0694074611719151,
      0.06748251721520757,
      0.08303219699140406,
      0.14243982744134492,
      0.025310285403833992,
      0.009828214111602639,
      0.03333806790881149,
      0.020242953667274306
    ],
    [
      0.02707395193453296,
      0.07436011313721662,
      0.04042942739369186,
      0.03611580917854298,
      0.06655892437651706,
      0.013440616192587728,
      0.030734526272023215,
      0.01592134921973391,
      0.09686258902719011,
      0.048919104676522954,
      0.019644763245684854,
      0.03470436706122775,
      0.08611862617279256,
      0.010910080368669736,
      0.015318071006866468,
      0.16070465183613605,
      0.040646900323698894,
      0.10162179953648431,
      0.07991432903987988
    ],
    [
      0.016813776062701197,
      0.09294480020635904,
      0.02007245398093871,
      0.01076272313186606,
      0.010555440300066657,
      0.019626602506548237,
      0.04154135415789861,
      0.031789905484044284,
      0.06267683774442118,
      0.03829715149896179,
      0.029010468651282238,
      0.012460950345344977,
      0.01456084001068474,
      0.023861386460062126,
      0.028141601613262835,
      0.10831107699331885,
      0.30312796410145876,
      0.009658870413214149,
      0.12578579633756554
    ],
    [
      0.017571629177235978,
      0.01715608118829125,
      0.011355596179453475,
      0.02285104196950959,
      0.1693498956554996,
      0.047379985320710256,
      0.029543280191123705,
      0.01819277562539034,
      0.15121462784269746,
      0.03191828351927157,
      0.016875733894073403,
      0.01861548476939516,
      0.037622762710825694,
      0.009415972563916032,
      0.026590315392922382,
      0.055322514605940246,
      0.124679339147922,
      0.11419880478832731,
      0.08014587545749441
    ],
    [
      0.006079661494822826,
      0.16663809904333998,
      0.008182178280262848,
      0.006772111967248683,
      0.10186128957012008,
      0.02099876598844151,
      0.024879177053411177,
      0.0044740300899813994,
      0.022777090784145804,
      0.014966988575793025,
      0.009111506521761258,
      0.014483019395031986,
      0.0010912286771087181,
      0.000848673001234125,
      0.019735144580320527,
      0.07647086803752205,
      0.11930871593387438,
      0.10785066742821751,
      0.273470783577362
    ]
  ]
}