{
  "poids_LS": 0.48,
  "poids_EM": 0.52,
  "mae_validation": 7.171080466037691,
  "matrice_de_transition": [
    [
      0.23738915571147617,
      0.0030520534456056642,
      0.011060836173364813,
      0.06423109067073864,
      0.007136486729179858,
      0.04344658858576025,
      0.09403063794040523,
      0.056455263668430865,
      0.0633319135457923,
      0.0539157940765128,
      0.017507831646270875,
      0.16453533859913974,
      0.025791654891991363,
      0.04192679839014219,
      0.00785299130481187,
      0.043472776234171076,
      0.047471299202173675,
      0.006604285133552866,
      0.010787204050479823
    ],
    [
      0.007449075859104314,
      0.5283412362815222,
      0.002555787799509384,
      0.013545254087227525,
      0.0446649411268845,
      0.00887803634740241,
      0.04035680946931727,
      0.01973289983919102,
      0.05829399503766867,
      0.013536925291848832,
      0.0029630096311456062,
      0.023113692496595978,
      0.012059086858496104,
      0.0001880747605499041,
      0.029022977522988224,
      0.06117455222959617,
      0.07573042541003873,
      0.01216671571853277,
      0.0462265042323805
    ],
    [
      0.02405398864584374,
      0.020522127290526822,
      0.33859726694714015,
      0.019496783904637667,
      0.024816547418327575,
      0.01652282958367652,
      0.06047671187362665,
      0.17080100010271132,
      0.012468479161301359,
      0.030454463860002542,
      0.007164334075411817,
      0.10040867369858016,
      0.023263705219521254,
      0.03486180413386389,
      0.021292493004683943,
      0.026227158724013912,
      0.06243316328099695,
      0.0009040159420010115,
      0.0052344531331326195
    ],
    [
      0.0235131548178644,
      0.01799635736200197,
      0.026565049608580985,
      0.1864397982957913,
      0.012888865482054208,
      0.03310254610843042,
      0.08186472776773496,
      0.048806422529151676,
      0.07576332440769003,
      0.07866408480942703,
      0.034042323886732125,
      0.09205803609994735,
      0.05819826510445204,
      0.03953294981390206,
      0.06706759443762371,
      0.05858954395889199,
      0.02716980148688622,
      0.022784711136861088,
      0.01495244288597654
    ],
    [
      0.007426288530312137,
      0.05782779937581863,
      0.010887168347714473,
      0.02846036797426979,
      0.38456337376928407,
      0.017350643970531196,
      0.06860700754201975,
      0.03307442350972438,
      0.10081111598111091,
      0.02750788958420057,
      0.002705325475272615,
      0.025616083215140556,
      0.01609767745359458,
      0.0034320745656376116,
      0.0004724237721378439,
      0.011321295265639198,
      0.03701220296582805,
      0.07381304559650821,
      0.09301379310525554
    ],
    [
      0.019418497514116062,
      0.007976901343314451,
      0.03535012782258927,
      0.015090016975300869,
      0.013692941541824835,
      0.3419875010712067,
      0.03803002205968806,
      0.014684630234604812,
      0.03984301690631577,
      0.05871455200135227,
      0.016840469419049615,
      0.08647022668789975,
      0.035780556550176805,
      0.04701729176267377,
      0.04998587786165257,
      0.05533981934169486,
      0.05754267607363234,
      0.050743063872101195,
      0.015491810960805999
    ],
    [
      0.017606316144126038,
      0.00832407297017388,
      0.04446564618871811,
      0.007821615275073782,
      0.02296908939462468,
      0.03755887656226809,
      0.2745923845272388,
      0.04355219155413045,
      0.055550085606847606,
      0.041892294868326976,
      0.05277773585238443,
      0.06538197034152221,
      0.08121786779597037,
      0.011743472821314903,
      0.0614710429302178,
      0.08982200412092377,
      0.03979117925120802,
      0.027698875698425173,
      0.015763278096504896
    ],
    [
      0.011978444047288664,
      0.02401074262798284,
      0.04464153830390209,
      0.024279595363951318,
      0.0238736972158094,
      0.021624290465012252,
      0.0200542321837231,
      0.44431329732368063,
      0.006154290967093882,
      0.041889530523408415,
      0.06430557778339907,
      0.0648688468135755,
      0.012274875512418505,
      0.03702961835376249,
      0.011094317169021761,
      0.04435395047354477,
      0.03570540824129169,
      0.03111073388697299,
      0.03643701274416056
    ],
    [
      0.005334458751711493,
      0.011094790817892107,
      0.017835264709626424,
      0.023378489389734646,
      0.040783592703115656,
      0.007345436182484413,
      0.07487661323662675,
      0.037586734260852836,
      0.3837362728070985,
      0.05927367826754193,
      0.0016186082678110543,
      0.04090415849192213,
      0.0720241255458516,
      0.015482417716058457,
      0.02262271683541371,
      0.05015290727518919,
      0.052612625212889175,
      0.032033628360100985,
      0.051303481168079035
    ],
    [
      0.013076010609691274,
      0.007479478702976969,
      0.008820429221033186,
      0.014594984582218213,
      0.01049919868970921,
      0.047757421678053684,
      0.06713987685638413,
      0.06591432982971548,
      0.029412870890383178,
      0.39774231513616176,
      0.036111728653152715,
      0.0604374593838847,
      0.04441365716809645,
      0.005847481460908263,
      0.05987128220662985,
      0.046481100266012834,
      0.06584286163354963,
      0.01532594907602039,
      0.003231563955418064
    ],
    [
      0.020940414568541496,
      0.0065879920832130085,
      0.01144375564047515,
      0.037380606979735054,
      0.018757559789820227,
      0.012095624403260166,
      0.03862903247928373,
      0.11055651102164243,
      0.009324652091506447,
      0.012589294881448856,
      0.5070874154117746,
      0.1095891463730892,
      0.006025570717839244,
      0.032394368959239424,
      0.010049121678052678,
      0.03559085083653807,
      0.014996820180781223,
      0.0012965186593548682,
      0.004664743244404286
    ],
    [
      0.04547395090981021,
      0.00014755387072910666,
      0.030293523163177415,
      0.02232082091444735,
      0.004973408478668984,
      0.0042788116421231745,
      0.059299352796873955,
      0.055429871926481994,
      0.0370677019599329,
      0.06949538832559168,
      0.04677305113336552,
      0.4518236984116818,
      0.058427192397057015,
      0.03191185976635182,
      0.020364815762950576,
      0.023844514839692542,
      0.029385908203009146,
      0.005867651237841512,
      0.0028209242602134483
    ],
    [
      0.041819161046042885,
      0.02087315451072244,
      0.037631854846745375,
      0.00034294054616521187,
      0.030598844058179885,
      0.016382467371581295,
      0.08067126485869588,
      0.046363261152440126,
      0.10157345882915524,
      0.042463123736333444,
      0.041478690052225306,
      0.048135963238598985,
      0.35380009885876307,
      0.053373316080777035,
      0.028069115159216868,
      0.029638242465218498,
      0.007815178387136716,
      0.01637296920540206,
      0.002596895596599876
    ],
    [
      0.018199088355846695,
      0.0038880079615556972,
      0.011063175274599643,
      0.023559220403411768,
      0.008184665985321408,
      0.0205589459745428,
      0.043945547227452565,
      0.03516683646307558,
      0.021546502115040257,
      0.025729803531914928,
      0.007845127206996809,
      0.045535565012035664,
      0.018517126394441905,
      0.6541128088136856,
      0.01926442749577104,
      0.02461243789498862,
      0.01321545459266213,
      0.003070536538693992,
      0.001984722757962742
    ],
    [
      0.0321211448283609,
      0.0016218398628205213,
      0.01339198060263172,
      0.05257076741239805,
      0.026733256397712932,
      0.04240671693523333,
      0.10162596938899986,
      0.06404221410972094,
      0.04531330958311885,
      0.0925124593231209,
      0.019910032764557706,
      0.09889725936165668,
      0.050877622703423234,
      0.04810779101451824,
      0.22740634394570874,
      0.039761296237281696,
      0.011655838181031497,
      0.01931564937335039,
      0.011728507974353916
    ],
    [
      0.01568630084229208,
      0.04308329674802523,
      0.02342429219467384,
      0.020925037072804846,
      0.04247650571171764,
      0.007787320802390662,
      0.04272801295557364,
      0.02825602556618869,
      0.08570793085457207,
      0.056129960942945464,
      0.011381924108920475,
      0.06308193986831023,
      0.09479734289626852,
      0.0063211607707055854,
      0.009363667536351112,
      0.311897148068189,
      0.02718216387660214,
      0.05887836853367337,
      0.050891600649795365
    ],
    [
      0.009741686409587324,
      0.06911216468616883,
      0.011629722640766718,
      0.00795526106010372,
      0.006115686859091545,
      0.011371402009364996,
      0.05118864285857341,
      0.05092876795351018,
      0.0436484000859325,
      0.022188878862908226,
      0.01680829381467049,
      0.028502869169363333,
      0.021254183653392097,
      0.01849350107663358,
      0.016304883385957297,
      0.08655505102717319,
      0.41933552899267,
      0.005596225754731318,
      0.10326884969940131
    ],
    [
      0.010180776793496056,
      0.009940013613271813,
      0.006579286922914549,
      0.013239600918267395,
      0.09811915959984378,
      0.027451356397514576,
      0.062205190063428076,
      0.013463867134594,
      0.11500396152909345,
      0.045865829038770435,
      0.009777583983195733,
      0.03673428454693487,
      0.021798146640255558,
      0.00545549385318812,
      0.015903206703977737,
      0.047880240235525603,
      0.08614536248755852,
      0.2998338589736524,
      0.07442278056451725
    ],
    [
      0.003522477969145259,
      0.09945745364271619,
      0.004740649254302709,
      0.003923674900244363,
      0.05901712599048741,
      0.012166415948734913,
      0.0507107095952527,
      0.01062569717686795,
      0.031026266498642464,
      0.021812460473406063,
      0.005279090129599838,
      0.03152512322740529,
      0.0006322439131994801,
      0.0004917102625534764,
      0.021019742233573654,
      0.0519989723148854,
      0.10069372595574833,
      0.06726214016173453,
      0.42409432035149996
    ]
  ]
}