{
  "poids_LS": 0.2325,
  "poids_EM": 0.7675,
  "mae_validation": 7.847942554540787,
  "matrice_de_transition": [
    [
      0.18517522787701596,
      0.004504713499042975,
      0.016325368775110562,
      0.08607144771990036,
      0.010533179932010655,
      0.06412549372994421,
      0.06642846270897357,
      0.04251094504516937,
      0.05130015353784945,
      0.046953325217975,
      0.025840886131755565,
      0.18253782251655815,
      0.03806749063385263,
      0.06188234185468102,
      0.011590713127775211,
      0.04611362086983236,
      0.03436963769035095,
      0.009747670846157354,
      0.015921498286044736
    ],
    [
      0.010994549465120308,
      0.4540108323871582,
      0.0037722444925451003,
      0.01999227406143678,
      0.0659237352209305,
      0.013103640185829518,
      0.03043429113490635,
      0.027475394996004994,
      0.059687838167910734,
      0.012558287774431798,
      0.004373288253662024,
      0.012730262096217759,
      0.015568763287595563,
      0.0002775911129270219,
      0.02858005920778471,
      0.07157999523350503,
      0.0913170107459433,
      0.015029649618619637,
      0.06259029255747063
    ],
    [
      0.0355027620878559,
      0.03028987056822949,
      0.2548309441787286,
      0.023364242841685492,
      0.01972336923916701,
      0.021653582209327036,
      0.05010629748137803,
      0.16785091634198984,
      0.007243795399580201,
      0.04199685765353149,
      0.010574281543997248,
      0.11655615803920025,
      0.034336334146120306,
      0.05145468206296257,
      0.03142690073287486,
      0.02893061725937896,
      0.06509824395405975,
      0.0013342927605495697,
      0.00772585149938324
    ],
    [
      0.034704512159059474,
      0.02656193129872406,
      0.03920899148958828,
      0.13598591802914972,
      0.019023469725916547,
      0.04885808488119297,
      0.054898223789427866,
      0.025523598978613,
      0.057432901741563666,
      0.06865606583813012,
      0.05024516073666712,
      0.07434115251936627,
      0.06876896343830814,
      0.05834911342724967,
      0.0925242946983055,
      0.05764330662354738,
      0.031575722716482846,
      0.033629357302963236,
      0.022069230605744217
    ],
    [
      0.010960916244258778,
      0.08535160773257845,
      0.016069041743982417,
      0.04200640850048473,
      0.3057436705039963,
      0.025608883168043637,
      0.04999369737183379,
      0.027999019000099767,
      0.11044963435038746,
      0.016690771055792523,
      0.003992956350522561,
      0.014972479475583453,
      0.023759552780065075,
      0.005065610056013205,
      0.0006972793175303753,
      0.01670979637765016,
      0.0422678317655676,
      0.08745427797912123,
      0.11420656622648843
    ],
    [
      0.028660955465546298,
      0.01177359957883431,
      0.05217542904584088,
      0.0222722846702758,
      0.020210255064135693,
      0.22964658297315765,
      0.019804357476593808,
      0.0197648122335276,
      0.04045965301398184,
      0.053530136832237944,
      0.02485588515215496,
      0.08556311960581221,
      0.05281072529280903,
      0.06939571428433099,
      0.062027118079475585,
      0.06498122110621876,
      0.05830776753105693,
      0.06870599279671749,
      0.01505438979729217
    ],
    [
      0.02598624546272449,
      0.012286011547323948,
      0.06562958355738681,
      0.011544403314652167,
      0.02764031628640597,
      0.05543545723373223,
      0.1363392251191312,
      0.051106569065100464,
      0.06651709627745439,
      0.021915077343746977,
      0.07492754503116894,
      0.05061385388651035,
      0.08796418572057793,
      0.017332914212229204,
      0.0836919532951802,
      0.09930055117194315,
      0.04762054409471447,
      0.04088247518950253,
      0.02326599219051444
    ],
    [
      0.01767972270441163,
      0.035438932628801594,
      0.06588919355431702,
      0.035023876081977726,
      0.03523665887141099,
      0.031916621022878656,
      0.025955207946120534,
      0.28079365375113186,
      0.00859244337640727,
      0.04959988160368401,
      0.09491255951684383,
      0.07798471027378703,
      0.009772737134109297,
      0.05212976433992308,
      0.006407349641887586,
      0.05301311335625662,
      0.02898875519396519,
      0.04591824665048417,
      0.04474657235160189
    ],
    [
      0.007873455946035713,
      0.016375484524484982,
      0.026324164739688995,
      0.0345057511665795,
      0.06019501423007935,
      0.010841581288570743,
      0.05101098029668458,
      0.03546377931229693,
      0.30756731398730586,
      0.04530025022130059,
      0.0023890035491249692,
      0.02228517873982872,
      0.08487558344904042,
      0.02285145307129782,
      0.033390259944576964,
      0.05497547446594979,
      0.06545037642828808,
      0.04728040339687981,
      0.07104449124198618
    ],
    [
      0.015886612588830656,
      0.011039422893336199,
      0.013018614282967248,
      0.013579032231151937,
      0.015496413450676571,
      0.07048811757289654,
      0.05681335581076341,
      0.07794374138984117,
      0.03783634620843008,
      0.29334482876403856,
      0.053299522579412895,
      0.0589172263060971,
      0.06316545791255171,
      0.00547375730138223,
      0.08836770979536232,
      0.05266275689238777,
      0.04527690853597163,
      0.022620511376626247,
      0.0047696641072756995
    ],
    [
      0.02009489729257554,
      0.009723622930511506,
      0.01689054318089361,
      0.047144158273016906,
      0.010844343061768678,
      0.0178526764028888,
      0.03842688286793585,
      0.10059696068004292,
      0.013762827846598458,
      0.01858131504136922,
      0.47189519512710915,
      0.12064575187702961,
      0.008893510626810807,
      0.04781284264656972,
      0.014832117092125825,
      0.022612538702435375,
      0.010591223059673568,
      0.0019136116751055023,
      0.0068849816155390165
    ],
    [
      0.06711780254476796,
      0.00021778383804728723,
      0.04471207505334358,
      0.03294467317661219,
      0.007340559629573932,
      0.006315361414095263,
      0.05427685908604718,
      0.038503767721753214,
      0.018841644386678614,
      0.06586206540679165,
      0.06903522450934238,
      0.40029710098161553,
      0.06803898633306509,
      0.0471006776359135,
      0.03005768480397032,
      0.021857959462547757,
      0.017550135774036222,
      0.005766062530810212,
      0.004163575710988117
    ],
    [
      0.06172347327468829,
      0.030807973244191295,
      0.055543170374763605,
      0.0005061670561188463,
      0.045162716951255885,
      0.02417989174555508,
      0.07670833120754657,
      0.03698332314316015,
      0.11170053846931974,
      0.031475119013318155,
      0.06122095118285177,
      0.03731888519009396,
      0.23280703856889062,
      0.07877696171537764,
      0.04142893439365182,
      0.0365291057671956,
      0.01007976315445172,
      0.02321473752758787,
      0.0038329180199815475
    ],
    [
      0.026861154448292957,
      0.005738550212488456,
      0.01632882119856774,
      0.034690510763021376,
      0.008496930394546928,
      0.025365467046115076,
      0.030514599652380316,
      0.03512136709485933,
      0.01978755230772627,
      0.027566609612019215,
      0.011579106021865482,
      0.04413798058244216,
      0.027330566361027233,
      0.6326089705323836,
      0.019280148998549594,
      0.018850735509654513,
      0.008279560975244129,
      0.004531993833553152,
      0.0029293744552623163
    ],
    [
      0.04740957433801343,
      0.002393773259066827,
      0.019766048293307394,
      0.07759243074810673,
      0.03945725824085514,
      0.06259068316882996,
      0.07337542037791243,
      0.05812280916427284,
      0.03496685407933394,
      0.08434210359211383,
      0.029386442589996228,
      0.0795628883630844,
      0.06176427539657984,
      0.0710052492377745,
      0.17169981987993377,
      0.03028679244581598,
      0.010457594585843041,
      0.02850915556547389,
      0.017310826673685827
    ],
    [
      0.023152376723959943,
      0.06358928895021031,
      0.034573354345023406,
      0.030884549910341765,
      0.05826564112771196,
      0.011493785991990062,
      0.03486473360675581,
      0.020169052332420327,
      0.09302124978893754,
      0.05140231345701282,
      0.016799282218454736,
      0.0444767762398257,
      0.08910732332259885,
      0.009329790175993339,
      0.013267547957417471,
      0.21277094192929336,
      0.03601003744125497,
      0.08690220740306598,
      0.06991974707773158
    ],
    [
      0.014378354460304367,
      0.0847375349941081,
      0.01716502332074703,
      0.009795915001192935,
      0.009026518585293769,
      0.016783752004206988,
      0.04486359927336278,
      0.03838077202982062,
      0.05612399828586879,
      0.03274993178323473,
      0.024808395197614616,
      0.01798531974169567,
      0.016865832523405157,
      0.02201284314921256,
      0.02406538076677351,
      0.1008189356010038,
      0.3431464632692931,
      0.00825981397453132,
      0.11803161603833018
    ],
    [
      0.015026434978861965,
      0.0146710777849733,
      0.009710774448724839,
      0.01954114173994274,
      0.14482010575553866,
      0.04051714622133161,
      0.04079109021337422,
      0.016564277337169083,
      0.1387447295095358,
      0.03672141177764204,
      0.01443133789827447,
      0.02485507144775321,
      0.032173226050761804,
      0.008052099100619003,
      0.022909986572888466,
      0.052759612173744475,
      0.11140936043044582,
      0.1781261082163863,
      0.07817500834203207
    ],
    [
      0.005199042002536512,
      0.14350304234908545,
      0.00699701596668717,
      0.005791193242187592,
      0.08710700807249823,
      0.01795716200125778,
      0.0337748041539129,
      0.006592484980829748,
      0.025617866526886378,
      0.017324369626626656,
      0.007791733989361299,
      0.020351823363796304,
      0.000933167698808848,
      0.0007257454355957558,
      0.020177522580116306,
      0.06804346023899817,
      0.1128982558089568,
      0.09387316134969356,
      0.32534114061216446
    ]
  ]
}