{
  "poids_LS": 0.2,
  "poids_EM": 0.8,
  "mae_validation": 7.937657397448478,
  "matrice_de_transition": [
    [
      0.1783188535149151,
      0.00469546683939333,
      0.017016671035945865,
      0.08893937339302262,
      0.010979210352584397,
      0.06684090551655424,
      0.06280393464828052,
      0.04067987290272089,
      0.049720225455998364,
      0.04603906163049024,
      0.0269351256096475,
      0.18490178505116867,
      0.039679469064602096,
      0.06450276675406491,
      0.012081525084325953,
      0.04646039844825253,
      0.03264921749182878,
      0.01016043866700441,
      0.01659569853919973
    ],
    [
      0.01146011670631433,
      0.44425027430001957,
      0.003931981230014437,
      0.020838852441888503,
      0.06871529404136077,
      0.01365851745754217,
      0.029131334181902897,
      0.028492086279222995,
      0.05987086807390213,
      0.012429779817599261,
      0.004558476355608625,
      0.011366781336572134,
      0.016029629889396504,
      0.0002893457854613909,
      0.028521898216899405,
      0.07294636653704861,
      0.09336373407288028,
      0.015405590433782562,
      0.06473907284258348
    ],
    [
      0.03700613637822114,
      0.03157250352388742,
      0.24383132603742208,
      0.0238720909849342,
      0.019054568064125726,
      0.022327317402594273,
      0.048744525894517096,
      0.1674635316057335,
      0.006557725814707726,
      0.04351252552540903,
      0.011022052423710488,
      0.11867653477079683,
      0.03579031572234039,
      0.053633544821329066,
      0.032757681545667605,
      0.02928561686503296,
      0.06544820404244174,
      0.001390793756924633,
      0.00805300482020403
    ],
    [
      0.036174084335176,
      0.02768670363384919,
      0.040869307090124596,
      0.12936066102443922,
      0.019829023818544938,
      0.05092699401296988,
      0.05135716771146835,
      0.02246625851238065,
      0.055025876542981425,
      0.06734188152876791,
      0.05237280597958788,
      0.07201469305928997,
      0.07015703493669329,
      0.060819922790618555,
      0.09586709372243546,
      0.05751905323607789,
      0.032154278029460186,
      0.035053401749017055,
      0.023003758286117754
    ],
    [
      0.011425059277403287,
      0.08896584519356714,
      0.016749489765714574,
      0.0437851814988766,
      0.2953936084590596,
      0.02669329841620184,
      0.04754952532928412,
      0.027332551741260175,
      0.11171529837867632,
      0.015270341350041974,
      0.0041620391927271,
      0.013574834540086057,
      0.024765657620914736,
      0.005280114716365556,
      0.0007268058032889906,
      0.017417377331752613,
      0.04295796484028089,
      0.08924555091825224,
      0.11698945562624631
    ],
    [
      0.029874611560178555,
      0.012272155912791464,
      0.05438481203475272,
      0.02321541073123211,
      0.021066063910499748,
      0.21489474524311084,
      0.017411088389924865,
      0.020431906839446755,
      0.04054062543216022,
      0.052849355042354246,
      0.025908414490845563,
      0.08544400453442699,
      0.055047010077195084,
      0.0723342950194981,
      0.06360829103737153,
      0.06624726376216634,
      0.05840823408607229,
      0.07106476124136409,
      0.014996950654608536
    ],
    [
      0.027086640221732367,
      0.012806266107959817,
      0.0684086864441817,
      0.01203325426934428,
      0.02825370971663988,
      0.05778288701887399,
      0.1181847698433191,
      0.052098558031187445,
      0.06795720878975631,
      0.019291806355670814,
      0.0778361058324235,
      0.048674606271205775,
      0.08885006585209207,
      0.018066881263561388,
      0.08660985061583185,
      0.10054520886551137,
      0.048648642508508255,
      0.04261365492065411,
      0.024251197071545997
    ],
    [
      0.018428375457367176,
      0.03693960404305052,
      0.06867928969831091,
      0.036434741226769075,
      0.03672876494739908,
      0.03326813917694193,
      0.026730083551283836,
      0.25932137732241334,
      0.008912604803892867,
      0.05061235194755859,
      0.09893165812830627,
      0.07970699537462289,
      0.009444173508674754,
      0.05411261179265125,
      0.005791889259536634,
      0.054150175148935956,
      0.028106770450376864,
      0.047862667518419985,
      0.04583772664348813
    ],
    [
      0.00820685961801768,
      0.01706890895060324,
      0.02743886878404065,
      0.035966906753437916,
      0.06274398877402408,
      0.011300671049976022,
      0.04787710930457097,
      0.03518500745036535,
      0.29756532949581793,
      0.043465355629369914,
      0.0024901665658631604,
      0.019840262206725544,
      0.08656314862824704,
      0.023819104178551473,
      0.03480417974679033,
      0.05560874086473654,
      0.06713614173940106,
      0.04928250516938613,
      0.07363674509007502
    ],
    [
      0.016255681535586337,
      0.01150689031227226,
      0.013569891109281824,
      0.013445624346668487,
      0.0161526133687834,
      0.07347295642777489,
      0.05545734799669201,
      0.07952336108965566,
      0.0389424591289817,
      0.27963606792729506,
      0.055556505620234946,
      0.058717599740327024,
      0.06562781558606605,
      0.005424682411747499,
      0.0921096649332767,
      0.05347448958069964,
      0.04257632883628967,
      0.023578383193877523,
      0.004971636854489329
    ],
    [
      0.019983869771489103,
      0.01013537243571232,
      0.01760577790842331,
      0.04842624076607412,
      0.009805233794448776,
      0.01860865292809256,
      0.03840033796947603,
      0.09928914093821672,
      0.014345618602317612,
      0.019368145971459777,
      0.46727399448366824,
      0.12209762936744605,
      0.00927010879667576,
      0.04983749070652219,
      0.01546018719700412,
      0.020908315896947145,
      0.010012710306396808,
      0.001994644091315182,
      0.007176528068314285
    ],
    [
      0.0699599244766311,
      0.0002270059549678564,
      0.046605420251042175,
      0.03433972448376515,
      0.007651397659490744,
      0.0065827871417279615,
      0.05361733970987801,
      0.03628114797769792,
      0.01644832369524118,
      0.06538496239725226,
      0.07195854020517772,
      0.39353098212716253,
      0.06930114109233887,
      0.0490951688713105,
      0.03133048578915473,
      0.021597098655447938,
      0.015995943434878163,
      0.005752722599583881,
      0.004339883477251459
    ],
    [
      0.06433717084006597,
      0.03211254540111145,
      0.0578951613026852,
      0.0005276008402541722,
      0.04707514470489213,
      0.025203795956278915,
      0.07618794598062797,
      0.03575161411163855,
      0.1130303570079272,
      0.030032249706255544,
      0.06381336931111585,
      0.03589846079988623,
      0.21691906095506902,
      0.0821127939704262,
      0.04318325409110288,
      0.03743396660482895,
      0.010377132871371875,
      0.024113151549693075,
      0.00399522399476904
    ],
    [
      0.027998597470533376,
      0.005981550710085688,
      0.01702026965323022,
      0.036152195355697386,
      0.008537934811919978,
      0.02599662637874578,
      0.028750939869795072,
      0.03511539636974002,
      0.019556579100705247,
      0.027807806370012712,
      0.012069426472302783,
      0.04395445939471776,
      0.028487886760679856,
      0.6297852341924147,
      0.019282213438308392,
      0.018094148327741956,
      0.0076314133285124725,
      0.004723902367221526,
      0.0030534196276349877
    ],
    [
      0.04941714588978599,
      0.00249513825049311,
      0.020603047080971878,
      0.08087810371138161,
      0.0411280867657122,
      0.06524110297728206,
      0.06966575232595146,
      0.05734551356537562,
      0.033608228609139965,
      0.0832692285971331,
      0.03063081963778109,
      0.07702403156529207,
      0.06319383585123678,
      0.0740119861761819,
      0.16438482177028657,
      0.029042665685320487,
      0.010300249467282942,
      0.029716383651308294,
      0.018043858422082948
    ],
    [
      0.0241327705266032,
      0.0662819949969619,
      0.036037372607190525,
      0.03219236472739207,
      0.06033896193991324,
      0.011980493542139481,
      0.033832181773072664,
      0.019107126554248722,
      0.09398158459850069,
      0.05078151126189036,
      0.01751065247526227,
      0.04203367394517621,
      0.08836014903514729,
      0.009724862724162439,
      0.01378017871977972,
      0.19975436940600405,
      0.03716925316186596,
      0.09058210543642058,
      0.07241839256826865
    ],
    [
      0.014987209860903575,
      0.08678935129717084,
      0.01789188098579495,
      0.010037617033861216,
      0.009408749013986993,
      0.0174944646297923,
      0.044033037994496746,
      0.03673305539337654,
      0.05776220815050689,
      0.0341367367121665,
      0.025858913561031524,
      0.016604227392607997,
      0.016289584395225053,
      0.022474978976924954,
      0.025084435978395842,
      0.10269197094908257,
      0.33314183847733453,
      0.008609578084202027,
      0.11997016111313903
    ],
    [
      0.01566273352845547,
      0.015292328635802788,
      0.010121979881407,
      0.020368616797334455,
      0.15095255323052892,
      0.04223285599617627,
      0.0379791377078116,
      0.0169714019092244,
      0.14186220409282624,
      0.03552062971304942,
      0.015042436897224204,
      0.023295174778163695,
      0.03353561021577778,
      0.008393067466443261,
      0.023830068777896948,
      0.05340033778179342,
      0.11472685510981488,
      0.16214428235937156,
      0.07866772512089766
    ],
    [
      0.005419196875608091,
      0.14928680652264908,
      0.00729330654508109,
      0.006036422923452866,
      0.09079557844690371,
      0.018717562998053713,
      0.03155089737878747,
      0.006062871258117662,
      0.024907672591201233,
      0.01673502436391825,
      0.00812167712246129,
      0.018884622371605226,
      0.0009726829433838156,
      0.0007564773270053482,
      0.020066928080167364,
      0.07015031218862915,
      0.1145008708401862,
      0.09736753786932456,
      0.31237355135346384
    ]
  ]
}