{
  "poids_LS": 0.735,
  "poids_EM": 0.265,
  "mae_validation": 6.488411758522956,
  "matrice_de_transition": [
    [
      0.2911853237833443,
      0.0015553733905490405,
      0.005636772280657068,
      0.04172890462008715,
      0.0036368634292935817,
      0.02214104995235859,
      0.12246924272430453,
      0.07082213740148816,
      0.07572827234185465,
      0.06108924683985476,
      0.008922260358195735,
      0.145987324866042,
      0.013143824127649445,
      0.021366541487284004,
      0.004002005184182972,
      0.040751906003489755,
      0.06096998075980921,
      0.003365645308445211,
      0.00549732514110991
    ],
    [
      0.0037961636589666217,
      0.6049240766575334,
      0.0013024687824422824,
      0.006902869871375566,
      0.022761941151200758,
      0.004524383907810844,
      0.05058001017749822,
      0.011755783617019046,
      0.0568579142368132,
      0.014545218491611837,
      0.001509995292795357,
      0.033811772303046266,
      0.00844305659821181,
      9.584579143408574e-05,
      0.02947931760531912,
      0.05045379277102339,
      0.05967151930637947,
      0.009217026245715996,
      0.02936684353380277
    ],
    [
      0.012258282675285753,
      0.010458391792287709,
      0.42490196313277623,
      0.015512129242224754,
      0.030064064330189974,
      0.011236599605733564,
      0.07116138124745858,
      0.17384048034103045,
      0.0178514866733777,
      0.01856230055757878,
      0.003651054865354099,
      0.08377187165066854,
      0.011855542083025254,
      0.017766111722065252,
      0.010850982012002394,
      0.02344177720272871,
      0.05968732258753831,
      0.0004607004319812847,
      0.002667557846692585
    ],
    [
      0.01198266543602705,
      0.009171220578712544,
      0.013537957973603772,
      0.2384225840250584,
      0.0065683641398930105,
      0.01686956676679627,
      0.10964839853326347,
      0.07279478618728244,
      0.09464921442733538,
      0.08897537708288444,
      0.017348491980738484,
      0.11031179494054603,
      0.04730724257866092,
      0.020146599424392397,
      0.04083947901752731,
      0.05956445515288341,
      0.022630367492756365,
      0.0116114393293619,
      0.007619994932276507
    ],
    [
      0.0037845508856398386,
      0.029469936220369114,
      0.0055482684848929525,
      0.014503841371502874,
      0.4657715528910956,
      0.00884215510036686,
      0.08778435741433255,
      0.03830362815600427,
      0.09088052129761384,
      0.03865279958316643,
      0.0013786754825908518,
      0.0365822204013509,
      0.008203624086928006,
      0.0017490379997960905,
      0.00024075442233947815,
      0.005769506241143053,
      0.031597312687308504,
      0.05975844253563419,
      0.07117881473792464
    ],
    [
      0.009895965079309147,
      0.004065151646112172,
      0.018014968986511837,
      0.007690104804720635,
      0.006978133670353041,
      0.4577326894146512,
      0.056807979508936686,
      0.009450503326623758,
      0.03920769485599314,
      0.06405607066043975,
      0.008582162300092592,
      0.08740482186338387,
      0.01823432208807087,
      0.023960735225208744,
      0.037579751576622786,
      0.0454062538873369,
      0.056754400026588804,
      0.03223580376795107,
      0.015942487311092976
    ],
    [
      0.008972449573448846,
      0.004242075648261689,
      0.022660377384635187,
      0.0039860154767202925,
      0.01815631017278941,
      0.019140581325002008,
      0.41703503361437994,
      0.03576889351252498,
      0.044250741279555764,
      0.062474882620924564,
      0.02995672033484887,
      0.08059760547698899,
      0.07426711599485952,
      0.00598465441855471,
      0.03857677164510501,
      0.08005622837138864,
      0.03172456092759531,
      0.014115773192466674,
      0.008033209029949612
    ],
    [
      0.006104399370252877,
      0.012236243839260487,
      0.022750014712565488,
      0.013209730381742292,
      0.012166403388825945,
      0.011020071102362012,
      0.013974438973980288,
      0.6127880816105491,
      0.0036422551514376637,
      0.03394553244070021,
      0.03277111175500145,
      0.051355532945478774,
      0.014852836265827995,
      0.02147189218620309,
      0.015923314015160003,
      0.03543238871559922,
      0.04262559622944627,
      0.01585450861547662,
      0.02787564830013009
    ],
    [
      0.002718522248468357,
      0.005654076089887323,
      0.009089125284713465,
      0.01191403786207631,
      0.020783946281395477,
      0.003743347285304557,
      0.099465447174749,
      0.039774021177546796,
      0.4622133818941575,
      0.07367054352730573,
      0.0008248676749421719,
      0.06008734975165475,
      0.058783229524384306,
      0.007890078259145176,
      0.011528884541124296,
      0.04518420168470857,
      0.039385851233387274,
      0.016324829837359157,
      0.030964258667689835
    ],
    [
      0.010180238873608274,
      0.0038116574159401864,
      0.004495026429949604,
      0.015641723368165286,
      0.005350553178409501,
      0.024337916816700434,
      0.07777932278217517,
      0.05352039064655568,
      0.02073413874451667,
      0.5053033617013796,
      0.018403092486702827,
      0.06200376013069615,
      0.025093620037445568,
      0.0062325305949653895,
      0.030511326509147906,
      0.040112120711565925,
      0.08703202543105425,
      0.0078103394329719295,
      0.0016468547080495902
    ],
    [
      0.021811553580142782,
      0.003357342119329706,
      0.00583191393216522,
      0.027321190495747685,
      0.026910570964176372,
      0.006164116282430661,
      0.03883730783643003,
      0.12081786591904797,
      0.004751986162017709,
      0.006415698353046052,
      0.5433460666141572,
      0.09819749221751423,
      0.0030707235388988453,
      0.016508668796535477,
      0.005121187009007614,
      0.04896244515652266,
      0.019535920244952747,
      0.000660725855248154,
      0.002377224922629107
    ],
    [
      0.023174224982884052,
      7.519572258310243e-05,
      0.015438045458157721,
      0.011375033735247207,
      0.002534525474706309,
      0.002180548240697387,
      0.0644740432868167,
      0.07286888837983892,
      0.05584606430813429,
      0.07323881193890082,
      0.02383626644296512,
      0.5049117078850832,
      0.0485241319781396,
      0.0162627746886216,
      0.010378223417657506,
      0.025891268864629585,
      0.041580340402557016,
      0.005972318390540427,
      0.0014375864018395456
    ],
    [
      0.021311687840771854,
      0.010637280664118167,
      0.019177772181514473,
      0.0001747677783341945,
      0.015593641683495519,
      0.008348757410517391,
      0.08475428740836485,
      0.05602743970745585,
      0.09113949798777363,
      0.05378409829944009,
      0.021138178584307128,
      0.059280831530998106,
      0.47845961552105587,
      0.02719986300270368,
      0.014304452917677828,
      0.022538565123787553,
      0.005481969838993982,
      0.009323874570422745,
      0.0013234179482672446
    ],
    [
      0.009274535412114182,
      0.001981388672715884,
      0.005637964322632511,
      0.012090618214723079,
      0.007862939018240568,
      0.01560677274928651,
      0.05778349321389063,
      0.03521368369093474,
      0.02335875343166678,
      0.02383733666150445,
      0.003997997518950297,
      0.046975500484950194,
      0.009436612489475202,
      0.6762682785580574,
      0.01924822958381738,
      0.030548737322302545,
      0.018300920743941282,
      0.0015647926591421306,
      0.0010114452516540896
    ],
    [
      0.01636942957599161,
      0.0008265145454758426,
      0.0068247593455719345,
      0.02679087185439516,
      0.013623678741142167,
      0.02161111536122468,
      0.1307325956428475,
      0.07014099496260684,
      0.055973294041563905,
      0.10093040159143121,
      0.010146459005014985,
      0.11881752039048875,
      0.03966107144380732,
      0.024516470420860255,
      0.2848009444983254,
      0.04952290620424636,
      0.012890392188195363,
      0.009843552084495872,
      0.0059770281023149765
    ],
    [
      0.00799398023693731,
      0.021955910842743627,
      0.01193737967613186,
      0.010663720815948624,
      0.026208911646753787,
      0.003968538485833703,
      0.05082957349677988,
      0.03658805859491973,
      0.07817299619492281,
      0.06100087047390637,
      0.005800403632430626,
      0.08225089633402158,
      0.10065978730550394,
      0.003221360777378808,
      0.005341487708585773,
      0.414027178635536,
      0.018086778991808303,
      0.030005322425814315,
      0.03128684372404292
    ],
    [
      0.004964513266424309,
      0.05301329830829202,
      0.005926685576544578,
      0.0060588297268602855,
      0.003116648110883191,
      0.0057950414086186995,
      0.05770535443121466,
      0.0638570061779176,
      0.0307947534556951,
      0.011307794035905153,
      0.008565765117091692,
      0.039339132216051224,
      0.025775515120651373,
      0.014867512274582512,
      0.008309219417843622,
      0.07185892752686288,
      0.49783335428342196,
      0.0028519227403919216,
      0.08805872680474733
    ],
    [
      0.005188280481300874,
      0.005065583860609674,
      0.003352905835716068,
      0.006747104314117038,
      0.0500030332576127,
      0.01398963354873339,
      0.08426820203015023,
      0.01026950510769846,
      0.09054377633712254,
      0.05528734985326635,
      0.0049828072222055176,
      0.0489734738006372,
      0.01110867088397639,
      0.0027802035982593303,
      0.008684100172372743,
      0.04285300854160312,
      0.060115788849432195,
      0.4252297233902296,
      0.07055684891495652
    ],
    [
      0.0017951089650451802,
      0.05407715012706301,
      0.002415907793058111,
      0.0019995650933937615,
      0.03007603536053685,
      0.006200192743105293,
      0.06815982429239069,
      0.01478112792430125,
      0.036598557378633594,
      0.026436554073118183,
      0.0026903055468153023,
      0.04303700793536607,
      0.00032220122499588893,
      0.0002505831145705216,
      0.021887483694711527,
      0.03546828778701163,
      0.08811936186456384,
      0.03984472439232216,
      0.5258400206889972
    ]
  ]
}