{
  "poids_LS": 0.0975,
  "poids_EM": 0.9025,
  "mae_validation": 8.221505926068467,
  "matrice_de_transition": [
    [
      0.156694903603674,
      0.005297073528190599,
      0.019196932012426428,
      0.09798436974671584,
      0.012385921679009272,
      0.07540489653586274,
      0.0513727307645563,
      0.03490495306884492,
      0.04473737535169879,
      0.043155614931499844,
      0.030386188578383582,
      0.19235735919878638,
      0.044763401038504236,
      0.07276718374442948,
      0.013629470485755215,
      0.047554081580193065,
      0.02722327686572038,
      0.011462244871214349,
      0.018722022414534693
    ],
    [
      0.012928444159310852,
      0.4134669757175052,
      0.004435766325110037,
      0.023508830411005464,
      0.07751944109041012,
      0.015408515006789759,
      0.025022008407045847,
      0.03169857417244898,
      0.06044811623895187,
      0.012024485492204326,
      0.00514253113867098,
      0.007066572786920548,
      0.01748313224892254,
      0.0003264182142236316,
      0.028338467399491887,
      0.07725569141745532,
      0.09981878456552762,
      0.016591249927757932,
      0.07151599528024707
    ],
    [
      0.04174754760168072,
      0.03561773053788549,
      0.20914022266868598,
      0.025473765898257034,
      0.016945272050533977,
      0.024452174550590948,
      0.04444970781287878,
      0.16624177974523266,
      0.0043939678931868426,
      0.048292708813638195,
      0.012434252890498394,
      0.12536387677044758,
      0.04037594992426525,
      0.060505342751561844,
      0.03695475949370627,
      0.030405231005941714,
      0.06655192432118491,
      0.0015689892070306014,
      0.00908479606279267
    ],
    [
      0.04080888889062042,
      0.03123406253693611,
      0.0461056870610468,
      0.10846561970189068,
      0.022369617495296003,
      0.05745201512088163,
      0.04018922161944218,
      0.012823877041955542,
      0.047434489378222006,
      0.0631971463992409,
      0.059083071745722575,
      0.0646773978390493,
      0.07453479889313874,
      0.06861247539816655,
      0.10640976756776832,
      0.05712717716790486,
      0.033978952478081005,
      0.039544618848109864,
      0.02595111481652659
    ],
    [
      0.012888894997320582,
      0.10036459410899291,
      0.018895518141946753,
      0.04939515787842016,
      0.2627511050865667,
      0.0301133772757777,
      0.03984098273355054,
      0.025230616540304528,
      0.1157070080063565,
      0.010790524585751773,
      0.004695300464295259,
      0.009166877435825033,
      0.027938757503594435,
      0.005956629414399893,
      0.0008199277968353925,
      0.019648978802383414,
      0.04513453838360736,
      0.09489495018781924,
      0.12576626065625185
    ],
    [
      0.03370229616632643,
      0.01384452588911787,
      0.061352866076705405,
      0.026189885231171217,
      0.023765153349032526,
      0.16836971855604002,
      0.009863085885815123,
      0.02253582059657639,
      0.040795999981799703,
      0.05070227401272104,
      0.029227930097485148,
      0.08506833392467356,
      0.062099908243335694,
      0.08160212656887128,
      0.06859506728919723,
      0.0702401675232318,
      0.05872509014419762,
      0.07850395402832638,
      0.014815796435375535
    ],
    [
      0.030557116000141826,
      0.014447068953042166,
      0.07717354939484247,
      0.013575014972604015,
      0.030188258227377585,
      0.06518631941816722,
      0.06092841089652708,
      0.055227138616538655,
      0.07249910209778537,
      0.011018413239430608,
      0.08700925912868777,
      0.042558517638322066,
      0.09164399549763662,
      0.02038170042545519,
      0.09581244985788699,
      0.10447066774522647,
      0.051891106736627085,
      0.048073529457362915,
      0.027358381696337825
    ],
    [
      0.020789511062842343,
      0.041672490811066366,
      0.07747882369090699,
      0.04088439283726485,
      0.04143463795628458,
      0.03753061950898761,
      0.029173921998337318,
      0.19160112089337794,
      0.009922344690578209,
      0.0538055276474707,
      0.1116072768259955,
      0.08513881761572059,
      0.008407934382304272,
      0.06036620760510159,
      0.003850821899814399,
      0.05773629311046309,
      0.02532512625905983,
      0.05399507179421754,
      0.04927905941020626
    ],
    [
      0.009258363506576196,
      0.01925586290989928,
      0.030954473846995855,
      0.04057516668122215,
      0.07078306233569592,
      0.012748569528254197,
      0.03799336232944339,
      0.0343058038858119,
      0.2660206091765099,
      0.037678380377896226,
      0.002809219157114378,
      0.012129371602323216,
      0.09188546957805252,
      0.02687092690142838,
      0.039263465276847834,
      0.05760596566091012,
      0.07245278618214201,
      0.05559682614421372,
      0.08181231491866282
    ],
    [
      0.017419668213815777,
      0.012981210633532142,
      0.015308533407658555,
      0.013024876403297603,
      0.01822216695665877,
      0.08288667897008355,
      0.05118070796769757,
      0.08450523860445519,
      0.04243096910918294,
      0.23640074528833493,
      0.06267468290282754,
      0.058088008263667515,
      0.07339371286407279,
      0.005269907759822575,
      0.10391121575285277,
      0.0560345695976832,
      0.03405911593729272,
      0.026599363540593078,
      0.0056086278264707735
    ],
    [
      0.019633706051139566,
      0.011433967029037961,
      0.01986151820294004,
      0.0524697317057161,
      0.006528043028286012,
      0.02099288658450442,
      0.03831661944356428,
      0.0951644786755341,
      0.016183650985739553,
      0.021849689674053062,
      0.4526994386082007,
      0.12667662760645165,
      0.01045784148624984,
      0.05622291920329535,
      0.01744102368162027,
      0.01553345935656118,
      0.00818817008452394,
      0.0022502078655149394,
      0.008096020727067053
    ],
    [
      0.07892353980019945,
      0.000256091092948113,
      0.05257673972070695,
      0.03873950168324756,
      0.008631732984612995,
      0.007426206744261856,
      0.051537317061959846,
      0.02927134724644661,
      0.00890015843763082,
      0.063880252905628,
      0.08117822816896611,
      0.37219168420157955,
      0.07328178302543313,
      0.05538548738294715,
      0.035344704280890184,
      0.02077438380228697,
      0.011094259903687353,
      0.005710650508793141,
      0.004895931047774301
    ],
    [
      0.07258037085394942,
      0.03622696528062885,
      0.06531297884459174,
      0.0005951996979117379,
      0.053106647620206435,
      0.028433032313177148,
      0.0745467310341924,
      0.031866993319916534,
      0.11722440009122764,
      0.025481661891673453,
      0.07198945725410257,
      0.0314186608000003,
      0.16681082386532387,
      0.09263349569788705,
      0.04871610852152543,
      0.04028775847736492,
      0.011314991209350814,
      0.026946611157871034,
      0.004507112069098823
    ],
    [
      0.03158591777144546,
      0.006747936894815416,
      0.01920099170255034,
      0.0407621236864448,
      0.008667256435942667,
      0.027987205812427227,
      0.023188628247795454,
      0.03509656562128683,
      0.018828125140100464,
      0.028568503837530644,
      0.013615821739066575,
      0.043375661802663876,
      0.03213789725189196,
      0.620879604197128,
      0.019288724363701527,
      0.015707988754017726,
      0.0055872553657434,
      0.005329152358021784,
      0.0034446390174257204
    ],
    [
      0.05574871770691482,
      0.0028148278388375396,
      0.023242812488221395,
      0.09124061074940237,
      0.04639762288256907,
      0.07360011929624631,
      0.05796603000822838,
      0.054894042830392065,
      0.029323332895451266,
      0.07988554592065542,
      0.03455539340387179,
      0.06901686781840859,
      0.06770244959284709,
      0.0834947719050052,
      0.14131444311678382,
      0.025118881286834684,
      0.0098040071702857,
      0.033523795306632166,
      0.020355727782412326
    ],
    [
      0.02722478175032423,
      0.07477437560594763,
      0.0406546609724868,
      0.03631701145808918,
      0.06687789680916341,
      0.0135154942772261,
      0.03057567214376427,
      0.015757976023092125,
      0.09701033284404596,
      0.04882359664650411,
      0.019754204823655246,
      0.034328505169743215,
      0.0860036762824154,
      0.010970860760695752,
      0.015396937277999121,
      0.15870210221716846,
      0.04082524120379289,
      0.10218793769546194,
      0.08029873603842405
    ],
    [
      0.016907446124331843,
      0.09326046425298407,
      0.020184278237099926,
      0.01079990805996887,
      0.010614244981404074,
      0.019735942910484437,
      0.041413575499611534,
      0.03153641061689904,
      0.06292887003128858,
      0.03851050610341283,
      0.029172086861038685,
      0.01224847459933149,
      0.014472186452503186,
      0.02393248427971019,
      0.02829837933812781,
      0.10859923627763866,
      0.30158879105654207,
      0.009712680276240412,
      0.1260840340413823
    ],
    [
      0.017669521261788827,
      0.01725165824226502,
      0.01141885855371227,
      0.02297834582449293,
      0.1702933491131904,
      0.047643940670686356,
      0.029110672113344845,
      0.01825541017493731,
      0.15169423931704984,
      0.03173354781702655,
      0.016969749124681053,
      0.01837550066638139,
      0.037832360274674307,
      0.009468429235581303,
      0.02673186650138523,
      0.05542108777640931,
      0.125189722944748,
      0.11174006234878658,
      0.08022167803885834
    ],
    [
      0.006113531475295377,
      0.16752790891619596,
      0.008227761446169603,
      0.0068098396105202635,
      0.10242876193541324,
      0.021115750757179346,
      0.024537037549545733,
      0.004392551055718001,
      0.022667830178655785,
      0.014876320073837887,
      0.009162267003776642,
      0.014257296165464126,
      0.001097307945504867,
      0.0008534009845279083,
      0.019718130041866844,
      0.07679499910669604,
      0.11955527209252506,
      0.10838826381585305,
      0.2714757698452542
    ]
  ]
}