{
  "poids_LS": 0.7875,
  "poids_EM": 0.21250000000000002,
  "mae_validation": 6.350479040141506,
  "matrice_de_transition": [
    [
      0.30226100544519946,
      0.0012472333792138532,
      0.004520053243923121,
      0.03709610160965891,
      0.002916352749905231,
      0.01775461552783472,
      0.1283242495915779,
      0.07378002317005877,
      0.07828046385869103,
      0.062566134173484,
      0.007154642740062617,
      0.14216861615628656,
      0.010539858970284933,
      0.017133547419048493,
      0.0032091551005240817,
      0.04019172683834948,
      0.06374912108049888,
      0.0026988665209230467,
      0.004408232424474928
    ],
    [
      0.0030440935001147438,
      0.6206911320290651,
      0.001044432514222585,
      0.005535320179876633,
      0.018252499979736457,
      0.003628043699659639,
      0.05268478679388841,
      0.010113436159513052,
      0.05656225054251943,
      0.014752808268033633,
      0.001210845281958541,
      0.036014318145550735,
      0.007698579779917987,
      7.685747426318196e-05,
      0.029573269975210772,
      0.048246577588376055,
      0.056365273932096685,
      0.00860973723660666,
      0.025895736919389706
    ],
    [
      0.009829754975464991,
      0.008386446248532596,
      0.4426705770533484,
      0.014691759164669155,
      0.031144435459102816,
      0.010148258139686485,
      0.07336116611854163,
      0.17446625568421378,
      0.018959752925864007,
      0.01611391399531506,
      0.0029277326750480987,
      0.08034664769962793,
      0.009506802613746666,
      0.014246410343165533,
      0.00870125916056796,
      0.022868316301287637,
      0.05912200244476741,
      0.00036942959168310567,
      0.0021390794053666954
    ],
    [
      0.009608741151531125,
      0.0073542806527411905,
      0.010855909695814346,
      0.24912492226343688,
      0.005267084451800999,
      0.013527482784695124,
      0.11536856604381346,
      0.07773356694042699,
      0.09853748590196824,
      0.09109829019800804,
      0.01391152658832803,
      0.1140699217606693,
      0.045064973235115685,
      0.016155291991258054,
      0.03543957290162511,
      0.059765172163411054,
      0.021695778141023747,
      0.009311059839582657,
      0.006110373294750029
    ],
    [
      0.003034781370560248,
      0.02363155262954127,
      0.0044490832190179335,
      0.011630438835639098,
      0.48249088388676276,
      0.007090407391803614,
      0.09173263532922049,
      0.039380229112591314,
      0.08883598709807033,
      0.04094733987707117,
      0.001105541660568136,
      0.038839954527923624,
      0.006578377805555477,
      0.001402530471534601,
      0.00019305779149863815,
      0.004626490853746788,
      0.030482482335848604,
      0.05686484778780718,
      0.0666833780152389
    ],
    [
      0.00793544369567243,
      0.0032597914143352325,
      0.014445965696731192,
      0.006166593475483529,
      0.005595673226226496,
      0.4815625811324192,
      0.060674029572017285,
      0.008372888963215894,
      0.03907689325739731,
      0.06515579509025188,
      0.006881922599130853,
      0.08759723851716003,
      0.014621862051754945,
      0.019213797114554183,
      0.03502554910617548,
      0.04336110805849849,
      0.05659210789925631,
      0.02842548551121428,
      0.016035273618505
    ],
    [
      0.007194888808897661,
      0.0034016644349268263,
      0.018171057336735765,
      0.0031963331652945745,
      0.01716544386241156,
      0.015348579364388404,
      0.4463614613676149,
      0.034166449798076794,
      0.04192440568276038,
      0.0667124742170476,
      0.02525827596359155,
      0.08373023624017331,
      0.07283607885933671,
      0.004799015335633494,
      0.03386324520405238,
      0.07804562748177846,
      0.03006378656685152,
      0.011319252088298749,
      0.006441724222129406
    ],
    [
      0.004895037230863156,
      0.009812082323935297,
      0.018242936326113835,
      0.010930640532463964,
      0.00975607818915288,
      0.0088368494688752,
      0.01272271684256265,
      0.6474740666107868,
      0.0031250713070378544,
      0.03231000342367206,
      0.026278721690331356,
      0.048573380090282385,
      0.015383592891529947,
      0.01826883091641145,
      0.016917519248188462,
      0.03359559658896337,
      0.0440503408152428,
      0.01271352105958031,
      0.02611301444400617
    ],
    [
      0.002179947086035947,
      0.004533928940003986,
      0.007288449520760798,
      0.009553709606381947,
      0.01666637201810015,
      0.0030017407476498805,
      0.10452785416200948,
      0.0402243449545132,
      0.4783704337650226,
      0.07663460402196298,
      0.000661450494057402,
      0.0640368303051291,
      0.05605716269643516,
      0.006326949547427736,
      0.009244860245241182,
      0.04416123288666844,
      0.036662691884666296,
      0.01309066543561819,
      0.026776771682315587
    ],
    [
      0.009584050575002952,
      0.003056517739197319,
      0.0036045023259029846,
      0.01585722841233086,
      0.00429053792608309,
      0.019516254051127706,
      0.07996979694336744,
      0.050968697285316895,
      0.01894734094977945,
      0.527448283053042,
      0.014757196805374908,
      0.062326233813863215,
      0.021115965334076267,
      0.006311805416683032,
      0.024466629747901623,
      0.03880086021506215,
      0.0913945003305405,
      0.006263008035873718,
      0.001320591039473728
    ],
    [
      0.02199090572959011,
      0.0026922083032360853,
      0.0046765347569249415,
      0.02525013416080911,
      0.02858913208830852,
      0.004942923434024587,
      0.03888018805701898,
      0.12293049780969029,
      0.003810554941240616,
      0.005144663773669004,
      0.550811083038177,
      0.09585215165607233,
      0.002462372649116999,
      0.013238083468919958,
      0.004106612224204219,
      0.05171542045769596,
      0.020470440846399825,
      0.0005298273367555952,
      0.001906265268145982
    ],
    [
      0.018583104939105137,
      6.029845678833686e-05,
      0.012379564754183078,
      0.009121489316000118,
      0.002032402503302229,
      0.00174855283452149,
      0.06553942074062843,
      0.07645927412023594,
      0.05971219773276399,
      0.07400951680046447,
      0.019113987242000335,
      0.5158415921884306,
      0.04648526659777426,
      0.013040904231441853,
      0.008322160287744226,
      0.026312659399175452,
      0.04409095879658157,
      0.005993867510213733,
      0.0011527815486449189
    ],
    [
      0.017089561004392524,
      0.00852989487217023,
      0.015378402221025756,
      0.00014014397319251447,
      0.012504335312236974,
      0.006694758300886587,
      0.0855949096980026,
      0.05801712352760614,
      0.0889913295792539,
      0.0561148871800797,
      0.01695042622326515,
      0.06157536323825674,
      0.5041248101279985,
      0.02181121089839446,
      0.011470551867949203,
      0.021076866847610592,
      0.00500160337319989,
      0.00787259038086818,
      0.0010612313736105264
    ],
    [
      0.0074371274531104285,
      0.001588849407366511,
      0.0045210091266392775,
      0.009729435411169525,
      0.007796701113253335,
      0.01458720767349845,
      0.060632482093451415,
      0.03522332870843516,
      0.023731863996854598,
      0.02344771112936111,
      0.003205941406705427,
      0.0472719577881973,
      0.007567094920805587,
      0.6808296987995457,
      0.019244894719591624,
      0.03177091661616129,
      0.01934792848096934,
      0.001254786566293218,
      0.0008110645885905437
    ],
    [
      0.013126429376974405,
      0.0006627710977872323,
      0.005472684380883155,
      0.021483246298335743,
      0.010924648047142304,
      0.017329667978340547,
      0.1367251363421691,
      0.07139662631467159,
      0.05816799672418494,
      0.10266350735255393,
      0.008136311466285602,
      0.1229187506023071,
      0.037351781478592284,
      0.019659433828048318,
      0.296617479906217,
      0.05153264943273909,
      0.013144565072023218,
      0.007893414407378766,
      0.004792899893365784
    ],
    [
      0.0064102671711289754,
      0.017606154921068005,
      0.009572427098784983,
      0.008551096880713519,
      0.022859701103967112,
      0.0031823185971307996,
      0.05249754184349881,
      0.03830347715965848,
      0.0766216861179362,
      0.062003704789104205,
      0.00465126706374154,
      0.08619744619460921,
      0.10186676115446418,
      0.002583166661105648,
      0.00451339186169291,
      0.43505394963469574,
      0.016214199750821338,
      0.024060871756549217,
      0.027250570239329176
    ],
    [
      0.003980977619302512,
      0.04969882581872914,
      0.004752530886851784,
      0.005668387981780754,
      0.002499198956840295,
      0.00464696716728858,
      0.05904703034322904,
      0.06651870228294267,
      0.028148414443587406,
      0.009067570689169227,
      0.006868773914648999,
      0.041570127549192856,
      0.026706377481557696,
      0.014120985168277879,
      0.006663053306761396,
      0.06883325504150488,
      0.5139946712550474,
      0.0022869191786161636,
      0.08492723091467151
    ],
    [
      0.004160413593495984,
      0.004062024793885116,
      0.0026886509059987343,
      0.005410413836791965,
      0.04009677195185924,
      0.011218102373984323,
      0.08881058684682833,
      0.00961184233745526,
      0.08550785585642266,
      0.05722707472683905,
      0.00399564730082518,
      0.051493306882281785,
      0.008907896463565974,
      0.002229408545773991,
      0.007197813533512892,
      0.041817990251677914,
      0.05475675898275914,
      0.4510465190054072,
      0.06976092181063517
    ],
    [
      0.0014394741700833992,
      0.04473414646207559,
      0.0019372845510371645,
      0.0016034248390421676,
      0.024117575524958797,
      0.004971852671358018,
      0.07175228908297793,
      0.015636657784066928,
      0.03774579373627882,
      0.027388573343647152,
      0.00215732048565378,
      0.045407101845828586,
      0.00025836890683632606,
      0.00020093928998579563,
      0.022066136348475207,
      0.03206491156068468,
      0.08553052219873174,
      0.03419996232214903,
      0.5467876648761288
    ]
  ]
}