{
  "poids_LS": 0.4025,
  "poids_EM": 0.5974999999999999,
  "mae_validation": 7.381812188518984,
  "matrice_de_transition": [
    [
      0.22103933992492802,
      0.0035069267956718926,
      0.012709326179972067,
      0.07106999035279936,
      0.00820009773208647,
      0.049921801307676435,
      0.08538753256490644,
      0.05208886086720757,
      0.05956439273522434,
      0.05173562706020299,
      0.020117171939705473,
      0.1701724800278263,
      0.029635603457624688,
      0.048175503919442225,
      0.009023389047355945,
      0.044299707382711474,
      0.043368758728774645,
      0.007588577629418917,
      0.012394912346464794
    ],
    [
      0.008559274665028514,
      0.5050660593044991,
      0.002936698481167032,
      0.01556401791753547,
      0.05132173523714132,
      0.010201205226101805,
      0.03724975827369365,
      0.02215731751455701,
      0.05873045096734042,
      0.013230483240940468,
      0.003404612028095191,
      0.019862315300517953,
      0.013158076447406034,
      0.0002161051335164763,
      0.028884285929338636,
      0.06443282226112318,
      0.08061107334350379,
      0.01306318997007512,
      0.05135051875841881
    ],
    [
      0.02763895810748391,
      0.023580713569403413,
      0.31236740830248605,
      0.020707806400076884,
      0.023221713847075276,
      0.018129428890698396,
      0.05722941039726598,
      0.16987723650086922,
      0.010832467074297764,
      0.03406874878524897,
      0.00823209540395877,
      0.10546495667392583,
      0.026730892055122975,
      0.040057553788430136,
      0.02446589340442049,
      0.027073696245188825,
      0.06326768349175399,
      0.001038749087203085,
      0.006014587975089884
    ],
    [
      0.027017519237834572,
      0.020678506776531106,
      0.0305242637329368,
      0.17064110851532777,
      0.014809802164475748,
      0.03803609865343687,
      0.07342067096644687,
      0.04151584141736684,
      0.0700234950879939,
      0.07553026068710174,
      0.03911593946600469,
      0.08651032507976539,
      0.061508281754447384,
      0.045424879834243224,
      0.07503888441824125,
      0.05829324741954165,
      0.02854943338706294,
      0.02618050943129711,
      0.017180931969944194
    ],
    [
      0.008533091147810578,
      0.06644636562894544,
      0.01250977516876807,
      0.03270205743197346,
      0.35988245658520407,
      0.019936557254600744,
      0.062778597286709,
      0.03148515543095304,
      0.10382923789472276,
      0.024120711055103106,
      0.003108523022068052,
      0.022283237599723685,
      0.018496850535620692,
      0.003943585678785524,
      0.0005428330843314648,
      0.01300860369465273,
      0.03865790491322124,
      0.07808454260520521,
      0.09964991398160118
    ],
    [
      0.022312600509008355,
      0.009165766447366122,
      0.04061865648845593,
      0.017339009889888977,
      0.015733716483154497,
      0.30681004186878735,
      0.03232299577609289,
      0.01627539429487356,
      0.040036104980433425,
      0.057091149271629595,
      0.019350347072850275,
      0.08618618305613497,
      0.04111323565140507,
      0.054024676592687636,
      0.053756367222789064,
      0.058358844136646784,
      0.057782250166361245,
      0.05636781939395073,
      0.015354840697483486
    ],
    [
      0.020230334415606357,
      0.009564679999382486,
      0.0510927376879982,
      0.008987336782416507,
      0.024431796805182458,
      0.0431565937422215,
      0.23130099117722533,
      0.045917703704030144,
      0.058984200059259834,
      0.03563680251214537,
      0.059713534686145237,
      0.0607576106434882,
      0.08333035118650405,
      0.01349370194372241,
      0.06842910577177168,
      0.09279003400558641,
      0.04224279854563933,
      0.03182707351886353,
      0.018112612812810912
    ],
    [
      0.013763692919721106,
      0.027589266769653356,
      0.05129484449342595,
      0.02764396609383837,
      0.027431796320088683,
      0.024847141447778498,
      0.021902012472958657,
      0.3931101766090441,
      0.006917752832636457,
      0.044303882881878545,
      0.07388958216457873,
      0.06897583436172254,
      0.011491377636382288,
      0.04175794689488348,
      0.009626680872646414,
      0.04706540551762625,
      0.03360221385273491,
      0.03574742980281992,
      0.03903899605558158
    ],
    [
      0.006129498277206955,
      0.012748341372481794,
      0.020493405123080358,
      0.02686278348147394,
      0.046861916615599235,
      0.008440188690450838,
      0.06740353625543274,
      0.036921970590092903,
      0.35988538671201187,
      0.05489816039447645,
      0.0018598431538790477,
      0.035073972912983795,
      0.0760483194347289,
      0.01778989343335563,
      0.02599437174838402,
      0.05166300407229604,
      0.056632527108620136,
      0.03680787104838526,
      0.05748500957506005
    ],
    [
      0.013956098098108655,
      0.008594208701978343,
      0.01013501242224486,
      0.014276858088449985,
      0.012063983109810099,
      0.054875114331994365,
      0.06390631976129077,
      0.06968111526773463,
      0.032050524777852404,
      0.3650521931408504,
      0.041493765135112964,
      0.05996142680397141,
      0.050285433158784455,
      0.00573045672408698,
      0.06879440599704102,
      0.0484167705227565,
      0.05940301773430804,
      0.017610104947927273,
      0.003713191275696717
    ],
    [
      0.020675656633643066,
      0.007569856287922638,
      0.013149315375353654,
      0.04043788061702533,
      0.016279683844672772,
      0.01389833765566913,
      0.03856573310603338,
      0.10743786394497995,
      0.010714383893605964,
      0.014465584022434018,
      0.49606762926203085,
      0.11305131577331295,
      0.006923612507517207,
      0.037222375871433754,
      0.01154682731276245,
      0.03152693491575844,
      0.01361728976912125,
      0.0014897498057010261,
      0.005359969401022231
    ],
    [
      0.05225131859348384,
      0.00016954507261661772,
      0.03480842324999712,
      0.025647481723812093,
      0.005714637626932148,
      0.00491651914647807,
      0.05772665274600901,
      0.05012977869065783,
      0.031360552618812876,
      0.06835768114899773,
      0.05374403471574211,
      0.43568910729721655,
      0.06143694605378681,
      0.03666795425076002,
      0.023399956573774937,
      0.02322246214583912,
      0.025679757240401467,
      0.005835840632609489,
      0.0032413504720721826
    ],
    [
      0.048051824471174266,
      0.02398405734645511,
      0.043240448597943,
      0.00039405187756483474,
      0.035159248701466306,
      0.01882408510484581,
      0.07943034624065923,
      0.04342610884650397,
      0.10474456457506534,
      0.03902243538872259,
      0.047660610204239645,
      0.0447487973850267,
      0.31591338301041916,
      0.06132799299666206,
      0.032252492899292454,
      0.03179598753957496,
      0.00852429078902323,
      0.01851534110426832,
      0.002983932921093126
    ],
    [
      0.020911452485804612,
      0.004467470686595247,
      0.012712013897256317,
      0.02704477597056225,
      0.008282445749826367,
      0.022064018229277546,
      0.039739896976672365,
      0.03515259858009877,
      0.020995719852143956,
      0.02630496503174556,
      0.00901435289650114,
      0.045097937564385175,
      0.02127689042438276,
      0.6473792836952981,
      0.019269350390580482,
      0.02280826846119713,
      0.011669871742763564,
      0.0035281645805185767,
      0.0022805227843898813
    ],
    [
      0.03690843083643391,
      0.001863556380837041,
      0.015387900788600868,
      0.06040583370943813,
      0.030717539803141295,
      0.04872694878615753,
      0.09277983788047754,
      0.062188663066196775,
      0.04207351038496398,
      0.08995406510432069,
      0.022877393416967748,
      0.09284306238230576,
      0.0542865745568359,
      0.05527770217533585,
      0.20996288691501153,
      0.03679453242379243,
      0.011280630590618951,
      0.02219442403957088,
      0.013476506758993199
    ],
    [
      0.018024162987056763,
      0.04950436501335591,
      0.026915412665995418,
      0.02404367240577095,
      0.04742057841773606,
      0.008947931114285422,
      0.04026577396755997,
      0.02572374101824102,
      0.08799796001583803,
      0.05464958647765343,
      0.013078268567461504,
      0.05725608055029993,
      0.09301561959542246,
      0.007263256847108821,
      0.010586094738907243,
      0.2808576289741914,
      0.029946447518059086,
      0.0676535099978266,
      0.05684990912722993
    ],
    [
      0.011193572364862356,
      0.07400495740885689,
      0.013362998611265602,
      0.008531627445697312,
      0.007027159419821533,
      0.013066178270376122,
      0.04920807365512362,
      0.04699959751275891,
      0.04755490053237718,
      0.02549587523189935,
      0.019313376065895414,
      0.025209495106154268,
      0.019880053501578007,
      0.01959551728117851,
      0.01873493812136439,
      0.09102151993413024,
      0.3954783467964611,
      0.006430278631638388,
      0.10789153410856085
    ],
    [
      0.011698104104065177,
      0.011421457949865205,
      0.007559853723925851,
      0.01521281067050917,
      0.11274268819405125,
      0.03154266432214415,
      0.05549976485785566,
      0.014434702652572056,
      0.1224379393815552,
      0.04300242565397265,
      0.011234820057614326,
      0.03301453095022142,
      0.025046908879909024,
      0.006268572263999809,
      0.0180972488851518,
      0.04940812437779615,
      0.0940563113383616,
      0.26172335116077106,
      0.07559772057565825
    ],
    [
      0.0040474626664697925,
      0.11324950667198332,
      0.005447188325857438,
      0.004508453370953858,
      0.0678129476525312,
      0.013979679864171365,
      0.045407547285338225,
      0.009362772145785282,
      0.029332727113547126,
      0.0204070986931014,
      0.006065877600838275,
      0.028026413169103488,
      0.0007264725733397871,
      0.0005649940036071194,
      0.020756016887541556,
      0.05702300388708232,
      0.1045153464148338,
      0.07559488417008534,
      0.3931716075038292
    ]
  ]
}