{
  "poids_LS": 0.19,
  "poids_EM": 0.81,
  "mae_validation": 7.965283215869879,
  "matrice_de_transition": [
    [
      0.1762091998650379,
      0.004754160174885746,
      0.01722937942389519,
      0.08982181206167562,
      0.011116450481991702,
      0.06767641683551116,
      0.06168869524499036,
      0.040116466089659825,
      0.04923409373850572,
      0.04575774975741801,
      0.027271814679768094,
      0.18562915813874112,
      0.040175462427909626,
      0.06530905133849073,
      0.012232544147880029,
      0.046567099241612585,
      0.03211985743074503,
      0.010287444150341966,
      0.016803144770939724
    ],
    [
      0.011603368165143258,
      0.44124702565782303,
      0.003981130995389617,
      0.02109933809741211,
      0.06957423521687779,
      0.013829248925761447,
      0.028730424350209526,
      0.02880491436636699,
      0.05992718496805332,
      0.012390238907804631,
      0.004615457310053733,
      0.01094724879514271,
      0.016171434997642946,
      0.0002929626077796583,
      0.028504002527396228,
      0.0733667884766005,
      0.09399349509655319,
      0.015521264530755767,
      0.0654002360072336
    ],
    [
      0.037468713082948905,
      0.03196715981793601,
      0.24044682814778928,
      0.024028351952087648,
      0.018848783087189947,
      0.022534620538984196,
      0.048325519252406045,
      0.16734433630226997,
      0.00634662748090081,
      0.04397888487060212,
      0.011159828079006869,
      0.11932895838051887,
      0.03623769466886965,
      0.054303964131595675,
      0.03316715256498845,
      0.029394847512926498,
      0.0655558840696362,
      0.001408178678886191,
      0.008153667380456581
    ],
    [
      0.0366262603893657,
      0.0280327874292723,
      0.04138017342875115,
      0.1273221204076052,
      0.02007688661627675,
      0.051563581438132,
      0.050267611995173114,
      0.02152553836892454,
      0.05428525340495611,
      0.06693751712588722,
      0.05302746605433273,
      0.07129885937926649,
      0.07058413385927333,
      0.06158017182550129,
      0.09689564726832159,
      0.05748082142454881,
      0.03233229504883783,
      0.03549156927087977,
      0.023291305264694227
    ],
    [
      0.011567872518370829,
      0.09007791825848672,
      0.016958858387786005,
      0.044332496267612556,
      0.29220897398369444,
      0.027026964646404365,
      0.04679747239311499,
      0.027127484892386453,
      0.11210473346430366,
      0.01483328605596488,
      0.004214064682636189,
      0.013144789944548395,
      0.025075228341176172,
      0.005346116150320126,
      0.000735890875830103,
      0.01763509454839952,
      0.0431703134786542,
      0.08979671182260024,
      0.11784572928771025
    ],
    [
      0.030248044204680788,
      0.012425557861701356,
      0.05506462218518713,
      0.02350560336537251,
      0.021329389709380996,
      0.21035571824925026,
      0.016674697901719035,
      0.02063716671819111,
      0.04056554002236895,
      0.052639883722390035,
      0.026232269671981133,
      0.08540735374323154,
      0.05573509770316002,
      0.07323847370724183,
      0.06409480579364722,
      0.06663681534861177,
      0.058439146872230854,
      0.07179053614740918,
      0.014979277072244342
    ],
    [
      0.02742522322450402,
      0.012966344434309314,
      0.06926379502473397,
      0.012183669947711083,
      0.028442446156711855,
      0.058505173106609916,
      0.11259878360460769,
      0.052403785405368046,
      0.06840032033200305,
      0.018484646051647378,
      0.07873104761742489,
      0.0480779146972659,
      0.08912264435409642,
      0.018292717279355906,
      0.08750766517603235,
      0.10092818046353236,
      0.048964980481983264,
      0.04314632560716229,
      0.024554337034940324
    ],
    [
      0.018658730150584266,
      0.03740134909358866,
      0.0695377808195398,
      0.03686885357901257,
      0.03718787450924157,
      0.0336839909166537,
      0.026968506814411004,
      0.25271452303665376,
      0.009011116012349973,
      0.050923881284135386,
      0.1001683038549101,
      0.08023692925180316,
      0.009343077008541048,
      0.05472271870118299,
      0.005602516834197879,
      0.05450004031591422,
      0.027835390529272766,
      0.04846095086240024,
      0.04617346642560697
    ],
    [
      0.008309445363242903,
      0.017282270312485783,
      0.02778185464384116,
      0.03641649308785589,
      0.06352828863369939,
      0.01144192943810072,
      0.04691284130699754,
      0.035099231492847945,
      0.2944877958061294,
      0.04290077267800663,
      0.00252129364793645,
      0.01908798019653995,
      0.08708239945261831,
      0.024116842980783367,
      0.035239231993625206,
      0.055803592064363236,
      0.06765483875820506,
      0.049898536484003456,
      0.07443436165871772
    ],
    [
      0.01636924121151116,
      0.011650726441175664,
      0.013739514748147847,
      0.013404575766827425,
      0.01635452103589319,
      0.07439136838312209,
      0.05504011482313158,
      0.0800093979203678,
      0.039282801566074506,
      0.27541798766983555,
      0.056250961940487884,
      0.05865617618162853,
      0.06638546410099354,
      0.005409582445706043,
      0.09326103574494266,
      0.0537242534847956,
      0.04174538123638753,
      0.023873112983800994,
      0.005033782315170446
    ],
    [
      0.01994970745730866,
      0.010262064591158724,
      0.0178258501322786,
      0.0488207276870148,
      0.009485507866042653,
      0.01884126108969372,
      0.038392170308411466,
      0.09888673486380867,
      0.014524938834846582,
      0.019610247796103025,
      0.46585208659337873,
      0.12254436090295878,
      0.009385985156634207,
      0.050460459340353724,
      0.01565343953696667,
      0.020383939649104614,
      0.00983470638231165,
      0.002019577142456622,
      0.007266234669168214
    ],
    [
      0.070834423532589,
      0.0002298435294049546,
      0.047187988004180205,
      0.03476897103981222,
      0.007747040130234379,
      0.006665071980999561,
      0.053414410671056727,
      0.03559726497952706,
      0.015711917328645048,
      0.06523816147124015,
      0.07285802195774245,
      0.3914490994027154,
      0.06968949640288466,
      0.04970885848220188,
      0.03172211686151917,
      0.02151683379172492,
      0.015517730407444912,
      0.005748618005360395,
      0.004394132020717102
    ],
    [
      0.0651413854755668,
      0.032513952218625346,
      0.05861885081896876,
      0.0005341958507573492,
      0.04766358401370328,
      0.025518843405732402,
      0.0760278274492684,
      0.035372626717324204,
      0.11343953194288334,
      0.029588289919467048,
      0.0646110364275048,
      0.03546140714136077,
      0.2120304524585085,
      0.08313920389505654,
      0.04372304476724166,
      0.03771238532410076,
      0.010468631245808845,
      0.024389586633417754,
      0.004045164294703653
    ],
    [
      0.028348579938915045,
      0.006056320093961759,
      0.017233023023895597,
      0.03660194446113616,
      0.00855055155572707,
      0.026190829250324458,
      0.028208275321307305,
      0.03511355922354947,
      0.019485510421621853,
      0.027882020757087633,
      0.012220294303206569,
      0.04389799133695641,
      0.028843985345188353,
      0.628916392241655,
      0.01928284865054187,
      0.01786135227176886,
      0.00743198328336427,
      0.004782951146811795,
      0.003091587372980425
    ],
    [
      0.05003486021340832,
      0.002526327478624274,
      0.020860585169484025,
      0.08188908000777388,
      0.041642187850283605,
      0.06605661676449807,
      0.06852431600227116,
      0.05710634568879187,
      0.03319019000292644,
      0.08293911321406211,
      0.031013704883253352,
      0.07624284485827905,
      0.06363370060651584,
      0.07493713600338418,
      0.16213405312116436,
      0.028659857451321873,
      0.010251835584649064,
      0.03008783844694965,
      0.018269406652358985
    ],
    [
      0.02443443015818574,
      0.06711051993442392,
      0.03648783976478041,
      0.03259476928648447,
      0.06097690680520594,
      0.012130249711416224,
      0.033514473516554774,
      0.01878038016096515,
      0.09427707223221242,
      0.05059049520185268,
      0.017729535631203046,
      0.04128195016220714,
      0.08813024925439296,
      0.00984642350821447,
      0.013937911262045029,
      0.19574927016806887,
      0.03752593492205395,
      0.09171438175437584,
      0.07318720656535699
    ],
    [
      0.01517454998416487,
      0.08742067939042092,
      0.01811552949811739,
      0.010111986890066843,
      0.00952635837666183,
      0.017713145437664706,
      0.04377748067792258,
      0.03622606565908605,
      0.05826627272424169,
      0.03456344592106858,
      0.02618214998054442,
      0.01617927590058102,
      0.01611227727886194,
      0.022617174616221074,
      0.02539799142812579,
      0.10326828951772218,
      0.33006349238750116,
      0.008717197810254552,
      0.12056663652077251
    ],
    [
      0.015858517697561164,
      0.015483482743750323,
      0.010248504629924587,
      0.020623224507301138,
      0.15283946014591052,
      0.04276076669612848,
      0.03711392155225386,
      0.017096671008318343,
      0.14282142704153097,
      0.03515115830855939,
      0.015230467358439508,
      0.022815206572136155,
      0.033954805343475,
      0.008497980809773802,
      0.024113170994822634,
      0.053597484122731555,
      0.11574762270346689,
      0.1572267974802901,
      0.07881933028362553
    ],
    [
      0.005486936836553192,
      0.151066426268361,
      0.007384472876894603,
      0.006111878209996026,
      0.09193052317749001,
      0.018951532535529385,
      0.03086661837105657,
      0.005899913189590865,
      0.024689151380221194,
      0.016553687360007972,
      0.008223198086492056,
      0.018433175912469506,
      0.0009848414801761133,
      0.0007659332935929151,
      0.020032899003259996,
      0.07079857432697714,
      0.11499398315748756,
      0.09844273064459563,
      0.3083835238892483
    ]
  ]
}