{
  "poids_LS": 0.8325,
  "poids_EM": 0.16749999999999998,
  "mae_validation": 6.233097562791693,
  "matrice_de_transition": [
    [
      0.3117544468696468,
      0.0009831133694979783,
      0.0035628654981511654,
      0.03312512760072041,
      0.002298772167572358,
      0.01399481459252854,
      0.13334282690638366,
      0.07631535382883359,
      0.08046805658740791,
      0.06383203760230904,
      0.005639541924519945,
      0.13889543726221049,
      0.008307888835401064,
      0.01350526678913234,
      0.0025295693145307462,
      0.039711573268229244,
      0.06613124135537574,
      0.002127341845904048,
      0.0034747243816449424
    ],
    [
      0.002399461935384562,
      0.6342057509189496,
      0.0008232585700342727,
      0.004363134730020405,
      0.01438726468990991,
      0.002859752092672891,
      0.05448888103650859,
      0.008705709767365054,
      0.056308824518839055,
      0.014930742362109456,
      0.0009544309869555557,
      0.03790221458198314,
      0.0070604567928089935,
      6.0581773830978714e-05,
      0.02965380057797505,
      0.04635467886039262,
      0.05353134932556858,
      0.008089203800227228,
      0.022920502678464225
    ],
    [
      0.00774815980419005,
      0.006610492925313928,
      0.4579008175566959,
      0.013988584812478638,
      0.03207046785531383,
      0.009215394025931845,
      0.07524669600804137,
      0.17500263454979953,
      0.019909695427995127,
      0.014015296941946156,
      0.002307742226214383,
      0.07741074145587881,
      0.007493597354365018,
      0.01122952344696577,
      0.006858639573624154,
      0.02237677838576672,
      0.05863744232239236,
      0.000291197442856095,
      0.0016860978842302185
    ],
    [
      0.007573948907677474,
      0.005796903573337173,
      0.008557011171994835,
      0.2582983550391899,
      0.004151701862007845,
      0.010662839371465565,
      0.12027156676714203,
      0.08196680758597949,
      0.10187029002308214,
      0.09291793001097112,
      0.01096555625197621,
      0.11729117332077496,
      0.04314302808350548,
      0.012734171334285758,
      0.030811081945137507,
      0.05993721531529189,
      0.020894701553824363,
      0.0073393059912004455,
      0.004816411891155904
    ],
    [
      0.002392121786206313,
      0.018627223837403114,
      0.0035069244196964883,
      0.009167522376327286,
      0.49682173902590593,
      0.00558890935589226,
      0.09511687354198158,
      0.04030302993252306,
      0.08708352921274731,
      0.042914088700418095,
      0.0008714269559772364,
      0.0407751552078431,
      0.005185309564379023,
      0.0011055240187390382,
      0.0001521749650636324,
      0.0036467633788357027,
      0.029526913463168686,
      0.054384623718241175,
      0.06283014653865109
    ],
    [
      0.006254996795412384,
      0.0025694826442407125,
      0.01138682001977635,
      0.004860726621851721,
      0.004410707131260884,
      0.5019882026047917,
      0.06398778676894351,
      0.007449219508866296,
      0.03896477760145802,
      0.06609841603009084,
      0.005424574284020788,
      0.08776216707753959,
      0.011525467734912719,
      0.015144993019707412,
      0.032836232702934925,
      0.04160812591949415,
      0.05645300036154275,
      0.025159498434011315,
      0.016114804739143878
    ],
    [
      0.005671265296425213,
      0.002681311966354086,
      0.014323068724250541,
      0.0025194626126439582,
      0.01631612988208769,
      0.012098291969576739,
      0.4714983994418163,
      0.032792926614264056,
      0.039930403742650056,
      0.07034469558515305,
      0.021231037931085273,
      0.08641534832290275,
      0.07160947560031715,
      0.003782753264558165,
      0.029823079683150115,
      0.07632225529068402,
      0.02864026568621398,
      0.008922233999011953,
      0.0050775943868549426
    ],
    [
      0.0038584411113862516,
      0.007734229596513703,
      0.014379726280583845,
      0.008977134947368251,
      0.007690085160861681,
      0.0069655166401722144,
      0.01164981215849039,
      0.6772049108967046,
      0.0026817708689808742,
      0.03090812140907649,
      0.020713815920614123,
      0.046188677642971195,
      0.015838527142131624,
      0.01552334982801861,
      0.01776969516221286,
      0.03202120333756122,
      0.04527155046021125,
      0.010021246011669182,
      0.024602185424471377
    ],
    [
      0.0017183112325224517,
      0.003573802811532553,
      0.005745013151658511,
      0.0075305711015010626,
      0.013137022649561292,
      0.002366078001088729,
      0.10886706015108988,
      0.04061033676334155,
      0.4922193353686212,
      0.07917522730309778,
      0.0005213786247275992,
      0.06742209935096428,
      0.05372053398676446,
      0.004987124937384214,
      0.0072871251344842234,
      0.04328440248834833,
      0.03432855530004831,
      0.010318524519840219,
      0.023187497123423374
    ],
    [
      0.009073032033341245,
      0.002409255159132004,
      0.0028411959510058816,
      0.01604194702161564,
      0.0033819534240890235,
      0.015383400252065367,
      0.0818473462243894,
      0.04878153154711222,
      0.01741579998286183,
      0.54642964421161,
      0.01163214336423669,
      0.06260263982800642,
      0.01770654701690258,
      0.006379755263869583,
      0.019285461095404806,
      0.03767692264663034,
      0.09513376453010013,
      0.0049367239812181055,
      0.001040936466408703
    ],
    [
      0.0221446361434021,
      0.0021220936037272668,
      0.0036862097495761292,
      0.023474943016576044,
      0.030027898766136076,
      0.0038961867068193798,
      0.0389169425318095,
      0.12474132514452656,
      0.0030036138948602497,
      0.0040552055627743906,
      0.5572096685444798,
      0.09384185974626498,
      0.0019409290293039868,
      0.010434724616678083,
      0.003236976694372737,
      0.05407511357298737,
      0.021271458504783035,
      0.0004176286066191161,
      0.0015025855643033032
    ],
    [
      0.014647859187294634,
      4.752937182139493e-05,
      0.009758009865061954,
      0.007189879813788327,
      0.0016020113849558744,
      0.0013782710577992918,
      0.06645260141532422,
      0.0795367476120048,
      0.06302602638244659,
      0.07467012096751902,
      0.015066319355459084,
      0.5252100644484426,
      0.04473766770031824,
      0.010279300982430633,
      0.006559820462104272,
      0.026673851285929046,
      0.04624291742003119,
      0.006012338184219424,
      0.000908663103049524
    ],
    [
      0.013470595144638811,
      0.006723564193357709,
      0.01212179939774971,
      0.00011046642592821727,
      0.00985635842258679,
      0.005277044778345897,
      0.08631544308912065,
      0.05972256680202069,
      0.08715004237195126,
      0.05811270622062793,
      0.01336092419951488,
      0.0635421047016213,
      0.5261235483625207,
      0.017192366237557984,
      0.009041493825324664,
      0.019823982610887483,
      0.004589860688233525,
      0.006628632504107123,
      0.0008365000239047676
    ],
    [
      0.005862206345392925,
      0.0012523871799241908,
      0.0035636189586450767,
      0.007705564436695048,
      0.007739925766121423,
      0.013713294751394399,
      0.06307447256164636,
      0.03523159586629266,
      0.024051673052729865,
      0.02311374638752397,
      0.002527036167638395,
      0.0475260640481234,
      0.005964651290517343,
      0.6847394875779643,
      0.01924203626454098,
      0.032818498868040225,
      0.02024536368413625,
      0.0009890670581370069,
      0.0006393097345360754
    ],
    [
      0.010346714920673942,
      0.0005224195711969949,
      0.004313762982578486,
      0.016933852964570523,
      0.008611193166570991,
      0.013659855935868428,
      0.14186159979873042,
      0.07247288175929852,
      0.060049170452145834,
      0.10414902657637339,
      0.006413327861660415,
      0.1264340907838657,
      0.03537239007983654,
      0.015496259605638083,
      0.30674593882726703,
      0.053255286485732856,
      0.013362427543875665,
      0.006221867826992673,
      0.0037779328571236168
    ],
    [
      0.005052798829007544,
      0.013877792702488895,
      0.007545324889630514,
      0.006740276364797714,
      0.01998894921014996,
      0.0025084158353854535,
      0.05392722899782933,
      0.039773835929434544,
      0.07529199176623338,
      0.06286327705927379,
      0.003666292862008037,
      0.08958020321797006,
      0.10290131016785865,
      0.0020361431328715105,
      0.0038035954214990257,
      0.453076896205404,
      0.014609131829975367,
      0.018965628325750553,
      0.02379090725243168
    ],
    [
      0.003137947064626686,
      0.04685784939910381,
      0.0037461125814008175,
      0.005333723628855443,
      0.001969956824803526,
      0.0036629035318627625,
      0.060197038267812794,
      0.06880015608724986,
      0.025880123861780804,
      0.00714737924910986,
      0.005414210026840974,
      0.04348240926331425,
      0.027504259505191683,
      0.013481104791445337,
      0.005252053782976628,
      0.06623982148262658,
      0.5278472286592977,
      0.0018026304113797993,
      0.0822430915803208
    ],
    [
      0.0032793848325203636,
      0.0032018313081212083,
      0.0021192895376695897,
      0.004264679141941901,
      0.03160569083264198,
      0.008842504224199407,
      0.09270405954683811,
      0.009048131391532517,
      0.08119135258725133,
      0.058889696047044214,
      0.0031495102253563173,
      0.053653163809405734,
      0.007021518388928472,
      0.0017572985007865574,
      0.0059238535573473035,
      0.0409308317174563,
      0.05016330481132508,
      0.47317520096127375,
      0.06907869857835976
    ],
    [
      0.001134644345830444,
      0.036725857606372085,
      0.0015270360578763529,
      0.0012638760495979435,
      0.01901032423732046,
      0.003918989752717495,
      0.07483154461776698,
      0.01636996909243751,
      0.03872913918568902,
      0.028204589861243405,
      0.0017004761475153322,
      0.047438610911939315,
      0.00020365549127098636,
      0.00015838744034174474,
      0.02221926719455836,
      0.029147731938118718,
      0.08331151677087564,
      0.0293615948334292,
      0.564742788465099
    ]
  ]
}