{
  "poids_LS": 0.0525,
  "poids_EM": 0.9475,
  "mae_validation": 8.346606184201832,
  "matrice_de_transition": [
    [
      0.14720146217922667,
      0.0055611935379064744,
      0.020154119758198384,
      0.10195534375565435,
      0.013003502261342144,
      0.07916469747116892,
      0.04635415344975054,
      0.032369622410070104,
      0.0425497826229819,
      0.041889711502674794,
      0.03190128939392625,
      0.19563053809286246,
      0.04699537117338811,
      0.07639546437434563,
      0.014309056271748551,
      0.0480342351503133,
      0.02484115659084352,
      0.012033769546233348,
      0.01965553045736468
    ],
    [
      0.013573075724041032,
      0.39995235682762087,
      0.004656940269298349,
      0.02468101586086169,
      0.08138467638023666,
      0.016176806613776507,
      0.02321791416442568,
      0.03310630056459698,
      0.06070154226263224,
      0.011846551398128503,
      0.005398945433673965,
      0.005178676350488144,
      0.018121255236031537,
      0.00034269391465583483,
      0.02825793679672761,
      0.07914759014543875,
      0.10265270917205573,
      0.01711178336413736,
      0.07449122952117256
    ],
    [
      0.04382914277295566,
      0.037393683861104164,
      0.19390998216533842,
      0.02617694025044755,
      0.01601923965432297,
      0.02538503866434559,
      0.04256417792337903,
      0.1657054008796469,
      0.0034440253910557224,
      0.0503913258670071,
      0.01305424333933211,
      0.12829978301419667,
      0.042389155183646894,
      0.06352222964776161,
      0.03879737908065007,
      0.030896768921462637,
      0.06703648444355996,
      0.0016472213558576122,
      0.009537777583929147
    ],
    [
      0.04284368113447407,
      0.03279143961634013,
      0.048404585584866315,
      0.09929218692613767,
      0.023485000085089157,
      0.060316658534111195,
      0.03528622089611362,
      0.008590636396403055,
      0.04410168525710813,
      0.06137750658627783,
      0.062029042082074395,
      0.061456146278943656,
      0.07645674404474893,
      0.07203359605513884,
      0.11103825852425592,
      0.05695513401602402,
      0.034780029065280396,
      0.041516372696492075,
      0.027245076220120713
    ],
    [
      0.013531554581674517,
      0.10536892290113106,
      0.019837676941268197,
      0.05185807433773197,
      0.24842024994742345,
      0.03161487531168905,
      0.03645674452078945,
      0.024307815720372782,
      0.11745946589167952,
      0.008823775762404855,
      0.004929415168886159,
      0.00723167675590556,
      0.02933182574477089,
      0.006253635867195456,
      0.0008608106232703982,
      0.0206287062772945,
      0.04609010725628728,
      0.09737517425738525,
      0.12961949213283966
    ],
    [
      0.035382743066586474,
      0.01453483465921239,
      0.06441201175366025,
      0.027495752084803024,
      0.024950119443998137,
      0.14794409708366746,
      0.006549328688888894,
      0.02345949005092599,
      0.040908115637738995,
      0.04975965307288207,
      0.03068527841259521,
      0.084903405364294,
      0.06519630256017793,
      0.08567093066371806,
      0.07078438369243778,
      0.07199314966223615,
      0.05886419768191119,
      0.08176994110552935,
      0.014736265314736657
    ],
    [
      0.032080739512614274,
      0.015167421421614907,
      0.0810215380073277,
      0.01425188552525463,
      0.03103757220770146,
      0.06843660681297888,
      0.03579147282232569,
      0.05660066180035138,
      0.0744931040378957,
      0.007386191871325153,
      0.09103649716119405,
      0.039873405555592635,
      0.09287059875665618,
      0.021397962496530518,
      0.09985261537878924,
      0.1061940399363209,
      0.053314627617264625,
      0.05047054754664971,
      0.028722511531612288
    ],
    [
      0.021826107182319247,
      0.04375034353848796,
      0.08134203373643699,
      0.04283789842236056,
      0.04350063098457579,
      0.039401952337690595,
      0.030246826682409578,
      0.16187027660745995,
      0.010365645128635189,
      0.05520740966206627,
      0.11717218259571273,
      0.08752352006303178,
      0.007953000131702598,
      0.06311168869349443,
      0.0029986459857900037,
      0.05931068636186525,
      0.024103916614091375,
      0.056687346842128665,
      0.05078988842974105
    ],
    [
      0.00971999936008969,
      0.020215989038370713,
      0.032497910216098144,
      0.04259830518610303,
      0.07431241170423478,
      0.013384232274815349,
      0.03365415634036299,
      0.03391981207698355,
      0.25217170757291124,
      0.03513775709676143,
      0.0029492910264441808,
      0.00874410255648805,
      0.09422209828772322,
      0.028210751511471902,
      0.041221200387604795,
      0.05848279605923023,
      0.07478692276676,
      0.05836896705999169,
      0.08540158947755504
    ],
    [
      0.01793068675547748,
      0.013628473213597458,
      0.01607183978255566,
      0.012840157794012826,
      0.019130751458652836,
      0.0870195327691459,
      0.04930315868667562,
      0.08669240434265986,
      0.04396251007610056,
      0.21741938412976708,
      0.06579973634396576,
      0.05781160224952431,
      0.07680313118124646,
      0.005201957912636024,
      0.10909238440534959,
      0.05715850716611501,
      0.03031985173773308,
      0.027925647595248692,
      0.0058882823995357984
    ],
    [
      0.019479975637327573,
      0.012004081728546778,
      0.020851843210288854,
      0.05424492284994917,
      0.005089276350458458,
      0.022039623311709628,
      0.03827986496877375,
      0.09335365134069784,
      0.01699059203211992,
      0.022939147884947674,
      0.446300853101898,
      0.12868691951625902,
      0.010979285106062853,
      0.05902627805553722,
      0.018310659211451752,
      0.01317376624126978,
      0.0073871524261407305,
      0.0023624065956514184,
      0.00849970043090973
    ],
    [
      0.08285878555200996,
      0.0002688601779150549,
      0.05519829460982807,
      0.04067111118545935,
      0.00906212410295935,
      0.0077964885209840535,
      0.050624136387264075,
      0.026193873754677736,
      0.0055863297879482215,
      0.06321964873857346,
      0.08522589605550737,
      0.36282321194156747,
      0.07502938192288913,
      0.058147090631958366,
      0.03710704410653014,
      0.020413191915533372,
      0.00894230128023773,
      0.00569217983478745,
      0.0051400494933696965
    ],
    [
      0.07619933671370313,
      0.03803329595944137,
      0.06856958166786778,
      0.0006248772451760351,
      0.05575462450985662,
      0.029850745835717837,
      0.07382619764307434,
      0.030161550045501993,
      0.11906568729853027,
      0.02348384285112522,
      0.07557895927785284,
      0.029451919336635754,
      0.14481208563080158,
      0.09725234035872353,
      0.05114516656414997,
      0.04154064271408803,
      0.011726733894317179,
      0.02819056903463209,
      0.004731843418804582
    ],
    [
      0.03316083887916297,
      0.007084399122257736,
      0.020158381870544542,
      0.04278599466091927,
      0.008724031783074581,
      0.028861118734531278,
      0.0207466377796005,
      0.035088298463429334,
      0.018508316084225193,
      0.02890246857936779,
      0.014294726978133608,
      0.04312155554273779,
      0.033740340882180204,
      0.6169698154187094,
      0.019291582818752175,
      0.0146604065021388,
      0.004689820162576491,
      0.005594871866177995,
      0.0036163938714801887
    ],
    [
      0.05852843216321528,
      0.002955179365427777,
      0.024401733886526066,
      0.0957900040831676,
      0.04871107776314039,
      0.07726993133871843,
      0.052829566551667026,
      0.05381778738576514,
      0.027442159167490373,
      0.07840002669683596,
      0.036278377008496974,
      0.06550152763685,
      0.06968184099160284,
      0.08765794612741544,
      0.13118598419573382,
      0.02339624423384092,
      0.009586144698433255,
      0.03519534188701826,
      0.02137069481865449
    ],
    [
      0.028582250092445662,
      0.07850273782452674,
      0.042681763181641276,
      0.03812783197400498,
      0.06974864870298057,
      0.014189397038971447,
      0.029145984989433757,
      0.014287617253316058,
      0.09834002719574877,
      0.04796402437633454,
      0.020739179025388747,
      0.03094574814638239,
      0.08496912726902092,
      0.01151788428892989,
      0.016106733718193007,
      0.14067915564646016,
      0.04243030912463886,
      0.1072831811262606,
      0.08375839902532155
    ],
    [
      0.01775047667900767,
      0.0961014406726094,
      0.021190696542550895,
      0.011134572412894185,
      0.011143487113440844,
      0.020720006545910257,
      0.04026356757502779,
      0.029254956812591847,
      0.06519716061309518,
      0.0404306975434722,
      0.03062665074884671,
      0.010336192885210095,
      0.013674304428869197,
      0.02457236465654273,
      0.029709378861912574,
      0.11119266983651696,
      0.28773623365229173,
      0.010196969043476776,
      0.12876817337573299
    ],
    [
      0.018550550022764446,
      0.018111851728028927,
      0.011988219922041413,
      0.024124080519342995,
      0.17878443023240767,
      0.05001953882047127,
      0.02521719941333505,
      0.018819121120860056,
      0.15601074258622116,
      0.03007092649682139,
      0.017815886200149917,
      0.01621564373925745,
      0.039718738349311805,
      0.009940539280568737,
      0.028005826477550812,
      0.05630824631063092,
      0.12978317711618206,
      0.08961138039292003,
      0.08090390127113377
    ],
    [
      0.006418361299548332,
      0.17553619777189947,
      0.008638009939330416,
      0.007149388399964487,
      0.10753601322305158,
      0.022168613675819866,
      0.021457782014756673,
      0.0036592397473474195,
      0.021684484729245584,
      0.01406030355624163,
      0.00961911134191509,
      0.0122257870993534,
      0.0011520213610702065,
      0.0008959528341719593,
      0.01956499919578369,
      0.07971217872926202,
      0.12177427752038116,
      0.11322663130457289,
      0.2535206462562841
    ]
  ]
}