{
  "poids_LS": 0.09,
  "poids_EM": 0.91,
  "mae_validation": 8.242342452287438,
  "matrice_de_transition": [
    [
      0.1551126633662661,
      0.005341093529809912,
      0.019356463303388423,
      0.09864619874820561,
      0.012488851776064751,
      0.07603153002508044,
      0.05053630121208867,
      0.034482397959049116,
      0.04437277656357931,
      0.04294463102669567,
      0.03063870538097403,
      0.19290288901446573,
      0.045135396060984885,
      0.07337189718274884,
      0.013742734783420772,
      0.0476341071752131,
      0.02682625681990757,
      0.011557498983717517,
      0.01887760708833969
    ],
    [
      0.01303588275343255,
      0.4112145392358578,
      0.004472628649141422,
      0.02370419465264817,
      0.07816364697204789,
      0.015536563607954218,
      0.02472132603327582,
      0.03193319523780698,
      0.06049035390956526,
      0.011994829809858356,
      0.005185266854504811,
      0.006751923380848481,
      0.017589486080107377,
      0.00032913083096233216,
      0.028325045632364505,
      0.07757100787211924,
      0.10029110533328231,
      0.016678005500487834,
      0.07201186765373466
    ],
    [
      0.04209448013022655,
      0.03591372275842194,
      0.20660184925146138,
      0.02559096162362212,
      0.016790933317832143,
      0.02460765190288339,
      0.04413545283129549,
      0.16615238326763504,
      0.004235644142831656,
      0.04864247832253301,
      0.01253758463197068,
      0.1258531944777391,
      0.040711484134162194,
      0.061008157234261805,
      0.0372618627581969,
      0.030487153991861873,
      0.06663268434158076,
      0.0015820278985017701,
      0.009160292982982083
    ],
    [
      0.0411480209312627,
      0.03149362538350345,
      0.046488836815016726,
      0.10693671423926518,
      0.022555514593594866,
      0.05792945568975323,
      0.039372054832220754,
      0.01211833693436346,
      0.04687902202470304,
      0.06289387309708039,
      0.05957406680178121,
      0.0641405225790317,
      0.07485512308507378,
      0.0691826621743286,
      0.10718118272718292,
      0.05709850330925806,
      0.034112465242614236,
      0.0398732444895069,
      0.026166775050458946
    ],
    [
      0.012996004928046239,
      0.10119864890768261,
      0.019052544608500328,
      0.04980564395497213,
      0.26036262923004283,
      0.030363626948429593,
      0.03927694303142369,
      0.025076816403649234,
      0.11599908432057701,
      0.010462733115193953,
      0.004734319581727076,
      0.008844343989171787,
      0.028170935543790514,
      0.00600613048986582,
      0.0008267416012412268,
      0.019812266714868597,
      0.04529379986238735,
      0.09530832086608025,
      0.12640846590234983
    ],
    [
      0.03398237064970311,
      0.013959577350800289,
      0.06186272368953122,
      0.026407529706776522,
      0.02396264769819346,
      0.16496544831064458,
      0.00931079301966075,
      0.02268976550563466,
      0.04081468592445625,
      0.05054517052274788,
      0.029470821483336827,
      0.08504084583127698,
      0.06261597396280941,
      0.08228026058467909,
      0.068959953356404,
      0.07053233121306586,
      0.05874827473381655,
      0.07904828520786021,
      0.01480254124860239
    ],
    [
      0.03081105325222057,
      0.014567127697804291,
      0.07781488083025669,
      0.013687826731379117,
      0.03032981055743157,
      0.06572803398396916,
      0.05673892121749351,
      0.05545605914717411,
      0.07283143575447043,
      0.010413043011413032,
      0.08768046546743884,
      0.04211099895786716,
      0.09184842937413988,
      0.020551077437301078,
      0.09648581077803736,
      0.10475789644374221,
      0.052128360216733345,
      0.04847303247224405,
      0.027585736668883573
    ],
    [
      0.020962277082755162,
      0.04201879959896997,
      0.07812269203182866,
      0.04120997710144748,
      0.04177897012766645,
      0.03784250831377144,
      0.029352739445682695,
      0.18664598017905826,
      0.00999622809692104,
      0.0540391746499033,
      0.11253476112094839,
      0.08553626802360578,
      0.008332112007203994,
      0.060823787786500404,
      0.0037087925808103337,
      0.057998691985696786,
      0.025121591318231752,
      0.05444378430220273,
      0.04953086424679539
    ],
    [
      0.009335302815495113,
      0.019415883931311186,
      0.03121171324184624,
      0.04091235643203563,
      0.0713712872304524,
      0.012854513319347723,
      0.037270161331263325,
      0.03424147191767384,
      0.26371245890924344,
      0.03725494316437376,
      0.002832564468669345,
      0.011565160094684022,
      0.09227490769633097,
      0.027094231003102303,
      0.039589754461974,
      0.057752104060630145,
      0.072841808946245,
      0.05605884963017672,
      0.08241052734514485
    ],
    [
      0.017504837970759392,
      0.013089087730209696,
      0.015435751136808075,
      0.012994089968416807,
      0.018373597706991113,
      0.08357548793659395,
      0.05086778308752724,
      0.0848697662274893,
      0.04268622593700254,
      0.2332371850952403,
      0.06319552514301725,
      0.05804194059464364,
      0.07396194925026839,
      0.005258582785291484,
      0.10477474386160224,
      0.05622189252575517,
      0.033435905237366115,
      0.026820410883035682,
      0.005655236921981612
    ],
    [
      0.01960808431550423,
      0.011528986145622764,
      0.02002657237083151,
      0.052765596896421615,
      0.006288248581981419,
      0.021167342705705288,
      0.03831049369776585,
      0.09486267411972805,
      0.016318141160136284,
      0.022031266042535497,
      0.45163300769048365,
      0.12701167625808624,
      0.010544748756218676,
      0.05669014567866899,
      0.017585962936592186,
      0.015140177170679281,
      0.008054667141460073,
      0.002268907653871019,
      0.0081633006777075
    ],
    [
      0.07957941409216787,
      0.00025821927377593667,
      0.05301366553556047,
      0.039061436600282856,
      0.008703464837670722,
      0.007487920373715556,
      0.051385120282843894,
      0.028758434997818466,
      0.00834785366268372,
      0.06377015221111891,
      0.08185283948338966,
      0.3706302721582442,
      0.07357304950834245,
      0.05584575459111569,
      0.03563842758516351,
      0.020714185154494705,
      0.010735600133112417,
      0.005707572063125525,
      0.004936617455373534
    ],
    [
      0.07318353183057505,
      0.03652802039376427,
      0.06585574598180441,
      0.0006001459557891208,
      0.0535479771018148,
      0.028669317900267263,
      0.07442664213567272,
      0.031582752774180774,
      0.11753128129244476,
      0.025148692051582086,
      0.07258770759139428,
      0.031090870556106216,
      0.16314436749290348,
      0.0934033031413598,
      0.04912095152862952,
      0.04049657251681877,
      0.011383614990178544,
      0.027153937470664545,
      0.004544567294049783
    ],
    [
      0.03184840462273172,
      0.00680401393272247,
      0.019360556730549375,
      0.041099435515523884,
      0.008676718993797987,
      0.028132857966111237,
      0.022781629836429628,
      0.035095187761643915,
      0.018774823630787918,
      0.02862416462783684,
      0.013728972612244416,
      0.04333331075934287,
      0.032404971190273336,
      0.6202279727340583,
      0.019289200772876637,
      0.015533391712037908,
      0.00543768283188225,
      0.005373438942714486,
      0.0034732648264347984
    ],
    [
      0.056212003449631565,
      0.0028382197599359127,
      0.02343596605460551,
      0.09199884297169658,
      0.04678319869599763,
      0.07421175463665834,
      0.05710995276546815,
      0.05471466692295425,
      0.02900980394079112,
      0.07963795938335218,
      0.03484255733797599,
      0.06843097778814883,
      0.06803234815930638,
      0.08418863427540692,
      0.13962636662994216,
      0.024831775111335726,
      0.009767696758310294,
      0.03380238640336319,
      0.020524888955119353
    ],
    [
      0.02745102647401114,
      0.07539576930904415,
      0.040992511340679216,
      0.03661881487740848,
      0.06735635545813294,
      0.013627811404183659,
      0.030337390951375852,
      0.015512916228129447,
      0.09723194856932979,
      0.048680334601475854,
      0.01991836719061083,
      0.03376471233251641,
      0.08583125144684967,
      0.011062031348734775,
      0.015515236684698102,
      0.1556982777887171,
      0.041092752523933886,
      0.1030371449339284,
      0.0808753465362403
    ],
    [
      0.017047951216777817,
      0.09373396032292164,
      0.020352014621341757,
      0.010855685452123091,
      0.010702452003410204,
      0.019899953516388742,
      0.04122190751218091,
      0.031156168316181173,
      0.06330691846158969,
      0.03883053801008939,
      0.029414514175673357,
      0.011929760980311257,
      0.014339206115230856,
      0.024039131009182278,
      0.02853354592542527,
      0.10903147520411838,
      0.29928003148916704,
      0.009793395070779806,
      0.1265313905971074
    ],
    [
      0.017816359388618096,
      0.01739502382322567,
      0.01151375211510046,
      0.023169301606967944,
      0.17170852929972663,
      0.04803987369565051,
      0.028461759996676543,
      0.018349361999257772,
      0.15241365652857838,
      0.031456444263659025,
      0.017110771970592534,
      0.018015524511860732,
      0.038146756620447225,
      0.009547114243079208,
      0.02694419316407949,
      0.055568947532112924,
      0.125955298639987,
      0.1080519486894755,
      0.08033538191090427
    ],
    [
      0.0061643364460042035,
      0.1688626237254799,
      0.00829613619502974,
      0.006866431075427635,
      0.10327997048335297,
      0.0212912279102861,
      0.024023828293747555,
      0.0042703325043229046,
      0.02250393927042075,
      0.014740317320905177,
      0.009238407726799716,
      0.013918711321112338,
      0.0011064268480990903,
      0.0008604929594685836,
      0.019692608234186317,
      0.07728119571045704,
      0.11992510633050107,
      0.10919465839730637,
      0.2684832492470925
    ]
  ]
}