{
  "poids_LS": 0.6875,
  "poids_EM": 0.3125,
  "mae_validation": 6.6140904187827125,
  "matrice_de_transition": [
    [
      0.28116446894642766,
      0.0018341667341380194,
      0.0066471371234163535,
      0.045920488296188895,
      0.00428875404397828,
      0.026109728717403996,
      0.11717185555867624,
      0.06814595503944806,
      0.07341914668376462,
      0.05975301544276166,
      0.010521533441268554,
      0.14944234703201117,
      0.015499792603360193,
      0.025196393263306607,
      0.004719345736064825,
      0.041258734771949995,
      0.05845552046966141,
      0.003968921354298598,
      0.006482694741874894
    ],
    [
      0.004476608088404035,
      0.5906586456071,
      0.0015359301679743894,
      0.008140176735112695,
      0.026841911734906552,
      0.005335358381852409,
      0.048675688476954714,
      0.01324171703095304,
      0.057125419484031374,
      0.014357399170087356,
      0.0017806548264096191,
      0.031818992731256504,
      0.009116630862382414,
      0.00011302569744585583,
      0.02939431308017905,
      0.05245079698389479,
      0.0626628841688258,
      0.00976647820633873,
      0.032507368565890774
    ],
    [
      0.014455522022742633,
      0.012333009189018522,
      0.40882559815702046,
      0.01625436883620363,
      0.029086585689745016,
      0.012221289503585683,
      0.06917109969743106,
      0.17327430264957885,
      0.016848769587794854,
      0.02077750744724595,
      0.004305489228011909,
      0.08687088379684817,
      0.013980592079039214,
      0.020950603445831665,
      0.012795969353776408,
      0.023960622780223012,
      0.06019880271671198,
      0.0005432788112986847,
      0.003145705007892199
    ],
    [
      0.014130501693428124,
      0.010815118606972339,
      0.01596457308207992,
      0.22873951609509688,
      0.007745712429119115,
      0.019893357036316357,
      0.1044730088808611,
      0.06832636550586592,
      0.09113125452171517,
      0.08705464616920121,
      0.020458127335776514,
      0.10691158496043453,
      0.04933596246091612,
      0.02375778234008537,
      0.04572510836048645,
      0.0593828540481203,
      0.023475948334800163,
      0.013692735058209787,
      0.008985843080514748
    ],
    [
      0.004462913780235659,
      0.03475228327873716,
      0.006542769439732255,
      0.01710358652299867,
      0.4506445391331111,
      0.010427069693828842,
      0.08421210596752918,
      0.0373295606238541,
      0.09273033795434368,
      0.03657678693630025,
      0.0016257965596590232,
      0.03453950857254701,
      0.009674085008169818,
      0.0020625448110802953,
      0.00028390851690976194,
      0.006803663020215864,
      0.032605968719581754,
      0.06237645683128719,
      0.07524611462987846
    ],
    [
      0.011669770140694747,
      0.004793810903434165,
      0.02124406720107528,
      0.00906851981688754,
      0.008228931215038964,
      0.4361723111938135,
      0.05331012468995901,
      0.010425487750659445,
      0.03932603915948461,
      0.06306108189060973,
      0.010120474410486547,
      0.08723073060520546,
      0.021502738311404326,
      0.028255583991991445,
      0.03989069666893225,
      0.0472566239229526,
      0.05690123576084201,
      0.03568323457166531,
      0.01585853779486305
    ],
    [
      0.010580718836614206,
      0.005002447698421803,
      0.026722143142258476,
      0.0047004899489626085,
      0.01905280826313127,
      0.02257144024174765,
      0.3905015989805007,
      0.037218723539882856,
      0.04635552110522777,
      0.05864087117681325,
      0.03420769381360549,
      0.07776332050077459,
      0.07556186387938019,
      0.007057375493578667,
      0.042841390806057394,
      0.08187534346198833,
      0.0332271663016016,
      0.016645958953380512,
      0.009473123856072655
    ],
    [
      0.0071985841630340525,
      0.01442953282931661,
      0.0268278475384027,
      0.015271764054898874,
      0.014347173807577765,
      0.012995366865992938,
      0.015106949473834341,
      0.5814055237531913,
      0.00411018339160892,
      0.035425296789439974,
      0.03864517895636964,
      0.05387271886208503,
      0.014372627890192894,
      0.02436990000172886,
      0.015023794994800919,
      0.03709424825874594,
      0.04133654160420179,
      0.018696354499382804,
      0.029470412265194586
    ],
    [
      0.0032058045382881567,
      0.006667542558829391,
      0.010718308118765878,
      0.014049572950561686,
      0.024509370614853157,
      0.004414324628896883,
      0.09488517418627526,
      0.0393665853793391,
      0.4475950968681367,
      0.07098877450833012,
      0.0009727213147902971,
      0.056514010203273186,
      0.06124967094014782,
      0.00930433756974667,
      0.013595382713589971,
      0.04610974488293535,
      0.041849662072706253,
      0.019250978581791457,
      0.03475293736874272
    ],
    [
      0.010719647334251185,
      0.0044948790282313515,
      0.005300738714563212,
      0.015446742613920244,
      0.0063096145971810146,
      0.028700373604599566,
      0.0757974652077631,
      0.05582906559243839,
      0.02235076532070749,
      0.48526748047844687,
      0.021701760007904275,
      0.06171199822687834,
      0.028692450483351124,
      0.006160805756268473,
      0.03598033786456121,
      0.04129849925602172,
      0.08308502433151907,
      0.009210305935108408,
      0.001942045646284894
    ],
    [
      0.02164928258778568,
      0.003959129857700125,
      0.006877256995477854,
      0.02919500337021592,
      0.025391872804247286,
      0.007269005050036157,
      0.03879851144637337,
      0.11890643706560967,
      0.005603757266530317,
      0.007565682020101475,
      0.5365920041352819,
      0.10031946701119977,
      0.0036211362487014683,
      0.019467769807235233,
      0.006039135623829734,
      0.046471657979270636,
      0.018690401605548246,
      0.0007791578481699928,
      0.0028033312766852676
    ],
    [
      0.02732809549868402,
      8.867420115931891e-05,
      0.018205242285563347,
      0.013413954876470761,
      0.002988827210738572,
      0.002571401227237485,
      0.0635101303524156,
      0.06962044413852733,
      0.05234813406680266,
      0.07254150754034325,
      0.028108804767647547,
      0.4950227649439594,
      0.05036881970323206,
      0.019177800340355662,
      0.012238471011388568,
      0.025510010761945236,
      0.039308828522249074,
      0.005952821567978865,
      0.001695266983301351
    ],
    [
      0.02513170735940077,
      0.012543963047309158,
      0.022615297383861404,
      0.00020609407822428597,
      0.018388728400348487,
      0.00984523279542145,
      0.08399372438440691,
      0.05422724958446272,
      0.09308307892881532,
      0.051675289312194735,
      0.02492709738715463,
      0.057204826653002194,
      0.45523872516239344,
      0.032075310144697736,
      0.01686845862933706,
      0.023861054040328608,
      0.005916587117569589,
      0.01063694121811497,
      0.0015606343729566562
    ],
    [
      0.0109369521369271,
      0.002336543246127222,
      0.006648542833293055,
      0.014226926465557245,
      0.007922868551324253,
      0.01652923638928523,
      0.05520583660857374,
      0.035204957246529604,
      0.023021177206020666,
      0.02418985500011032,
      0.004714619715743274,
      0.046707277210583764,
      0.011128080765890568,
      0.672141279291949,
      0.019251246841926396,
      0.029442956056430342,
      0.017353628029487325,
      0.0018452743621959087,
      0.0011927420420449171
    ],
    [
      0.019303572613197654,
      0.000974663379098871,
      0.008048065266004639,
      0.03159300926225844,
      0.016065658892856327,
      0.0254848058505008,
      0.1253107731053661,
      0.06900494754883398,
      0.05398761066204963,
      0.099362353521844,
      0.011965163921008238,
      0.11510688353217688,
      0.04175042903138283,
      0.028910932100071056,
      0.2741097934149948,
      0.04770456709275295,
      0.012660426245684447,
      0.011607962363792301,
      0.0070483821961261515
    ],
    [
      0.009426863486954373,
      0.025891404295688238,
      0.014077098674683798,
      0.012575142471637527,
      0.02923914975689411,
      0.004679880289898234,
      0.04932045927831989,
      0.035036013226822774,
      0.07957656245505355,
      0.06009354418872738,
      0.006840098623149323,
      0.0786802083649185,
      0.09956776334692087,
      0.003798774501625953,
      0.006090717284345983,
      0.3950029572553439,
      0.019781017352701272,
      0.035383634936101784,
      0.034938710210212484
    ],
    [
      0.005854378851915459,
      0.05601210675122985,
      0.006989016010076152,
      0.006412086543837004,
      0.003675292583588669,
      0.006833775246012617,
      0.056491457177487374,
      0.06144880494003779,
      0.0331890601809354,
      0.013334662778190039,
      0.010101138109777938,
      0.03732061262892309,
      0.024933306317926607,
      0.015542941561239084,
      0.009798607804060876,
      0.07459644072790107,
      0.4832112103567132,
      0.003363116439141417,
      0.0908919849910064
    ],
    [
      0.006118255284552917,
      0.005973565873360464,
      0.003953898391174608,
      0.007956490936458772,
      0.05896584110567535,
      0.016497209373506357,
      0.08015842529125101,
      0.010864533328394687,
      0.09510008534347009,
      0.05353236068193869,
      0.005875951912978204,
      0.04669362482200637,
      0.013099847740538195,
      0.0032785419790793986,
      0.010028835702769752,
      0.04378945366105927,
      0.06496443491927927,
      0.40187167021459264,
      0.07127697343791391
    ],
    [
      0.0021168737795344106,
      0.06253034391919449,
      0.0028489478691723007,
      0.0023579777044737756,
      0.03546702283082176,
      0.007311548046114732,
      0.0649094990056689,
      0.014007077098798969,
      0.035560581626478384,
      0.02557520330454436,
      0.003172530125961441,
      0.04089263725447142,
      0.00037995427475930293,
      0.00029549895586146414,
      0.021725845579401527,
      0.03854753294416459,
      0.09046164537174525,
      0.04495189007485976,
      0.5068873902339731
    ]
  ]
}