{
  "poids_LS": 0.875,
  "poids_EM": 0.125,
  "mae_validation": 6.122906250707662,
  "matrice_de_transition": [
    [
      0.3207204748816248,
      0.0007336666936552077,
      0.0026588548493665415,
      0.029374763258945162,
      0.001715501617591312,
      0.010443891486961598,
      0.13808259437036688,
      0.07870983278434313,
      0.08253411638675164,
      0.06502761306286604,
      0.0042086133765074215,
      0.13580410164002754,
      0.006199917041344078,
      0.010078557305322642,
      0.0018877382944259302,
      0.039258094896449026,
      0.06838102161498165,
      0.001587568541719439,
      0.0025930778967499573
    ],
    [
      0.0017906432353616138,
      0.6469695576482848,
      0.0006143720671897558,
      0.003256070694045078,
      0.010736764693962621,
      0.002134143352740964,
      0.05619274782120541,
      0.007376190397003059,
      0.05606947771869648,
      0.015098791228736624,
      0.0007122619305638476,
      0.039685227883058186,
      0.0064577850827616115,
      4.521027897834233e-05,
      0.02972985725836353,
      0.04456788561729716,
      0.050854864974958704,
      0.007597588888091101,
      0.02011055922870127
    ],
    [
      0.005782208809097053,
      0.004933203675607409,
      0.4722849335876353,
      0.013324475702076488,
      0.03294505400729089,
      0.008334355696274687,
      0.07702747423701335,
      0.17550921458951937,
      0.02080686334667452,
      0.01203326972487553,
      0.0017221956912047637,
      0.07463794111456021,
      0.005592236831615686,
      0.008380241378332666,
      0.005118387741510563,
      0.021912548132219184,
      0.05817980220681592,
      0.0002173115245194739,
      0.0012582820031568796
    ],
    [
      0.00565220067737125,
      0.004326047442788935,
      0.006385829232831967,
      0.2669621526607344,
      0.003098284971647646,
      0.007957342814526543,
      0.12490217856139676,
      0.08596486819566795,
      0.10501793835968969,
      0.09463647872321403,
      0.008183250934310606,
      0.12033346646087473,
      0.041327857662540296,
      0.009503112936034149,
      0.026439729375121443,
      0.06009970051429046,
      0.020138129221469386,
      0.005477094023283915,
      0.003594337232205899
    ],
    [
      0.0017851655120942635,
      0.013900913311494864,
      0.002617107775892902,
      0.006841434609199468,
      0.5103564355462079,
      0.004170827877531537,
      0.09831309852070037,
      0.04117456404023638,
      0.08542843009883114,
      0.04477157370024574,
      0.0006503186238636093,
      0.042602844738878154,
      0.0038696340032679274,
      0.0008250179244321181,
      0.00011356340676390478,
      0.0027214652080863456,
      0.028624431750082092,
      0.052042189874762175,
      0.05919098347742928
    ],
    [
      0.004667908056277899,
      0.0019175243613736661,
      0.008497626880430112,
      0.0036274079267550165,
      0.0032915724860155854,
      0.5212790673286992,
      0.06711744634381829,
      0.0065768650242027885,
      0.03885889059307092,
      0.06698866913993876,
      0.004048189764194619,
      0.08791793294012026,
      0.008601095324561731,
      0.011302233596796578,
      0.030768544988763295,
      0.03995253167710116,
      0.05632162102036883,
      0.02207495508331963,
      0.016189917464191707
    ],
    [
      0.004232287534645682,
      0.002000979079368721,
      0.01068885725690339,
      0.0018801959795850436,
      0.01551400001178181,
      0.00902857609669906,
      0.4952388409563398,
      0.03149571027399648,
      0.03804717968810142,
      0.07377512687725266,
      0.017427535344829347,
      0.08895128751214722,
      0.07045101696679867,
      0.002822950197431467,
      0.02600736780229799,
      0.07469462599909484,
      0.027295829298945196,
      0.006658383581352205,
      0.003789249542429062
    ],
    [
      0.002879433665213621,
      0.005771813131726644,
      0.01073113901536108,
      0.007132157450333414,
      0.005738869523031106,
      0.005198146746397176,
      0.01063651329019992,
      0.7052840416111829,
      0.0022630982330381715,
      0.029584121728625127,
      0.015458071582547854,
      0.043936458664955075,
      0.01626818726769987,
      0.012930395466758712,
      0.018574527969902565,
      0.030534276377903624,
      0.04642491512490368,
      0.007478541799753122,
      0.0231752913504663
    ],
    [
      0.0012823218153152627,
      0.0026670170235317562,
      0.004287323247506351,
      0.005619829180224674,
      0.009803748245941263,
      0.0017657298515587532,
      0.1129651991407769,
      0.04097488458279054,
      0.5052988535497978,
      0.08157470484639175,
      0.0003890885259161188,
      0.07061929789425306,
      0.051513717983186574,
      0.0037217350278986676,
      0.005438153085435988,
      0.042456284889934894,
      0.03212409297013133,
      0.007700391432716582,
      0.019797626706691843
    ],
    [
      0.008590403410660745,
      0.0017979516112925406,
      0.002120295485825285,
      0.01621640348594015,
      0.002523845838872406,
      0.011480149441839827,
      0.08362058721202123,
      0.046715875016585584,
      0.01596934462521741,
      0.564356485305813,
      0.00868070400316171,
      0.062863689952475,
      0.014486540828460766,
      0.006443930119545771,
      0.014392135145824483,
      0.03661542605422252,
      0.09866529182968423,
      0.003684122374043363,
      0.0007768182585139576
    ],
    [
      0.022289825978668982,
      0.00158365194308005,
      0.0027509027981911416,
      0.02179837360257815,
      0.0313867339618621,
      0.0029076020200144628,
      0.03895165509133389,
      0.1264515509607608,
      0.0022415029066121268,
      0.00302627280804059,
      0.5632527770782103,
      0.09194325072033582,
      0.0014484544994805874,
      0.0077871079228940925,
      0.0024156542495318936,
      0.05630371262631812,
      0.022027975182144954,
      0.00031166313926799715,
      0.001121332510674107
    ],
    [
      0.010931238199473609,
      3.546968046372756e-05,
      0.00728209691422534,
      0.005365581950588305,
      0.0011955308842954288,
      0.001028560490894994,
      0.06731504983031467,
      0.08244325035423095,
      0.06615575344048015,
      0.07529402490307054,
      0.01124352190705902,
      0.5340580660273428,
      0.04308715763049867,
      0.007671120136142265,
      0.004895388404555427,
      0.02701497695675189,
      0.048275322786622506,
      0.006029782709669243,
      0.0006781067933205404
    ],
    [
      0.010052682943760308,
      0.005017585218923664,
      0.009046118953544562,
      8.243763128971439e-05,
      0.007355491360139395,
      0.00393809311816858,
      0.08699594684739882,
      0.06133326322785664,
      0.08541104889838766,
      0.05999953531447904,
      0.009970838954861852,
      0.06539958275035448,
      0.5469001344729029,
      0.012830124057879094,
      0.006747383451734824,
      0.018640703053982324,
      0.004200992596876402,
      0.005453783398277238,
      0.0006242537491826625
    ],
    [
      0.00437478085477084,
      0.0009346172984508887,
      0.0026594171333172217,
      0.005794130738580267,
      0.0076863046049412825,
      0.012887932547185017,
      0.06538079689271939,
      0.03523940373760252,
      0.02435371493883429,
      0.022798335242455555,
      0.0018858478862973098,
      0.047766053293609154,
      0.004451232306356227,
      0.6884320658686929,
      0.019239336612548702,
      0.03380788210592588,
      0.02109294137601611,
      0.0007381097448783634,
      0.0004770968168179668
    ],
    [
      0.007721429045279061,
      0.0003898653516395484,
      0.0032192261064018556,
      0.012637203704903377,
      0.0064262635571425315,
      0.01019392234020032,
      0.1467127041743717,
      0.0734893452347795,
      0.06182583452855334,
      0.10555201695442512,
      0.004786065568403295,
      0.12975413428867105,
      0.03350296486990055,
      0.011564372840028422,
      0.3163117055860365,
      0.054882221480226964,
      0.013568186545069642,
      0.004643184945516921,
      0.0028193528784504606
    ],
    [
      0.0037707453947817497,
      0.010356561718275295,
      0.005630839469873519,
      0.005030056988655011,
      0.017277683532655984,
      0.0018719521159592937,
      0.05527748908803037,
      0.04116250810088972,
      0.0740361693229585,
      0.06367509531443394,
      0.0027360394492597293,
      0.0927750292955886,
      0.10387838423606456,
      0.0015195098006503811,
      0.0031332321168714697,
      0.4700985679666285,
      0.013093234349176395,
      0.014153453974440714,
      0.020523447764806274
    ],
    [
      0.0023417515407661836,
      0.04417470500279101,
      0.002795606404030461,
      0.0050176517399815376,
      0.0014701170334354675,
      0.002733510098405047,
      0.061283156863253,
      0.07095486245798442,
      0.02373784942340791,
      0.0053338651112760154,
      0.004040455243911175,
      0.045288453104428895,
      0.0282578147497349,
      0.012876773324436826,
      0.00391944312162435,
      0.0637904675659082,
      0.5409301995410897,
      0.0013452465756565667,
      0.07970807109787847
    ],
    [
      0.002447302113821167,
      0.0023894263493441856,
      0.0015815593564698434,
      0.0031825963745835085,
      0.02358633644227014,
      0.0065988837494025425,
      0.09638122820795848,
      0.00851573772038326,
      0.07711465505525616,
      0.06045994951612686,
      0.002350380765191282,
      0.05569302868502278,
      0.005239939096215278,
      0.0013114167916317594,
      0.0047206691354131376,
      0.040092959768469216,
      0.04582504253830402,
      0.49407451169737,
      0.06843437663676631
    ],
    [
      0.0008467495118137642,
      0.029162473687096555,
      0.0011395791476689202,
      0.0009431910817895102,
      0.014186809132328703,
      0.0029246192184458927,
      0.0777397304006233,
      0.017062540883676397,
      0.03965785433235421,
      0.028975272127862092,
      0.0012690120503845764,
      0.04935725836326611,
      0.00015198170990372118,
      0.00011819958234458565,
      0.022363890771414673,
      0.026392617850139757,
      0.0812157894223449,
      0.024792025538527142,
      0.5817004051880151
    ]
  ]
}