{
  "poids_LS": 0.05,
  "poids_EM": 0.95,
  "mae_validation": 8.353560826733565,
  "matrice_de_transition": [
    [
      0.14667404876675738,
      0.005575866871779579,
      0.020207296855185714,
      0.1021759534228176,
      0.013037812293693971,
      0.07937357530090815,
      0.046075343598927995,
      0.03222877070680484,
      0.04242824969360874,
      0.04181938353440673,
      0.0319854616614564,
      0.19581238136475557,
      0.047119369514214984,
      0.07659703552045208,
      0.014346811037637068,
      0.048060910348653306,
      0.02470881657557258,
      0.012065520917067736,
      0.019707392015299675
    ],
    [
      0.013608888588748265,
      0.3992015446670717,
      0.004669227710642144,
      0.02474613727474259,
      0.08159941167411591,
      0.016219489480831323,
      0.023117686706502334,
      0.03318450758638297,
      0.06071562148617004,
      0.011836666170679844,
      0.005413190672285241,
      0.005073793215130788,
      0.018156706513093146,
      0.0003435981202354017,
      0.028253462874351817,
      0.07925269563032672,
      0.10281014942797395,
      0.017140701888380662,
      0.07465652031233508
    ],
    [
      0.0439447869491376,
      0.03749234793461631,
      0.19306385769293022,
      0.026216005492235912,
      0.015967793410089023,
      0.02543686444844307,
      0.042459426262851256,
      0.16567560205378104,
      0.0033912508076039934,
      0.050507915703305366,
      0.013088687253156204,
      0.1284628889166272,
      0.04250099992027921,
      0.06368983447532825,
      0.03889974683548028,
      0.030924076583436017,
      0.06706340445035858,
      0.0016515675863480015,
      0.009562943223992284
    ],
    [
      0.0429567251480215,
      0.03287796056519591,
      0.04853230216952295,
      0.09878255177192917,
      0.02354696578452211,
      0.06047580539040172,
      0.03501383196703981,
      0.008355456360539028,
      0.0439165294726018,
      0.06127641548555766,
      0.0621927071007606,
      0.061277187858937786,
      0.07656351877539395,
      0.07222365831385953,
      0.11129539691072744,
      0.056945576063141747,
      0.0348245333201248,
      0.04162591457695775,
      0.02731696296476483
    ],
    [
      0.013567257891916401,
      0.10564694116736095,
      0.019890019096786053,
      0.051994903029915954,
      0.24762409132858215,
      0.031698291869239684,
      0.03626873128674717,
      0.02425654900815435,
      0.11755682466308634,
      0.008714511938885582,
      0.0049424215413634304,
      0.007124165607021144,
      0.029409218424836247,
      0.006270136225684097,
      0.0008630818914056763,
      0.020683135581456225,
      0.046143194415880606,
      0.09751296448347224,
      0.12983356054820563
    ],
    [
      0.03547610122771203,
      0.014573185146439863,
      0.06458196429126885,
      0.027568300243338124,
      0.02501595089371845,
      0.14680934033520232,
      0.006365231066837437,
      0.023510805020612077,
      0.04091434428529118,
      0.04970728524289102,
      0.030766242207879102,
      0.08489424266649515,
      0.06536832446666915,
      0.08589697533565399,
      0.0709060123815067,
      0.07209053755884749,
      0.058871925878450825,
      0.08195138483204062,
      0.014731846919145608
    ],
    [
      0.032165385263307186,
      0.01520744100320228,
      0.08123531515246576,
      0.01428948944484633,
      0.03108475631771945,
      0.06861717833491285,
      0.03439497626264784,
      0.05667696864389653,
      0.07460388192345739,
      0.007184401795319295,
      0.0912602326074444,
      0.039724232662107666,
      0.09293874338215725,
      0.021454421500479146,
      0.10007706901883935,
      0.10628978283582614,
      0.05339371211063337,
      0.05060371521827675,
      0.02879829652246087
    ],
    [
      0.021883695855623518,
      0.043865779801122495,
      0.0815566565167442,
      0.04294642651042144,
      0.043615408375036406,
      0.039505915272618534,
      0.030306432498191368,
      0.16021856303602006,
      0.010390272930749464,
      0.05528529199621047,
      0.11748134402736368,
      0.08765600353232683,
      0.007927726006669172,
      0.06326421542062736,
      0.0029513028794553153,
      0.0593981526536098,
      0.02403607163381535,
      0.056836917678123725,
      0.05087382337527076
    ],
    [
      0.009745645796395997,
      0.020269329378841346,
      0.03258365668104827,
      0.042710701769707524,
      0.07450848666915359,
      0.013419546871846523,
      0.033413089340969634,
      0.03389836808760419,
      0.2514023241504891,
      0.03499661135892061,
      0.0029570727969625028,
      0.008556032053941651,
      0.09435191099381603,
      0.028285186212029873,
      0.04132996344931351,
      0.0585315088591369,
      0.07491659702146099,
      0.05852297488864602,
      0.08560099361971571
    ],
    [
      0.017959076674458688,
      0.013664432245823307,
      0.016114245692272162,
      0.012829895649052559,
      0.019181228375430282,
      0.08724913575798268,
      0.04919885039328551,
      0.08681391355033788,
      0.04404759568537376,
      0.2163648640654022,
      0.06597335042402899,
      0.05779624635984969,
      0.07699254330997833,
      0.00519818292112566,
      0.10938022710826606,
      0.057220948142139,
      0.030112114837757546,
      0.027999330042729555,
      0.005903818764706078
    ],
    [
      0.01947143505878246,
      0.012035754767408379,
      0.020906861266252675,
      0.05434354458018433,
      0.005009344868356927,
      0.022097775352109918,
      0.038277823053507604,
      0.09325304982209581,
      0.01703542209025216,
      0.022999673341108483,
      0.4459453761293255,
      0.12879860240013719,
      0.011008254196052463,
      0.0591820202139951,
      0.01835897229644239,
      0.013042672179309147,
      0.007342651445119441,
      0.0023686398584367783,
      0.008522127081123213
    ],
    [
      0.08307741031599943,
      0.0002695695715243295,
      0.05534393654811258,
      0.04077842282447111,
      0.009086034720645259,
      0.007817059730801953,
      0.050573404127558744,
      0.026022903005135024,
      0.005402228196299189,
      0.06318294850707042,
      0.08545076649364854,
      0.3623027412604557,
      0.07512647075052557,
      0.058300513034681214,
      0.037204951874621243,
      0.020393125699602617,
      0.008822748023379418,
      0.005691153686231578,
      0.005153611629236107
    ],
    [
      0.07640039037257834,
      0.03813364766381984,
      0.06875050404693867,
      0.0006265259978018293,
      0.0559017343370594,
      0.02992950769808121,
      0.07378616801023445,
      0.030066803196923404,
      0.1191679810322693,
      0.023372852904428098,
      0.07577837605695008,
      0.029342655922004388,
      0.14358993350666147,
      0.09750894283988111,
      0.05128011423318466,
      0.04161024739390597,
      0.011749608487926423,
      0.02825967780556326,
      0.004744328493788235
    ],
    [
      0.033248334496258386,
      0.007103091468226754,
      0.020211570213210885,
      0.04289843193727897,
      0.008727185969026352,
      0.028909669452425946,
      0.02061097164247856,
      0.035087839176881686,
      0.018490548914454348,
      0.02892102217613652,
      0.014332443935859553,
      0.04310743852829745,
      0.03382936552830732,
      0.6167526049310195,
      0.019291741621810545,
      0.014602207488145525,
      0.004639962651289441,
      0.005609634061075562,
      0.003625935807816548
    ],
    [
      0.05868286074412086,
      0.0029629766724605677,
      0.024466118408654102,
      0.09604274815726566,
      0.04883960303428324,
      0.07747380978552243,
      0.05254420747074695,
      0.0537579954166192,
      0.027337649515936993,
      0.0783174978510682,
      0.03637409831986504,
      0.06530623096009674,
      0.06979180718042259,
      0.087889233584216,
      0.13062329203345327,
      0.023300542175341263,
      0.009574041227774785,
      0.03528820558592859,
      0.0214270818762235
    ],
    [
      0.028657665000341295,
      0.07870986905889224,
      0.04279437997103874,
      0.03822843311377808,
      0.06990813491930374,
      0.014226836081290632,
      0.02906655792530428,
      0.014205930654995166,
      0.09841389910417671,
      0.04791627036132512,
      0.02079389981437394,
      0.030757817200640122,
      0.08491165232383233,
      0.011548274484942896,
      0.01614616685375933,
      0.13967788083697638,
      0.04251947956468586,
      0.10756625020574942,
      0.08395060252459362
    ],
    [
      0.017797311709822995,
      0.0962592726959219,
      0.021246608670631502,
      0.01115316487694559,
      0.011172889454109552,
      0.020774676747878355,
      0.040199678245884246,
      0.02912820937901922,
      0.06532317675652888,
      0.040537374845697714,
      0.03070745985372493,
      0.010229955012203352,
      0.01362997764977842,
      0.024607913566366758,
      0.02978776772434506,
      0.11133674947867685,
      0.2869666471298334,
      0.010223873974989906,
      0.12891729222764134
    ],
    [
      0.01859949606504087,
      0.01815964025501581,
      0.01201985110917081,
      0.024187732446834663,
      0.17925615696125305,
      0.05015151649545932,
      0.025000895374445616,
      0.01885043839563354,
      0.15625054832339735,
      0.029978558645698882,
      0.01786289381545374,
      0.016095651687750564,
      0.03982353713123611,
      0.00996676761640137,
      0.028076602031782236,
      0.05635753289586546,
      0.13003836901459506,
      0.08838200917314966,
      0.08094180256181573
    ],
    [
      0.006435296289784607,
      0.17598110270832742,
      0.008660801522283794,
      0.007168252221600277,
      0.10781974940569813,
      0.022227106060188784,
      0.02128671226282395,
      0.00361850023021572,
      0.02162985442650057,
      0.01401496930526406,
      0.009644491582922781,
      0.012112925484569471,
      0.0011550609952682808,
      0.0008983168258188509,
      0.01955649192655685,
      0.07987424426384901,
      0.12189755559970648,
      0.11349542949839064,
      0.2525231393902302
    ]
  ]
}