{
  "poids_LS": 0.315,
  "poids_EM": 0.685,
  "mae_validation": 7.621091124894117,
  "matrice_de_transition": [
    [
      0.20257987048850268,
      0.004020493481230539,
      0.014570524574528648,
      0.07879132870351312,
      0.00940094886440039,
      0.057232525348549564,
      0.07562918778611746,
      0.047159051252923204,
      0.055310740207163735,
      0.04927414817082094,
      0.023063201303260672,
      0.17653699454408536,
      0.033975545386565546,
      0.055230494033168084,
      0.010344805853454098,
      0.04523333932461193,
      0.03873685819429186,
      0.008699875608622527,
      0.014210066874189768
    ],
    [
      0.009812724929781644,
      0.47878763368527955,
      0.003366758928199862,
      0.01784326740336703,
      0.058837470522915165,
      0.011695105573020483,
      0.03374179724637666,
      0.024894563277067006,
      0.05922322379116338,
      0.012884500280237477,
      0.003903195379489885,
      0.0161914055630105,
      0.014398871144562411,
      0.000247752328801316,
      0.028727698646185885,
      0.06811151423220208,
      0.08612148230064179,
      0.014075338318590683,
      0.05713569644910726
    ],
    [
      0.031686504273851855,
      0.027033956142328605,
      0.28275305176819915,
      0.022075089862669553,
      0.0214210952988872,
      0.019943331334110196,
      0.05356310227879424,
      0.1688342775955637,
      0.008985356653487254,
      0.03814939305568851,
      0.009437632387802106,
      0.11117366325899355,
      0.030645457837253958,
      0.045923722753263015,
      0.02804876482347789,
      0.02802946441425728,
      0.06420988372970549,
      0.001190867154366717,
      0.0068953853772997006
    ],
    [
      0.03097405971199445,
      0.023706739986483368,
      0.03499434419591918,
      0.15280387811803026,
      0.016978601644629103,
      0.04360623862360546,
      0.06388705844886357,
      0.03328454016212589,
      0.06354304263027245,
      0.07199207216189576,
      0.044844215120022124,
      0.08024678037955996,
      0.06524539732702278,
      0.05207705888946714,
      0.08403872794474493,
      0.05795871906866225,
      0.030107082306617308,
      0.030014475247595856,
      0.019696968032488327
    ],
    [
      0.009782707006276564,
      0.07617700494699185,
      0.014341750611893104,
      0.03749106165841309,
      0.3320169049257589,
      0.022856136768872826,
      0.05619813409522911,
      0.02969082050330797,
      0.10723679489396196,
      0.02029647723192854,
      0.0035637460587725793,
      0.018520347388769155,
      0.021205594337908244,
      0.004521098225888007,
      0.0006223274690661982,
      0.014913629340313175,
      0.04051595549898776,
      0.08290720051825023,
      0.10714230851941083
    ],
    [
      0.02558013614840289,
      0.01050803350032769,
      0.04656699530475702,
      0.01987819543861749,
      0.01803781722336541,
      0.26709355567250737,
      0.02587957900429189,
      0.01807141823388667,
      0.040254107644759826,
      0.055258275221942724,
      0.02218407990778651,
      0.08586548863317474,
      0.04713400237859829,
      0.06193624011044525,
      0.05801337134020125,
      0.06176742051804413,
      0.058052737045248735,
      0.0627183498218454,
      0.015200196851796782
    ],
    [
      0.023192935689858342,
      0.010965365354940594,
      0.058574937767830584,
      0.01030347396812604,
      0.02608324065581221,
      0.049476597009910854,
      0.1824236115885004,
      0.04858844322811046,
      0.06286142605391881,
      0.028574149851940314,
      0.06754427530490746,
      0.05553655937151431,
      0.08571541307904208,
      0.01546976708192444,
      0.07628498317352607,
      0.09614103548827004,
      0.04501075581354566,
      0.036487942025810086,
      0.020765087492511262
    ],
    [
      0.015779296485370645,
      0.031629535961862014,
      0.058806641804178716,
      0.031442449175968924,
      0.03144900498621046,
      0.028485844170256524,
      0.02398821602532139,
      0.3353002016086481,
      0.0077797259066361415,
      0.04702976457692548,
      0.08471023227236224,
      0.07361275578704986,
      0.010606783260212367,
      0.047096382344536225,
      0.00796967215093231,
      0.050126725728686004,
      0.031227639543074025,
      0.040982409062647114,
      0.041976719149121454
    ],
    [
      0.0070271235479276405,
      0.014615253288954026,
      0.023494531396334808,
      0.03079666390763122,
      0.053724540387758125,
      0.009676199586541968,
      0.0589661912766653,
      0.03617143096181557,
      0.33295696692723675,
      0.0499580595700477,
      0.002132205122020331,
      0.02849150532385986,
      0.08059176414797749,
      0.0203951079528847,
      0.02980107890818922,
      0.0533679520690296,
      0.06117112602315511,
      0.04219814505128688,
      0.06446415455068381
    ],
    [
      0.014949745262450865,
      0.009852774829883122,
      0.011619219262322561,
      0.013917683014840697,
      0.013830675197020786,
      0.06291121894128225,
      0.06025552949263699,
      0.07393393753646595,
      0.03502852110241445,
      0.3281439908880796,
      0.04757025793732617,
      0.059423970665359635,
      0.05691485766439997,
      0.005598332021224242,
      0.07886890059911818,
      0.050602204683596136,
      0.052132226235164295,
      0.02018899060975763,
      0.004256964056656488
    ],
    [
      0.020376736384564192,
      0.008678412648078674,
      0.015074947334087457,
      0.04388964117525629,
      0.013482081971119195,
      0.015933659069679258,
      0.03849426607171848,
      0.10391681079390942,
      0.012283435928234455,
      0.016583974988062435,
      0.48362593522199765,
      0.11696021670904949,
      0.00793753065715362,
      0.04267335141745963,
      0.013237785287434778,
      0.026938642747136275,
      0.012059755433376122,
      0.0017079140031886245,
      0.0061449021584941066
    ],
    [
      0.05990318533311538,
      0.00019437384894122707,
      0.03990589108995486,
      0.02940338908922391,
      0.00655150924593895,
      0.005636511490104567,
      0.055951023656322776,
      0.04414580245666281,
      0.02491699691109671,
      0.06707317304639167,
      0.06161450005068343,
      0.4174726334583043,
      0.0648350550210624,
      0.04203773834605962,
      0.026826728456963742,
      0.022520144588262687,
      0.021495393250360532,
      0.00579992543315398,
      0.0037160252273965616
    ],
    [
      0.05508870253180649,
      0.02749636699970168,
      0.0495727318654242,
      0.0004517582194676349,
      0.04030809265356389,
      0.02158075028756382,
      0.07802930909126302,
      0.04010996914625348,
      0.10832484525593158,
      0.035137787254323254,
      0.054640197472642954,
      0.04092457787292897,
      0.27313805866551477,
      0.07030907983717744,
      0.036975661315506836,
      0.03423215133320323,
      0.00932490156534672,
      0.02093414808685927,
      0.0034209105455209905
    ],
    [
      0.023973799084144206,
      0.00512170279551087,
      0.014573605890578377,
      0.03098008064315151,
      0.008392842258138421,
      0.023763293355590985,
      0.034991582177404404,
      0.035136523550931414,
      0.020373868910164267,
      0.02695434091865112,
      0.010334446416909258,
      0.04460384205897333,
      0.024392753038832128,
      0.639776916626151,
      0.019274908497623408,
      0.02077130297143255,
      0.009924858847716794,
      0.004044841401933432,
      0.0026144905561624582
    ],
    [
      0.04231343116812926,
      0.0021364621269847252,
      0.01764135906308217,
      0.06925187630287051,
      0.035215924293141077,
      0.05586269442429776,
      0.08279227004827491,
      0.060095944146088875,
      0.03841567258059558,
      0.08706555550244952,
      0.026227639314850056,
      0.08600767869594182,
      0.05813539116552764,
      0.06337276316335576,
      0.1902686612351921,
      0.03344496037630455,
      0.010857009117572529,
      0.025444653501432726,
      0.015450053773908526
    ],
    [
      0.02066368476340399,
      0.05675395821614862,
      0.030857000294906886,
      0.02756471229782946,
      0.05300259598904719,
      0.01025829759545693,
      0.037485826723028415,
      0.022864710077009784,
      0.09058347681081573,
      0.05297819595232371,
      0.014993496181943318,
      0.05067849744932055,
      0.0910039965138221,
      0.008326913707564089,
      0.011966254483728686,
      0.24581301064225858,
      0.03306741291970403,
      0.07756092777993512,
      0.06357703160175285
    ],
    [
      0.012832798443398687,
      0.07952907822479502,
      0.015319923094086927,
      0.009182363687496531,
      0.008056241343226363,
      0.014979635339259658,
      0.04697194713509966,
      0.04256343733771714,
      0.05196546555255669,
      0.029229580809792568,
      0.02214169473663324,
      0.021491169550918225,
      0.018328616233400805,
      0.020839729125019572,
      0.021478548306501442,
      0.09606430740972693,
      0.36854281851041876,
      0.007371951234597986,
      0.1131106939253539
    ],
    [
      0.013411215583739996,
      0.013094056394406138,
      0.008666945273454742,
      0.017440628132717628,
      0.12925312370364037,
      0.03616188294672593,
      0.047929123496725505,
      0.015530807269644058,
      0.1308311401827217,
      0.03976955086468484,
      0.012880086593248226,
      0.028814809147480427,
      0.028714866247259725,
      0.007186564018142042,
      0.020574393283251557,
      0.05113315486100486,
      0.10298802778281672,
      0.21869535846880833,
      0.07692426574952714
    ],
    [
      0.004640187324739428,
      0.12882117944696236,
      0.006244893729225683,
      0.0051686871282065165,
      0.0777437140451613,
      0.01602691331708349,
      0.03942010596769283,
      0.007936889046175816,
      0.027420666517471742,
      0.01882039990888646,
      0.006954186036107479,
      0.02407625665166597,
      0.0008328597702723921,
      0.0006477337112483294,
      0.02045826246460209,
      0.06269529759762725,
      0.10883007919122065,
      0.08500282095370723,
      0.358258867191943
    ]
  ]
}