{
  "poids_LS": 0.1,
  "poids_EM": 0.9,
  "mae_validation": 8.214561747680149,
  "matrice_de_transition": [
    [
      0.1572223170161433,
      0.005282400194317496,
      0.0191437549154391,
      0.0977637600795526,
      0.012351611646657447,
      0.07519601870612351,
      0.05165154061537884,
      0.03504580477211019,
      0.04485890828107196,
      0.04322594289976791,
      0.030302016310853434,
      0.19217551592689328,
      0.04463940269767736,
      0.07256561259832303,
      0.013591715719866698,
      0.04752740638185305,
      0.027355616880991314,
      0.011430493500379961,
      0.018670160856599692
    ],
    [
      0.01289263129460362,
      0.4142177878780543,
      0.004423478883766241,
      0.023443708997124564,
      0.07730470579653087,
      0.01536583213973494,
      0.02512223586496919,
      0.03162036715066298,
      0.06043403701541407,
      0.012034370719652984,
      0.005128285900059703,
      0.0071714559222779035,
      0.017447680971860932,
      0.0003255140086440648,
      0.02834294132186768,
      0.07715058593256736,
      0.09966134430960939,
      0.016562331403514628,
      0.07135070448908455
    ],
    [
      0.04163190342549878,
      0.03551906646437335,
      0.20998634714109418,
      0.025434700656468672,
      0.016996718294767926,
      0.02440034876649347,
      0.04455445947340655,
      0.1662715785710985,
      0.004446742476638571,
      0.04817611897733992,
      0.012399808976674299,
      0.12520077086801706,
      0.04026410518763294,
      0.060337737923995195,
      0.036852391738876056,
      0.030377923343968334,
      0.0665250043143863,
      0.0015646429765402122,
      0.009059630422729533
    ],
    [
      0.040695844877073,
      0.031147541588080335,
      0.04597797047639016,
      0.10897525485609919,
      0.022307651795863054,
      0.05729286826459111,
      0.04046161054851599,
      0.01305905707781957,
      0.04761964516272834,
      0.06329823749996108,
      0.05891940672703636,
      0.06485635625905518,
      0.07442802416249372,
      0.06842241313944587,
      0.10615262918129678,
      0.05713673512078713,
      0.0339344482232366,
      0.039435076967644186,
      0.025879228071882473
    ],
    [
      0.012853191687078698,
      0.10008657584276302,
      0.018843175986428894,
      0.04925832918623617,
      0.263547263705408,
      0.03002996071822707,
      0.04002899596759282,
      0.02528188325252296,
      0.11560964923494968,
      0.010899788409271045,
      0.004682294091817987,
      0.009274388584709449,
      0.027861364823529078,
      0.005940129055911251,
      0.0008176565287001144,
      0.01959454949822169,
      0.04508145122401403,
      0.09475715996173226,
      0.12555219224088587
    ],
    [
      0.03360893800520087,
      0.013806175401890396,
      0.06118291353909681,
      0.02611733707263612,
      0.023699321899312214,
      0.16950447530450516,
      0.01004718350786658,
      0.022484505626890302,
      0.04078977133424752,
      0.0507546418427121,
      0.029146966302201257,
      0.08507749662247244,
      0.061927886336844463,
      0.08137608189693536,
      0.06847343860012832,
      0.07014277962662044,
      0.05871736194765799,
      0.07832251030181511,
      0.014820214830966584
    ],
    [
      0.030472470249448914,
      0.014407049371454792,
      0.07695977224970442,
      0.013537411053012314,
      0.030141074117359595,
      0.06500574789623323,
      0.062324907456204934,
      0.05515083177299351,
      0.07238832421222369,
      0.011220203315436468,
      0.08678552368243743,
      0.042707690531807035,
      0.09157585087213553,
      0.020325241421506563,
      0.09558799621783687,
      0.10437492484572122,
      0.051812022243258336,
      0.04794036178573587,
      0.027282596705489246
    ],
    [
      0.020731922389538072,
      0.04155705454843184,
      0.07726420091059977,
      0.040775864749203986,
      0.041319860565823964,
      0.037426656574059664,
      0.029114316182555524,
      0.19325283446481784,
      0.009897716888463932,
      0.053727645313326515,
      0.11129811539434455,
      0.08500633414642553,
      0.008433208507337699,
      0.060213680877968655,
      0.0038981650061490885,
      0.05764882681871853,
      0.025392971239335854,
      0.05384550095822248,
      0.04919512446467655
    ],
    [
      0.009232717070269892,
      0.019202522569428646,
      0.03086872738204573,
      0.04046277009761766,
      0.0705869873707771,
      0.012713254931223023,
      0.03823442932883675,
      0.03432724787519125,
      0.26678999259893205,
      0.037819526115737044,
      0.0028014373865960555,
      0.012317442104869616,
      0.09175565687195972,
      0.02679649220087041,
      0.039154702215139114,
      0.05755725286100345,
      0.07232311192744101,
      0.055442818315559396,
      0.08161291077650215
    ],
    [
      0.01739127829483457,
      0.012945251601306293,
      0.015266127497942051,
      0.01303513854825787,
      0.01817169003988132,
      0.08265707598124676,
      0.051285016261087675,
      0.08438372939677716,
      0.04234588349990974,
      0.23745526535269984,
      0.06250106882276431,
      0.058103364153342135,
      0.07320430073534091,
      0.00527368275133294,
      0.10362337304993628,
      0.05597212862165921,
      0.034266852837268255,
      0.026525681093112215,
      0.005593091461300495
    ],
    [
      0.019642246629684675,
      0.01140229399017636,
      0.01980650014697622,
      0.05237110997548093,
      0.006607974510387544,
      0.020934734544104133,
      0.03831866135883042,
      0.09526508019413611,
      0.016138820927607312,
      0.02178916421789225,
      0.45305491558077315,
      0.12656494472257349,
      0.01042887239626023,
      0.05606717704483747,
      0.017392710596629633,
      0.015664553418521812,
      0.00823267106554523,
      0.0022439746027295795,
      0.00807359407685357
    ],
    [
      0.07870491503620998,
      0.00025538169933883847,
      0.05243109778242245,
      0.03863219004423579,
      0.008607822366927087,
      0.007405635534443956,
      0.05158804932166518,
      0.02944231799598932,
      0.009084260029279853,
      0.06391695313713104,
      0.08095335773082495,
      0.37271215488269127,
      0.07318469419779669,
      0.05523206498022431,
      0.03524679651279908,
      0.020794450018217725,
      0.011213813160545667,
      0.005711676657349012,
      0.004882368911907891
    ],
    [
      0.07237931719507422,
      0.03612661357625038,
      0.06513205646552085,
      0.0005935509452859436,
      0.05295953779300365,
      0.028354270450813776,
      0.07458676066703229,
      0.03196174016849512,
      0.11712210635748863,
      0.02559265183837058,
      0.07179004047500534,
      0.031527924214631665,
      0.16803297598946398,
      0.09237689321672948,
      0.048581160852490736,
      0.04021815379754697,
      0.011292116615741574,
      0.026877502386939863,
      0.00449462699411517
    ],
    [
      0.03149842215435005,
      0.0067292445488463986,
      0.019147803359883996,
      0.040649686410085116,
      0.008664102249990894,
      0.027938655094532562,
      0.0233242943849174,
      0.03509702490783447,
      0.018845892309871312,
      0.02854995024076192,
      0.013578104781340632,
      0.04338977881710422,
      0.03204887260576483,
      0.6210968146848179,
      0.01928856556064316,
      0.015766187768011003,
      0.005637112877030451,
      0.005314390163124217,
      0.003435097081089361
    ],
    [
      0.05559428912600924,
      0.0028070305318047485,
      0.02317842796609336,
      0.09098786667530431,
      0.04626909761142623,
      0.07339624084944231,
      0.05825138908914845,
      0.05495383479953801,
      0.02942784254700465,
      0.07996807476642318,
      0.034459672092503724,
      0.06921216449516185,
      0.06759248340402732,
      0.08326348444820464,
      0.14187713527906437,
      0.02521458334533434,
      0.009816110640944172,
      0.03343093160772183,
      0.020299340724843316
    ],
    [
      0.027149366842428597,
      0.07456724437158213,
      0.040542044183089335,
      0.03621641031831608,
      0.06671841059284024,
      0.013478055234906914,
      0.030655099207893742,
      0.01583966262141302,
      0.09693646093561803,
      0.04887135066151353,
      0.01969948403467005,
      0.03451643611548549,
      0.086061151227604,
      0.010940470564682744,
      0.015357504142432794,
      0.15970337702665227,
      0.04073607076374589,
      0.10190486861597314,
      0.08010653253915197
    ],
    [
      0.016860611093516522,
      0.09310263222967156,
      0.02012836610901932,
      0.010781315595917466,
      0.010584842640735366,
      0.01968127270851634,
      0.04147746482875508,
      0.031663158050471665,
      0.06280285388785488,
      0.03840382880118731,
      0.029091277756160463,
      0.012354712472338235,
      0.014516513231593964,
      0.023896935369886158,
      0.028219990475695324,
      0.10845515663547875,
      0.30235837757900047,
      0.00968577534472728,
      0.12593491518947392
    ],
    [
      0.017620575219512404,
      0.017203869715278135,
      0.011387227366582873,
      0.02291469389700126,
      0.169821622384345,
      0.047511962995698306,
      0.02932697615223428,
      0.018224092900163826,
      0.15145443357987365,
      0.03182591566814906,
      0.01692274150937723,
      0.018495492717888275,
      0.03772756149275,
      0.009442200899748667,
      0.026661090947153805,
      0.05537180119117478,
      0.12493453104633499,
      0.11296943356855696,
      0.08018377674817638
    ],
    [
      0.006096596485059102,
      0.167083003979768,
      0.008204969863216225,
      0.006790975788884474,
      0.10214502575276667,
      0.021057258372810427,
      0.024708107301478457,
      0.0044332905728497,
      0.022722460481400794,
      0.014921654324815455,
      0.00913688676276895,
      0.014370157780248055,
      0.0010942683113067926,
      0.0008510369928810167,
      0.019726637311093687,
      0.07663293357210905,
      0.11943199401319973,
      0.1081194656220353,
      0.2724732767113081
    ]
  ]
}