{
  "poids_LS": 0.8,
  "poids_EM": 0.19999999999999996,
  "mae_validation": 6.317806926317119,
  "matrice_de_transition": [
    [
      0.30489807250754597,
      0.001173866709848332,
      0.004254167758986465,
      0.035993053273842654,
      0.0027448025881460984,
      0.016710226379138552,
      0.12971829884569064,
      0.07448428168638511,
      0.07888812850555682,
      0.06291777401482429,
      0.006733781402411873,
      0.14125939979682098,
      0.009919867266150522,
      0.016125691688516224,
      0.0030203812710814875,
      0.04005835084664941,
      0.06441082115685355,
      0.002540109666751102,
      0.0041489246347999305
    ],
    [
      0.0028650291765785815,
      0.6244451928318109,
      0.0009829953075036091,
      0.005209713110472124,
      0.01717882351034019,
      0.0034146293643855415,
      0.05318592408350513,
      0.00972240105058305,
      0.05649185442483044,
      0.014802234405276917,
      0.001139619088902156,
      0.036538733822337514,
      0.0075213233946099314,
      7.233644636534771e-05,
      0.029595639587089738,
      0.04772105016393621,
      0.05557807265250554,
      0.008465144615390151,
      0.02506928296357707
    ],
    [
      0.009251534094555283,
      0.007893125880971854,
      0.4469011994153894,
      0.014496432955727345,
      0.03140166668027255,
      0.009889129219199084,
      0.07388492442118044,
      0.17461524981354315,
      0.019223625843122653,
      0.015530964813823694,
      0.0027555131059276215,
      0.07953111818747538,
      0.008947578930585095,
      0.013408386205332261,
      0.0081894203864169,
      0.022731777991420715,
      0.05898740241077434,
      0.00034769843923115814,
      0.0020132512050510067
    ],
    [
      0.009043521083793998,
      0.0069216759084622945,
      0.010217326772531145,
      0.2516730980344794,
      0.004957255954636233,
      0.012731748503242466,
      0.11673051068918251,
      0.07890946711974714,
      0.0994632648244999,
      0.0916037457016089,
      0.013093201494896966,
      0.11496471386069865,
      0.044531099581890624,
      0.015204980697654635,
      0.03415388096926744,
      0.0598129619278224,
      0.021473256866801696,
      0.008763350437254262,
      0.0057509395715294375
    ],
    [
      0.002856264819350821,
      0.022241461298391777,
      0.004187372441428643,
      0.010946295374719146,
      0.4864716769809692,
      0.006673324604050458,
      0.09267270149943191,
      0.03963656267368346,
      0.08834919324103616,
      0.041493658994667545,
      0.0010405097981817746,
      0.039377510272345706,
      0.006191414405228682,
      0.0013200286790913888,
      0.0001817014508222476,
      0.004354344332938152,
      0.03021704653788196,
      0.05617589665737218,
      0.06561303593840893
    ],
    [
      0.007468652890044637,
      0.003068038978197865,
      0.013596203008688176,
      0.005803852682808025,
      0.005266515977624935,
      0.48723636487474487,
      0.06159451768227457,
      0.00811631411478545,
      0.039045750019636394,
      0.06541763424020715,
      0.006477103622711389,
      0.08764305200615434,
      0.013761752519298768,
      0.01808357375487452,
      0.03441740566083088,
      0.04287416857544173,
      0.056553466916558104,
      0.027518266878657896,
      0.016057365596460246
    ],
    [
      0.00677166005543309,
      0.0032015665269899533,
      0.017102171611045422,
      0.003008313567336069,
      0.016929523312321594,
      0.014445721754718492,
      0.45334394416600415,
      0.03378491558035103,
      0.04137051625495196,
      0.0677214245970769,
      0.0241395987323398,
      0.08447610070759817,
      0.07249535573183127,
      0.004516720315890346,
      0.03274097700380174,
      0.07756691298425222,
      0.029668364100007755,
      0.010653413730163526,
      0.0060627992678864975
    ],
    [
      0.004607093864341792,
      0.009234901010762629,
      0.017169822424577725,
      0.010388000092159596,
      0.009182191236849768,
      0.008317034794235479,
      0.012424687763653687,
      0.6557326344679862,
      0.0030019322964664704,
      0.03192059175295107,
      0.02473291453207656,
      0.04791096274380705,
      0.015509963516697079,
      0.017506197280746767,
      0.01715423477986191,
      0.033158265130240554,
      0.04438956571662293,
      0.011965666879604993,
      0.025693339716357615
    ],
    [
      0.0020517149045044198,
      0.004267227237650809,
      0.006859717196010161,
      0.008991726688359477,
      0.015685997193506017,
      0.0028251677624940045,
      0.10573318915897625,
      0.04033156490140997,
      0.48221735087713335,
      0.0773403327111671,
      0.00062254164146579,
      0.0649771828178611,
      0.05540809916597107,
      0.0059547760446378665,
      0.008701044936697579,
      0.043917668887135074,
      0.03601432061116129,
      0.012320626292346528,
      0.025779750971512187
    ],
    [
      0.00944210098009692,
      0.0028767225780680643,
      0.003392472777320455,
      0.015908539137132187,
      0.004038153342195848,
      0.01836823910694372,
      0.08049133841031797,
      0.05036115124692671,
      0.018521912903413443,
      0.5327208833748666,
      0.013889126405058733,
      0.06240301326223633,
      0.020168904690416906,
      0.006330680374234851,
      0.023027416233319168,
      0.0384886553349422,
      0.09243318483041818,
      0.005894595798469379,
      0.001242909213622332
    ],
    [
      0.02203360862231566,
      0.0025338431089280793,
      0.004401444477105825,
      0.024757025509633254,
      0.028988789498816173,
      0.004652163232023139,
      0.03889039763334968,
      0.12343350540270036,
      0.003586404650579402,
      0.004842036492864943,
      0.5525884679010389,
      0.09529373723668139,
      0.0023175271991689394,
      0.012459372676630545,
      0.0038650467992510287,
      0.05237089076749913,
      0.02069294575150627,
      0.0004986610228287953,
      0.001794132017078571
    ],
    [
      0.01748998111915777,
      5.675148874196409e-05,
      0.01165135506276054,
      0.008584931120941285,
      0.0019128494148726856,
      0.00164569678543199,
      0.06579308203915504,
      0.07731412786794951,
      0.060632705691009155,
      0.07419301795797961,
      0.017989635051294427,
      0.5184439455939895,
      0.04599982245959203,
      0.012273792217827621,
      0.007832621447288681,
      0.026412990478829227,
      0.04468872508087314,
      0.005998998252993092,
      0.0010849708693128643
    ],
    [
      0.01608429271001649,
      0.00802813635027786,
      0.014473790325671296,
      0.00013190021006354298,
      0.011768786176223029,
      0.006300948989069727,
      0.08579505786220207,
      0.058490857770499075,
      0.0884798609105587,
      0.05666983691356532,
      0.01595334232777896,
      0.062121680311413574,
      0.5102355707486992,
      0.020528198492606547,
      0.010795813522775716,
      0.020728843448520835,
      0.004887230405153677,
      0.00752704652621233,
      0.0009988059986922597
    ],
    [
      0.006999649367633342,
      0.0014953876775214215,
      0.0042550674133075535,
      0.009167249029371057,
      0.007780930183494471,
      0.014344454084025102,
      0.06131081277906113,
      0.035225625141173354,
      0.023820699845708837,
      0.023354943145517462,
      0.003017356618075695,
      0.04734254286039899,
      0.0071219716901699615,
      0.6819157512379953,
      0.01924410070429978,
      0.03206191168612767,
      0.019597216037404597,
      0.0011809755918053813,
      0.0007633549069087467
    ],
    [
      0.012354286472446494,
      0.0006237845626232773,
      0.005150761770242968,
      0.0202195259278454,
      0.010282021691428047,
      0.01631027574432051,
      0.13815193174676946,
      0.0716955861604013,
      0.05869054498195186,
      0.10307615158139266,
      0.00765770490944527,
      0.12389523398607338,
      0.03680195053449346,
      0.01850299654404547,
      0.29943094071761983,
      0.052011159725237364,
      0.013205082425315564,
      0.007429095912827071,
      0.004510964605520736
    ],
    [
      0.006033192631650798,
      0.016570498749240468,
      0.009009343151797628,
      0.008048091181848016,
      0.022062270022351234,
      0.0029951233855348694,
      0.05289467716414618,
      0.03871191015126294,
      0.07625232657579652,
      0.06224247486415131,
      0.004377663118815565,
      0.08713710092332057,
      0.10215413588040709,
      0.0024312156810406093,
      0.0043162261838612746,
      0.44006032368211473,
      0.015768347550586342,
      0.022645526359105137,
      0.026289552742968757
    ],
    [
      0.003746802465225893,
      0.04890966570216655,
      0.004472970246448736,
      0.005575425661523723,
      0.0023521872534967474,
      0.004373616157448074,
      0.059366476988946745,
      0.06715243945080578,
      0.027518333726418903,
      0.008534184178041623,
      0.006464728390257879,
      0.042101316914226576,
      0.02692801137701158,
      0.013943240619157728,
      0.006271108994598959,
      0.06811285683070535,
      0.517842603867339,
      0.0021523945210505063,
      0.08418163665512965
    ],
    [
      0.003915683382113866,
      0.003823082158950696,
      0.002530494970351749,
      0.005092154199333613,
      0.037738138307632216,
      0.010558213999044065,
      0.0898921070412755,
      0.00945525596358783,
      0.08430882717054172,
      0.05768891398245159,
      0.00376060922430605,
      0.05209326713981622,
      0.008383902553944443,
      0.0020982668666108145,
      0.0068439357623557824,
      0.041571557325505236,
      0.05348079949069411,
      0.45719337510425906,
      0.06957141535722534
    ],
    [
      0.0013547992189020224,
      0.04250962177993572,
      0.001823326636270272,
      0.001509105730863216,
      0.02269889461172592,
      0.004679390749513427,
      0.07260763784264156,
      0.015840355369725424,
      0.038018945250003884,
      0.027615244598534996,
      0.0020304192806153217,
      0.045971409919748234,
      0.00024317073584595385,
      0.000189119331751337,
      0.022108672694609414,
      0.03125458388774969,
      0.08491413180210504,
      0.03285597135306018,
      0.5517751992063984
    ]
  ]
}