{
  "poids_LS": 0.845,
  "poids_EM": 0.15500000000000003,
  "mae_validation": 6.20060517457423,
  "matrice_de_transition": [
    [
      0.3143915139319932,
      0.0009097467001324578,
      0.003296980013214512,
      0.03202207926490416,
      0.0021272220058132273,
      0.012950425443832384,
      0.13473687616049637,
      0.07701961234515993,
      0.0810757212342737,
      0.06418367744364933,
      0.005218680586869203,
      0.1379862209027449,
      0.007687897131266657,
      0.012497411058600078,
      0.002340795485088154,
      0.039578197276529184,
      0.06679294143173042,
      0.0019685849917321046,
      0.0032154165919699475
    ],
    [
      0.0022203976118484016,
      0.6379598117216951,
      0.0007618213633152973,
      0.004037527660615898,
      0.013313588220513652,
      0.0026463377573987955,
      0.054990018326125295,
      0.008314674658435058,
      0.05623842840115006,
      0.014980168499352742,
      0.0008832047938991712,
      0.03842663025876992,
      0.00688320040750094,
      5.60607459331445e-05,
      0.029676170189854016,
      0.04582915143595278,
      0.052744148045977435,
      0.00794461117901072,
      0.022094048722651593
    ],
    [
      0.007169938923280347,
      0.006117172557753188,
      0.46213143991873695,
      0.01379325860353683,
      0.03232769907648355,
      0.008956265105444446,
      0.07577045431068019,
      0.1751516286791289,
      0.020173568345253773,
      0.013432347760454797,
      0.0021355226570939074,
      0.07659521194372629,
      0.006934373671203451,
      0.010391499309132508,
      0.006346800799473099,
      0.022240240075899798,
      0.05850284228839929,
      0.00026946629040414767,
      0.0015602696839145309
    ],
    [
      0.007008728839940351,
      0.00536429882905828,
      0.007918428248711641,
      0.2608465308102324,
      0.003841873364843082,
      0.009867105090012915,
      0.12163351141251107,
      0.08314270776529963,
      0.10279606894561377,
      0.09342338551457197,
      0.010147231158545152,
      0.1181859654208043,
      0.04260915443028043,
      0.011783860040682347,
      0.029525390012779845,
      0.05998500507970324,
      0.020672180279602312,
      0.006791596588872056,
      0.004456978167935315
    ],
    [
      0.002213605234996887,
      0.017237132506253635,
      0.0032452136421071993,
      0.008483378915407342,
      0.5008025321201124,
      0.005171826568139107,
      0.09605693971219298,
      0.04055936349361521,
      0.08659673535571315,
      0.04346040781801446,
      0.0008063950935908757,
      0.04131271095226517,
      0.004798346164052231,
      0.0010230222262958266,
      0.00014081862438724196,
      0.003374616858027069,
      0.02926147766520204,
      0.05369567258780618,
      0.06175980446182114
    ],
    [
      0.005788205989784596,
      0.0023777302081033464,
      0.010537057331733341,
      0.004497985829176221,
      0.004081549882659327,
      0.5076619863471175,
      0.0649082748792008,
      0.007192644660435853,
      0.03893363436369711,
      0.06636025518004611,
      0.005019755307601328,
      0.0878079805665339,
      0.010665358202456548,
      0.014014769660027758,
      0.03222808925759033,
      0.04112118643643739,
      0.056414359378844536,
      0.02425227980145494,
      0.01613689671709912
    ],
    [
      0.005248036542960647,
      0.002481214058417215,
      0.013254182998560207,
      0.0023314430146854546,
      0.016080209331997726,
      0.011195434359906836,
      0.4784808822402055,
      0.0324113923965383,
      0.03937651431484163,
      0.07135364596518236,
      0.02011236069983353,
      0.0871612127903276,
      0.07126875247281172,
      0.0035004582448150195,
      0.02870081148289949,
      0.07584354079315779,
      0.028244843219370222,
      0.008256395640876735,
      0.004698669432612037
    ],
    [
      0.0035704977448648904,
      0.00715704828334104,
      0.01330661237904774,
      0.008434494507063888,
      0.007116198208558573,
      0.006445701965532499,
      0.011351783079581429,
      0.6854634787539041,
      0.0025586318584094915,
      0.0305187097383555,
      0.019168008762359343,
      0.045526260296495875,
      0.015964897767298755,
      0.014760716192353937,
      0.0180064106938863,
      0.0315838718788384,
      0.04561077536159138,
      0.009273391831693872,
      0.024182510696822826
    ],
    [
      0.001590079050990926,
      0.0033071011091793784,
      0.005316280826907877,
      0.006968588183478597,
      0.012156647824967169,
      0.0021895050159328544,
      0.11007239514805665,
      0.04071755671023831,
      0.496066252480732,
      0.07988095599230188,
      0.00048246977213598744,
      0.06836245186369627,
      0.05307147045630038,
      0.004614951434594348,
      0.006743309825940627,
      0.043040838488814966,
      0.03368018402654332,
      0.009548485376568563,
      0.022190476412619987
    ],
    [
      0.008931082438435215,
      0.002229459998002751,
      0.002629166402423354,
      0.016093257746416966,
      0.0031295688402017837,
      0.014235385307881388,
      0.08236888769133993,
      0.04817398550872204,
      0.016990371936495823,
      0.5517022445334343,
      0.010764072963920521,
      0.06267941927637953,
      0.016759486373243225,
      0.006398630221421403,
      0.01784624758082236,
      0.037364717766510396,
      0.0961724490299778,
      0.00456831174381377,
      0.0009632546405573076
    ],
    [
      0.022187339036127653,
      0.0019637284094192625,
      0.003411119469757016,
      0.022981834365400196,
      0.03042755617664373,
      0.0036054265048179345,
      0.0389271521081402,
      0.12524433273753663,
      0.002779463604199038,
      0.0037525782819703324,
      0.5589870534073418,
      0.09328344532687406,
      0.0017960835793559287,
      0.009656013824388677,
      0.0029954112694195486,
      0.05473058388279053,
      0.021493963409889478,
      0.0003864622926923165,
      0.0013904523132358929
    ],
    [
      0.013554735367347278,
      4.3982403775022186e-05,
      0.009029800173639423,
      0.006653321618729498,
      0.001482458296526332,
      0.0012754150087097927,
      0.06670626271385083,
      0.08039160135971837,
      0.06394653434069175,
      0.07485362212503416,
      0.013941967164753186,
      0.5278124178540016,
      0.04425222356213601,
      0.00951218896881641,
      0.00607028162164873,
      0.026774182365582825,
      0.04684068370432276,
      0.006017468926998782,
      0.0008408524237174702
    ],
    [
      0.012465326850262784,
      0.006221805671465344,
      0.011217187502395259,
      0.00010222266279924586,
      0.009120809286572851,
      0.00488323546652904,
      0.08651559125332012,
      0.060196301044913615,
      0.08663857370325609,
      0.05866765595411355,
      0.012363840304028699,
      0.06408842177477812,
      0.5322343089832213,
      0.015909353831770078,
      0.008366755480151183,
      0.01947595921179773,
      0.004475487720187313,
      0.006283088649451276,
      0.0007740746489865016
    ],
    [
      0.0054247282599158425,
      0.0011589254500791021,
      0.0032976772453133553,
      0.007143378054896585,
      0.007724154836362558,
      0.013470541161921052,
      0.06375280324725607,
      0.03523389229903086,
      0.024140508901584107,
      0.02302097840368032,
      0.0023384513790086644,
      0.04759664912032509,
      0.005519528059881723,
      0.6858255400164139,
      0.019241242249249134,
      0.03310949393800659,
      0.020494651240571503,
      0.0009152560836491708,
      0.000591600052854279
    ],
    [
      0.009574572016146038,
      0.0004834330360330401,
      0.003991840371938301,
      0.01567013259408019,
      0.007968566810856741,
      0.0126404637018484,
      0.1432883952033308,
      0.07277184160502821,
      0.06057171870991274,
      0.10456167080521213,
      0.005934721304820086,
      0.127410574167632,
      0.034822559135737716,
      0.014339822321635245,
      0.3095593996386698,
      0.053733796778231126,
      0.013422944897168011,
      0.0057575493324409826,
      0.0034959975692785716
    ],
    [
      0.00467572428952937,
      0.012842136530661368,
      0.006982240942643165,
      0.006237270665932214,
      0.019191518128534084,
      0.0023212206237895245,
      0.05432436431847669,
      0.04018226892103901,
      0.0749226322240937,
      0.06310204713432088,
      0.003392688917082065,
      0.09051985794668138,
      0.10318868489380156,
      0.0018841921528064728,
      0.003606429743667392,
      0.45808327025282297,
      0.014163279629740375,
      0.017550282928306488,
      0.022829889756071267
    ],
    [
      0.002903771910550068,
      0.04606868928254123,
      0.0034665519409977723,
      0.0052407613085984125,
      0.00182294512145998,
      0.003389552522022259,
      0.0605164849135305,
      0.06943389325511297,
      0.025250043144612308,
      0.00661399273798226,
      0.005010164502449858,
      0.04401359862834797,
      0.02772589340064557,
      0.013303360242325188,
      0.004860109470814195,
      0.06551942327182707,
      0.5316951612715894,
      0.001668105753814143,
      0.08149749732077893
    ],
    [
      0.0030346546211382475,
      0.0029628886731867905,
      0.001961133602022606,
      0.003946419504483551,
      0.029247057188414978,
      0.008182615849259153,
      0.09378557974128528,
      0.008891545017665089,
      0.0799923239013704,
      0.05935153530265675,
      0.00291447214883719,
      0.054253124066940155,
      0.006497524479306946,
      0.0016261568216233819,
      0.005569975786190197,
      0.040684398791283626,
      0.04888734531926007,
      0.4793220570601256,
      0.06888919212494993
    ],
    [
      0.0010499693946490678,
      0.03450133292423223,
      0.0014130781431094613,
      0.0011695569414189929,
      0.017591643324087594,
      0.0036265278308729074,
      0.0756868933774306,
      0.016573666678096007,
      0.03900229069941408,
      0.028431261116131253,
      0.001573574942476875,
      0.048002918985858956,
      0.0001884573202806143,
      0.00014656748210728623,
      0.02226180354069257,
      0.028337404265183733,
      0.08269512637424896,
      0.028017603864340365,
      0.5697303227953684
    ]
  ]
}