{
  "poids_LS": 0.4725,
  "poids_EM": 0.5275000000000001,
  "mae_validation": 7.191419546801295,
  "matrice_de_transition": [
    [
      0.2358069154740683,
      0.003096073447224977,
      0.011220367464326806,
      0.06489291967222839,
      0.007239416826235337,
      0.04407322207497795,
      0.0931942083879376,
      0.056032708558635055,
      0.06296731475767284,
      0.053704810171708625,
      0.017760348448861322,
      0.1650808684148191,
      0.026163649914472013,
      0.04253151182846156,
      0.007966255602477426,
      0.04355280182919112,
      0.047074279156360865,
      0.006699539246056033,
      0.010942788724284822
    ],
    [
      0.007556514453226012,
      0.5260887997998748,
      0.00259265012354077,
      0.013740618328870233,
      0.04530914700852227,
      0.009006084948566868,
      0.04005612709554724,
      0.019967520904549025,
      0.05833623270828207,
      0.013507269609502864,
      0.0030057453469794376,
      0.02279904309052391,
      0.012165440689680937,
      0.00019078737728860464,
      0.029009555755860846,
      0.061489868684260075,
      0.07620274617779342,
      0.012253471291262676,
      0.04672237660586808
    ],
    [
      0.024400921174389568,
      0.02081811951106327,
      0.3360588935299156,
      0.01961397963000275,
      0.02466220868562574,
      0.01667830693596896,
      0.060162456892043366,
      0.17071160362511373,
      0.012310155410946173,
      0.030804233368897364,
      0.007267665816884104,
      0.10089799140587169,
      0.023599239429418196,
      0.035364618616563856,
      0.02159959626917458,
      0.026309081709934064,
      0.0625139233013928,
      0.00091705463347218,
      0.0053099500533220325
    ],
    [
      0.02385228685850668,
      0.01825592020856931,
      0.026948199362550905,
      0.1849108928331658,
      0.01307476258035307,
      0.03357998667730201,
      0.08104756098051352,
      0.04810088242155959,
      0.07520785705417105,
      0.07836081150726652,
      0.03453331894279076,
      0.09152116083992974,
      0.05851858929638709,
      0.04010313659006411,
      0.06783900959703831,
      0.05856087010024519,
      0.027303314251419457,
      0.023113336778258123,
      0.015168103119908896
    ],
    [
      0.007533398461037793,
      0.05866185417450833,
      0.011044194814268049,
      0.02887085405082176,
      0.3821748979127602,
      0.01760089364318309,
      0.0680429678398929,
      0.032920623373069086,
      0.10110319229533142,
      0.02718009811364275,
      0.0027443445927044317,
      0.025293549768487307,
      0.016329855493790655,
      0.003481575641103539,
      0.00047923757654367823,
      0.011484583178124381,
      0.03717146444460804,
      0.07422641627476922,
      0.0936559983513535
    ],
    [
      0.019698571997492736,
      0.008091952804996872,
      0.035859985435415076,
      0.015307661450906172,
      0.013890435890985773,
      0.33858323082581127,
      0.03747772919353369,
      0.01483857514366308,
      0.03986170284897232,
      0.058557448511379104,
      0.017083360804901294,
      0.08644273859450316,
      0.03629662226965051,
      0.047695425778481564,
      0.05035076392885933,
      0.05563198303152892,
      0.05756586066325126,
      0.051287395051635036,
      0.015478555774032853
    ],
    [
      0.01786025339620478,
      0.008444131714936005,
      0.045106977624132315,
      0.007934427033848885,
      0.023110641724678662,
      0.03810059112807004,
      0.27040289484820523,
      0.04378111208476591,
      0.055882419263532664,
      0.041286924640309405,
      0.05344894219113549,
      0.06493445166106732,
      0.08142230167247363,
      0.011912849833160792,
      0.06214440385036818,
      0.09010923281943951,
      0.04002843273131428,
      0.028098378713306307,
      0.015990633069050644
    ],
    [
      0.012151210067201483,
      0.02435705141588644,
      0.045285406644823764,
      0.02460517962813394,
      0.02421802938719127,
      0.021936179269796085,
      0.020233049631068478,
      0.43935815660936095,
      0.006228174373436713,
      0.04212317752584101,
      0.06523306207835196,
      0.0652662972214607,
      0.012199053137318226,
      0.037487198535161304,
      0.010952287850017695,
      0.044616349348778464,
      0.035501873300463616,
      0.03155944639495818,
      0.03668881758074969
    ],
    [
      0.005411398060630409,
      0.011254811839304013,
      0.018092504104476805,
      0.02371567914054813,
      0.04137181759787214,
      0.00745137997357794,
      0.0741534122384467,
      0.03752240229271478,
      0.381428122539832,
      0.05885024105401947,
      0.0016419535793660216,
      0.04033994698428295,
      0.07241356366413004,
      0.01570572181773238,
      0.022949006020539873,
      0.05029904567490921,
      0.053001647976992174,
      0.03249565184606398,
      0.051901693594561066
    ],
    [
      0.013161180366634894,
      0.007587355799654522,
      0.008947646950182703,
      0.014564198147337419,
      0.010650629440041554,
      0.048446230644564076,
      0.0668269519762138,
      0.0662788574527496,
      0.029668127718202784,
      0.39457875494306716,
      0.03663257089334242,
      0.06039139171486083,
      0.04498189355429207,
      0.0058361564863771715,
      0.06073481031537933,
      0.046668423194084804,
      0.06521965093362303,
      0.015546996418462994,
      0.003278173050928902
    ],
    [
      0.020914792832906166,
      0.006683011199797812,
      0.01160880980836662,
      0.03767647217044057,
      0.018517765343515635,
      0.012270080524461035,
      0.03862290673348531,
      0.11025470646583638,
      0.009459142265903176,
      0.012770871249931292,
      0.5060209844940574,
      0.10992419502472378,
      0.00611247798780808,
      0.032861595434613075,
      0.010194060933024593,
      0.035197568650656166,
      0.014863317237717354,
      0.0013152184477109481,
      0.004732023195044732
    ],
    [
      0.046129825201778635,
      0.00014968205155693035,
      0.030730448978030938,
      0.022642755831482647,
      0.00504514033172671,
      0.004340525271576875,
      0.059147156017757996,
      0.05491695967785385,
      0.0365153971849858,
      0.06938528763108259,
      0.04744766244778907,
      0.4502622863683464,
      0.05871845887996635,
      0.03237212697452036,
      0.020658539067223904,
      0.023784316191900273,
      0.029027248432434212,
      0.005864572792173898,
      0.0028616106678126807
    ],
    [
      0.042422322022668504,
      0.021174209623857864,
      0.03817462198395805,
      0.00034788680404259476,
      0.031040173539788253,
      0.01661875295867141,
      0.0805511759601762,
      0.046079020606704366,
      0.10188034003037236,
      0.04213015389624206,
      0.04207694038951702,
      0.0478081729947049,
      0.35013364248634266,
      0.054143123524249784,
      0.02847395816632096,
      0.029847056504672353,
      0.007883802167964443,
      0.01658029551819557,
      0.002634350821550836
    ],
    [
      0.018461575207132947,
      0.003944084999462751,
      0.011222740302598677,
      0.02389653223249085,
      0.008194128543176728,
      0.02070459812822681,
      0.043538548816086736,
      0.03516545860343266,
      0.02149320060572771,
      0.02578546432222112,
      0.007958278080174649,
      0.045493213968714655,
      0.01878420033282328,
      0.6534611773506159,
      0.019264903904946146,
      0.024437840853008794,
      0.013065882058800977,
      0.003114823123386694,
      0.0020133485669718205
    ],
    [
      0.03258443057107764,
      0.0016452317839188945,
      0.013585134169015833,
      0.05332899963469226,
      0.02711883221114149,
      0.043018352275645357,
      0.10076989214623963,
      0.06386283820228311,
      0.0449997806284587,
      0.09226487278581766,
      0.020197196698661907,
      0.09831136933139692,
      0.051207521269882525,
      0.048801653384919944,
      0.22571826745886708,
      0.03947419006178273,
      0.01161952776905609,
      0.019594240470081407,
      0.011897669147060946
    ],
    [
      0.015912545565978986,
      0.043704690451121755,
      0.023762142562866254,
      0.02122684049212415,
      0.042954964360687166,
      0.007899637929348221,
      0.04248973176318521,
      0.028010965771226012,
      0.08592954657985588,
      0.055986698897917214,
      0.01154608647587606,
      0.06251814703108344,
      0.09462491806070278,
      0.006412331358744609,
      0.009481966943050094,
      0.3088933236397376,
      0.027449675196743135,
      0.05972757577213982,
      0.05146821114761162
    ],
    [
      0.009882191502033295,
      0.0695856607561064,
      0.011797459025008547,
      0.00801103845225794,
      0.006203893881097673,
      0.0115354126152693,
      0.05099697487114278,
      0.05054852565279232,
      0.0440264485162336,
      0.02250891076958479,
      0.01705072112930516,
      0.0281841555503431,
      0.021121203316119767,
      0.018600147806105673,
      0.01654004997325476,
      0.08698728995365292,
      0.41702676942529493,
      0.005676940549270712,
      0.10371620625512645
    ],
    [
      0.010327614920325327,
      0.010083379194232465,
      0.00667418048430274,
      0.013430556700742408,
      0.09953433978638,
      0.027847289422478733,
      0.061556277946759774,
      0.01355781895891446,
      0.11572337874062204,
      0.04558872548540291,
      0.009918606829107212,
      0.03637430839241421,
      0.022112542986028477,
      0.005534178860686026,
      0.016115533366672003,
      0.04802809999122921,
      0.08691093818279753,
      0.2961457453143413,
      0.07453648443656316
    ],
    [
      0.0035732829398540853,
      0.10079216845200012,
      0.004809024003162844,
      0.003980266365151733,
      0.05986833453842714,
      0.012341893101841668,
      0.05019750033945453,
      0.010503478625472852,
      0.030862375590407436,
      0.021676457720473354,
      0.005355230852622913,
      0.031186538383053505,
      0.0006413628157937035,
      0.0004988022374941515,
      0.020994220425893127,
      0.0524851689186464,
      0.10106356019372434,
      0.06806853474318783,
      0.4211017997533382
    ]
  ]
}