{
  "poids_LS": 0.94,
  "poids_EM": 0.06000000000000005,
  "mae_validation": 5.955989342320779,
  "matrice_de_transition": [
    [
      0.3344332236058265,
      0.0003521600129545,
      0.001276250327695941,
      0.02363891191270067,
      0.0008234407764438305,
      0.0050130679137415715,
      0.14533165049175298,
      0.08237197706924008,
      0.0856939725504538,
      0.06685614023783557,
      0.0020201344207235643,
      0.13107617657080653,
      0.0029759601798451597,
      0.004837707506554873,
      0.0009061143813244472,
      0.03856453973960869,
      0.071821862012026,
      0.0007620329000253313,
      0.0012446773904399807
    ],
    [
      0.0008595087529735755,
      0.6664906738225621,
      0.00029489859225108306,
      0.0015629139331416388,
      0.005153647053102063,
      0.0010243888093156635,
      0.05879866172721232,
      0.005342807830567068,
      0.05570341790671371,
      0.015355807142401704,
      0.00034188572667064716,
      0.04241218940234944,
      0.005536051879159734,
      2.1700933909604336e-05,
      0.02984617924013415,
      0.04183514301020999,
      0.046761418321084776,
      0.0068457072577652565,
      0.01581299865847558
    ],
    [
      0.002775460228366588,
      0.0023679377642915585,
      0.49428416987024837,
      0.012308779415579079,
      0.034282656357373466,
      0.006986885309740209,
      0.07975101741073522,
      0.1762839840620321,
      0.02217900251641947,
      0.009001933981120456,
      0.0008266539317782873,
      0.07039718765136706,
      0.0026842736791755314,
      0.004022515861599683,
      0.0024568261159250726,
      0.021202548920911193,
      0.05747988203005195,
      0.00010430953176934756,
      0.0006039753615153027
    ],
    [
      0.0027130563251382025,
      0.0020765027725386906,
      0.003065198031759347,
      0.28021266667015543,
      0.0014871767863908715,
      0.003819524550972744,
      0.13198429071731582,
      0.09207954912813264,
      0.10983198875685418,
      0.09726484734193845,
      0.003927960448469095,
      0.12498638538102734,
      0.03855171466577001,
      0.0045614942092963955,
      0.01975413132686158,
      0.060348207289229454,
      0.018981018595514716,
      0.0026290051311762814,
      0.001725281871458833
    ],
    [
      0.0008568794458052473,
      0.006672438389517541,
      0.001256211732428594,
      0.0032838886124157475,
      0.5310565596360814,
      0.0020019973812151395,
      0.1032014426057997,
      0.042507498557915566,
      0.08289710204225346,
      0.047612433111746844,
      0.0003121529394545327,
      0.045398134609872944,
      0.001857424321568607,
      0.00039600860372741707,
      5.4510435246674346e-05,
      0.0013063032998814471,
      0.027244165600655543,
      0.04845964399650017,
      0.05362520467791357
    ],
    [
      0.0022405958670133935,
      0.0009204116934593606,
      0.004078860902606458,
      0.0017411558048424094,
      0.0015799547932874823,
      0.5507827427887928,
      0.07190398451715617,
      0.005242675812364482,
      0.03869694575671417,
      0.06835023271970615,
      0.0019431310868134187,
      0.08815616308289073,
      0.004128525755789635,
      0.005425072126462362,
      0.027606199072971398,
      0.037420446365206,
      0.05612068791033813,
      0.01735741819402646,
      0.016304795749558978
    ],
    [
      0.0020314980166299293,
      0.000960469958096987,
      0.005130651483313632,
      0.0009024940702008217,
      0.014287213151313998,
      0.004333716526415553,
      0.531547751507964,
      0.02951173234182254,
      0.03516695466349761,
      0.07902166885340496,
      0.011610413742320285,
      0.09282978274275638,
      0.06867925670377042,
      0.0013550160947671053,
      0.02017157316099473,
      0.07220531061195842,
      0.025239632471357642,
      0.003196024119049061,
      0.0018188397803659514
    ],
    [
      0.0013821281593025393,
      0.0027704703032287916,
      0.005150946727373323,
      0.004310427160750724,
      0.0027546573710549335,
      0.0024951104382706464,
      0.009086762079873323,
      0.7482285944686198,
      0.0016227753780669791,
      0.027559181040875978,
      0.007419874359622976,
      0.04049188846328337,
      0.016925314518568955,
      0.008964700561302398,
      0.01980544873460447,
      0.02826015279254496,
      0.04818888461208034,
      0.003589700063881502,
      0.02099298276669383
    ],
    [
      0.0006155144713513266,
      0.0012801681712952442,
      0.0020579151588030506,
      0.0026975180065078462,
      0.0047057991580518104,
      0.0008475503287482022,
      0.11923294112500415,
      0.041532428306653706,
      0.5253028225327735,
      0.0852444940302531,
      0.0001867624924397372,
      0.0755091309604594,
      0.048138587624773355,
      0.001786432813391362,
      0.0026103134810092766,
      0.041189752092361406,
      0.028752562347905353,
      0.003696187887703963,
      0.014613119010514208
    ],
    [
      0.007852265517149392,
      0.0008630167734204202,
      0.0010177418331961377,
      0.01648321925490705,
      0.001211446002658756,
      0.005510471732083122,
      0.08633260284016404,
      0.04355663561695662,
      0.013757118784114186,
      0.5917740069792999,
      0.004166737921517625,
      0.06326294308401517,
      0.009561825481432112,
      0.006542079898815234,
      0.006908224869995758,
      0.034991960677598806,
      0.10406645122904815,
      0.0017683787395408157,
      0.0003728727640867
    ],
    [
      0.02251188102084186,
      0.0007601529326784247,
      0.0013204333431317491,
      0.019234208616463726,
      0.033464952496501894,
      0.0013956489696069433,
      0.03900474488825353,
      0.1290671904444132,
      0.0010759213951738217,
      0.0014526109478594845,
      0.5724951783650921,
      0.08903949573950298,
      0.0006952581597506825,
      0.0037378118029891675,
      0.00115951403977531,
      0.05971215823729459,
      0.02318500068869848,
      0.00014959830684863876,
      0.0005382396051235718
    ],
    [
      0.005246994335747337,
      1.7025446622589244e-05,
      0.003495406518828166,
      0.0025754793362823885,
      0.0005738548244618063,
      0.0004937090356295975,
      0.06863408858265302,
      0.08688848984234154,
      0.07094239482335502,
      0.07624823092214933,
      0.005396890515388334,
      0.5475903037362491,
      0.0405628481119511,
      0.0036821376653482906,
      0.002349786434186607,
      0.027536698570951527,
      0.05138370746493863,
      0.0060564625721219074,
      0.00032549126079385967
    ],
    [
      0.004825287813004953,
      0.0024084409050833607,
      0.004342137097701393,
      3.957006301906294e-05,
      0.003530635852866913,
      0.0018902846967209202,
      0.08803671730123601,
      0.06379668129089987,
      0.08275141182117275,
      0.06288527392860427,
      0.004786002698333693,
      0.06824043153076995,
      0.5786760897005462,
      0.006158459547781971,
      0.0032387440568327182,
      0.016830981378715613,
      0.0036062531630360983,
      0.0036569553540668253,
      0.00029964179960767826
    ],
    [
      0.002099894810290005,
      0.00044861630325642696,
      0.0012765202239922676,
      0.002870761553228251,
      0.007604295770195187,
      0.011625613881923614,
      0.06890811645788987,
      0.03525134518784113,
      0.024815661352876345,
      0.02231594172646857,
      0.0009052069854227096,
      0.048133095669057956,
      0.002136591507050991,
      0.6940795385486308,
      0.019235207733031102,
      0.03532105646975099,
      0.022389236669479423,
      0.00035429267754161475,
      0.0002290064720726243
    ],
    [
      0.0037062859417339527,
      0.0001871353687869834,
      0.001545228531072892,
      0.006065857778353626,
      0.003084606507428418,
      0.004893082723296158,
      0.15413204027829364,
      0.07504393643257395,
      0.0645430854689413,
      0.10769776694438657,
      0.0022973114728335837,
      0.1348318478842557,
      0.03064384396058669,
      0.005550898963213647,
      0.3309417018053309,
      0.05737047500121796,
      0.013882876782189843,
      0.0022287287738481237,
      0.0013532893816562224
    ],
    [
      0.0018099577894952414,
      0.004971149624772147,
      0.0027028029455392916,
      0.0024144273545544073,
      0.013131041908253437,
      0.0008985370156604618,
      0.05734259275539666,
      0.043286359657232924,
      0.07211549970383223,
      0.06491669970467887,
      0.0013132989356446712,
      0.09766123388488757,
      0.1053727328109677,
      0.0007293647043121836,
      0.002107970592146972,
      0.49613171301320713,
      0.010774802907954437,
      0.006793657907731549,
      0.015526156783732124
    ],
    [
      0.0011240407395677692,
      0.04007107239666555,
      0.0013418910739346225,
      0.004534247674644976,
      0.000705656176049025,
      0.0013120848472344237,
      0.06294427942098509,
      0.0742502957308726,
      0.020461429694131714,
      0.0025602552534124898,
      0.0019394185170773658,
      0.04805063780260424,
      0.0294103110060951,
      0.011952501669012043,
      0.0018813326983796897,
      0.060044396869750674,
      0.5609394491250068,
      0.0006457183563151526,
      0.07583098094826078
    ],
    [
      0.0011747050146341611,
      0.00114692464768521,
      0.0007591484911055255,
      0.0015276462598000854,
      0.011321441492289678,
      0.003167464199713223,
      0.10200513321908372,
      0.007701488576272632,
      0.07087970588867536,
      0.06286151364531209,
      0.0011281827672918164,
      0.0588128220242018,
      0.0025151707661833357,
      0.0006294800599832451,
      0.0028805047253961805,
      0.03881150855237133,
      0.03919005317956595,
      0.5260381634113995,
      0.06744894307903514
    ],
    [
      0.00040643976567060713,
      0.017594945339969283,
      0.0005469979908810822,
      0.00045273171925896527,
      0.006809668383517784,
      0.0014038172248540298,
      0.08218754395087416,
      0.01812176832910057,
      0.041078242203724497,
      0.030153962653278903,
      0.0006091257841845972,
      0.05229166034764827,
      7.295122075378624e-05,
      5.6735799525401165e-05,
      0.02258507977131256,
      0.022178913950877822,
      0.07801055935988611,
      0.017803272499265173,
      0.6076355837054164
    ]
  ]
}