{
  "poids_LS": 0.49,
  "poids_EM": 0.51,
  "mae_validation": 7.143979687135833,
  "matrice_de_transition": [
    [
      0.23949880936135332,
      0.0029933601101132475,
      0.010848127785415489,
      0.06334865200208563,
      0.0069992465997725534,
      0.04261107726680332,
      0.0951458773436954,
      0.05701867048149194,
      0.06381804526328495,
      0.05419710594958503,
      0.01717114257615028,
      0.1638079655115673,
      0.025295661528683837,
      0.04112051380571638,
      0.0077019722412577955,
      0.043366075440811024,
      0.04800065926325742,
      0.006477279650215311,
      0.010579757818739826
    ],
    [
      0.007305824400275385,
      0.5313444849237187,
      0.0025066380341342035,
      0.01328476843170392,
      0.0438059999513675,
      0.008707304879183133,
      0.040757719301010645,
      0.019420071752047022,
      0.05823767814351748,
      0.013576466201643461,
      0.0029060286767004983,
      0.023533225038025404,
      0.011917281750249661,
      0.0001844579382316367,
      0.029040873212491398,
      0.06075413029004429,
      0.07510066438636583,
      0.012051041621559563,
      0.045565341067730386
    ],
    [
      0.023591411941115976,
      0.02012747099647823,
      0.34198176483677295,
      0.019340522937484218,
      0.02502233239526335,
      0.0163155264472866,
      0.06089571851573771,
      0.1709201954061748,
      0.012679577495108273,
      0.029988104514809454,
      0.007026558420115436,
      0.09975625008885813,
      0.022816326272992,
      0.03419138482359728,
      0.0208830219853631,
      0.026117928076120376,
      0.062325483253802494,
      0.0008866310200394535,
      0.005133790572880069
    ],
    [
      0.0230609787636747,
      0.017650273566578858,
      0.02605418326995443,
      0.1884783389126253,
      0.012641002684322398,
      0.03246595868326829,
      0.0829542834840302,
      0.04974714267260778,
      0.07650394754571535,
      0.07906844921230771,
      0.033387663811987274,
      0.09277386977997083,
      0.057771166181872,
      0.03877270077901933,
      0.06603904089173758,
      0.05862777577042107,
      0.02699178446750858,
      0.02234654361499837,
      0.014664895907400069
    ],
    [
      0.007283475289344595,
      0.056715726310899044,
      0.01067779972564304,
      0.02791305320553383,
      0.3877480082446492,
      0.017016977740328672,
      0.06935906047818888,
      0.0332794903585981,
      0.10042168089548356,
      0.027944944878277665,
      0.002653299985363526,
      0.026046127810678218,
      0.015788106733333144,
      0.003366073131683042,
      0.0004633386995967315,
      0.01110357804899229,
      0.03679985432745474,
      0.07326188469216022,
      0.09215751944379158
    ],
    [
      0.01904506486961383,
      0.007823499394404557,
      0.03467031767215486,
      0.014799824341160468,
      0.01342961574294359,
      0.3465265280650673,
      0.03876641254789389,
      0.014479370355860458,
      0.03981810231610704,
      0.05892402332131648,
      0.016516614237914045,
      0.08650687747909522,
      0.03509246892421186,
      0.04611311307493004,
      0.04949936310537689,
      0.05495026775524945,
      0.05751176328747376,
      0.05001728896605609,
      0.015509484543170195
    ],
    [
      0.017267733141354383,
      0.008163994643824382,
      0.043610537608165835,
      0.007671199596706978,
      0.02278035295455271,
      0.036836590474532166,
      0.2801783707659502,
      0.043246964179949846,
      0.05510697406460087,
      0.042699455172350416,
      0.05188279406738304,
      0.06597866191546209,
      0.08094528929396602,
      0.011517636805520384,
      0.060573228370017294,
      0.08943903252290278,
      0.039474841277733014,
      0.027166205011916994,
      0.015460138133110573
    ],
    [
      0.011748089354071574,
      0.02354899757744471,
      0.0437830471826732,
      0.023845483011707826,
      0.023414587653966912,
      0.021208438725300476,
      0.01981580892059593,
      0.4509201516094402,
      0.006055779758636776,
      0.04157800118683162,
      0.06306893205679524,
      0.06433891293639524,
      0.012375972012552212,
      0.03641951144523075,
      0.011283689594360515,
      0.044004085306566514,
      0.035976788162395794,
      0.030512450542992738,
      0.036101272962041714
    ],
    [
      0.005231873006486272,
      0.010881429456009565,
      0.017492278849825914,
      0.022928903055316672,
      0.03999929284344035,
      0.007204177794359713,
      0.07584088123420019,
      0.037672510218370245,
      0.38681380649678704,
      0.05983826121890521,
      0.0015874811857377648,
      0.04165644050210773,
      0.07150487472148033,
      0.015184678913826565,
      0.022187664588578834,
      0.0499580560755625,
      0.052093928194085176,
      0.03141759704548366,
      0.05050586459943632
    ],
    [
      0.012962450933766452,
      0.0073356425740735655,
      0.008650805582167163,
      0.014636033162059275,
      0.010297291022599415,
      0.04683900972270649,
      0.06755711002994456,
      0.06542829299900332,
      0.029072528453290374,
      0.4019603953936213,
      0.03541727233289978,
      0.06049888294258318,
      0.043656008653168966,
      0.005862581426949719,
      0.058719911394963895,
      0.04623133636191688,
      0.06667380923345179,
      0.01503121928609692,
      0.003169418494736947
    ],
    [
      0.02097457688272194,
      0.006461299927766604,
      0.011223683416619858,
      0.03698612005879437,
      0.019077285718226353,
      0.011863016241659008,
      0.03863720014034829,
      0.11095891709605049,
      0.009145331858977477,
      0.012347193056805608,
      0.5085093233020641,
      0.10914241483757647,
      0.005909694357880796,
      0.0317714003254079,
      0.009855869338090125,
      0.0361152270843806,
      0.015174824104866381,
      0.0012715856082134284,
      0.0045750366435503564
    ],
    [
      0.04459945185385233,
      0.00014471629629200845,
      0.029710955410039385,
      0.021891574358400282,
      0.004877766007925349,
      0.004196526802851575,
      0.05950228183569524,
      0.056113754924652856,
      0.037804108326529036,
      0.06964218925160381,
      0.0458735693808008,
      0.45390558113612883,
      0.058038837086511225,
      0.03129817015546044,
      0.019973184690586142,
      0.023924779703415562,
      0.029864121230442398,
      0.005871755832065,
      0.002766675716747805
    ],
    [
      0.041014946410542055,
      0.020471747693208548,
      0.03690816533046181,
      0.0003363455356620347,
      0.030010404749368735,
      0.016067419922127808,
      0.08083138339005544,
      0.04674224854675447,
      0.1011642838941991,
      0.04290708352312193,
      0.04068102293583636,
      0.04857301689712444,
      0.35868870735532354,
      0.052346906156146705,
      0.027529324483078082,
      0.029359823745946697,
      0.007723680012699746,
      0.016096534121677383,
      0.002546955296665263
    ],
    [
      0.01784910588746503,
      0.003813238577679626,
      0.010850421903934265,
      0.023109471297972996,
      0.008172049241514316,
      0.020364743102964118,
      0.044488211775940326,
      0.035168673609266135,
      0.02161757079412365,
      0.025655589144840008,
      0.007694259376093024,
      0.04559203306979702,
      0.018161027809933408,
      0.6549816507644453,
      0.019263792283537563,
      0.02484523395096171,
      0.013414884637810333,
      0.0030114877591037228,
      0.0019465550126173048
    ],
    [
      0.03150343050473857,
      0.0015906506346893576,
      0.013134442514119571,
      0.051559791116005775,
      0.026219155313141528,
      0.04159120314801731,
      0.10276740571268016,
      0.06428138198630469,
      0.04573134818933238,
      0.0928425747061919,
      0.019527147519085443,
      0.0996784460686697,
      0.050437757948144174,
      0.04718264118731596,
      0.22965711259483096,
      0.040144104471280306,
      0.011704252063665377,
      0.018944194577709038,
      0.01150295974407788
    ],
    [
      0.01538464121070954,
      0.0422547718105632,
      0.022973825037083957,
      0.020522632513712447,
      0.04183856084642494,
      0.007637564633113918,
      0.04304572121209153,
      0.02858277195947226,
      0.08541244322086033,
      0.05632097700298315,
      0.011163040952979696,
      0.06383366365127932,
      0.09502724267702287,
      0.006199599986653555,
      0.009205934994085806,
      0.31590224730612415,
      0.026825482116414143,
      0.057746092215718116,
      0.05012278665270704
    ],
    [
      0.009554346286326029,
      0.06848083659291876,
      0.011406074128444282,
      0.007880891203898096,
      0.005998077496416707,
      0.01115272120149259,
      0.05144420017514757,
      0.05143575768780067,
      0.04314433551219769,
      0.021762169654006142,
      0.016485057395157595,
      0.02892782066139031,
      0.02143149076975521,
      0.018351305437337463,
      0.01599132793622735,
      0.08597873245853357,
      0.4224138750825034,
      0.005488606028678792,
      0.10267237429176782
    ],
    [
      0.009984992624390362,
      0.009748859505324278,
      0.006452762174396961,
      0.012984993208300715,
      0.09623225268446217,
      0.026923445697562373,
      0.06307040621898581,
      0.013338598035500058,
      0.11404473858038873,
      0.04623530044326047,
      0.00958955352198043,
      0.03721425275296241,
      0.021378951512558333,
      0.005350580509857579,
      0.01562010448705205,
      0.04768309389458746,
      0.0851245948939065,
      0.30475134385273384,
      0.07427117540178937
    ],
    [
      0.0034547380082001577,
      0.0976778338970043,
      0.004649482922489194,
      0.0038482196137012018,
      0.05788218125990111,
      0.011932446411259243,
      0.0513949886029836,
      0.010788655245394747,
      0.03124478770962251,
      0.02199379747731634,
      0.005177569165569072,
      0.03197656968654101,
      0.0006200853764071825,
      0.0004822542959659095,
      0.021053771310481022,
      0.051350710176537404,
      0.10020061363844698,
      0.06618694738646345,
      0.4280843478157155
    ]
  ]
}