{
  "poids_LS": 0.9675,
  "poids_EM": 0.03249999999999997,
  "mae_validation": 5.885971220067479,
  "matrice_de_transition": [
    [
      0.3402347711429888,
      0.00019075334035035385,
      0.0006913022608353003,
      0.021212205573904918,
      0.00044603042057374075,
      0.0027154117866100133,
      0.14839855885080094,
      0.08392134580515805,
      0.08703083477355855,
      0.0676297478887842,
      0.0010942394778919286,
      0.12907590057998225,
      0.001611978430749459,
      0.0026204248993838847,
      0.0004908119565507415,
      0.038271112557868546,
      0.0732776021800063,
      0.0004127678208470538,
      0.0006742002531549883
    ],
    [
      0.0004655672411940192,
      0.6747496075886026,
      0.00015973673746933636,
      0.0008465783804517197,
      0.0027915588204302792,
      0.0005548772717126502,
      0.05990116376436909,
      0.0044825305909210675,
      0.05554854644779792,
      0.015464544644336931,
      0.00018518810194660023,
      0.04356590389128035,
      0.005146087831482015,
      1.1754672534368996e-05,
      0.029895392386267875,
      0.04067898267644233,
      0.04502957550598426,
      0.006527603491088937,
      0.013994799955687781
    ],
    [
      0.0015033742903652325,
      0.0012826329556579253,
      0.5035915390667386,
      0.011879061755907097,
      0.034848565043946865,
      0.006416801684667928,
      0.08090328567654062,
      0.1766117711465567,
      0.022759522934388488,
      0.007719445781839457,
      0.0004477708797132382,
      0.06860302272463148,
      0.001453981576220077,
      0.0021788627583664913,
      0.0013307808127927454,
      0.02090216463920396,
      0.05718376195526719,
      5.650099637506317e-05,
      0.00032715332082078845
    ],
    [
      0.0014695721761165236,
      0.0011247723351251223,
      0.00166031560053631,
      0.28581865336644896,
      0.0008055540926283874,
      0.0020689091317768996,
      0.13498056893712773,
      0.09466652952263695,
      0.1118687023864238,
      0.09837684944986035,
      0.0021276452429207556,
      0.1269549280010919,
      0.037377192628674887,
      0.0024708093633688767,
      0.016925609075674707,
      0.060453344770934406,
      0.0184914717922262,
      0.0014240444460538167,
      0.000934527680373533
    ],
    [
      0.0004641430331445081,
      0.0036142374609886615,
      0.000680448021732154,
      0.0017787729983918604,
      0.5398143044433356,
      0.0010844152481581989,
      0.10526958818026483,
      0.043071432392318296,
      0.08182615555677829,
      0.04881433517045884,
      0.0001690828422045383,
      0.04658075724760152,
      0.0010061048408496604,
      0.00021450466035235054,
      2.9526485758615218e-05,
      0.0007075809541024493,
      0.026660206845128927,
      0.04694395150954317,
      0.05127045210888768
    ],
    [
      0.0012136560946322528,
      0.0004985563339571528,
      0.002209382988911827,
      0.0009431260609563036,
      0.0008558088463640515,
      0.5632650670219094,
      0.0739290583597222,
      0.004678211145817504,
      0.03862843063364016,
      0.06892627884960774,
      0.0010525293386906,
      0.08825695275867824,
      0.002236284784386048,
      0.002938580735167108,
      0.02626828349321328,
      0.036349179502481115,
      0.05603567774840206,
      0.015361537202402423,
      0.016353398101060512
    ],
    [
      0.0011003947590078765,
      0.0005202545606358671,
      0.002779102886794879,
      0.0004888509546921109,
      0.013768187941116075,
      0.0023474297851417535,
      0.5469092136644205,
      0.02867235706282587,
      0.03394839792231908,
      0.08124135968946943,
      0.009149323833566442,
      0.09447068457109103,
      0.06792966582325848,
      0.0007339670513321808,
      0.017702583120443344,
      0.07115213871740071,
      0.02436970304430137,
      0.0017311797311515718,
      0.0009852048810315554
    ],
    [
      0.0007486527529555408,
      0.0015006714142489263,
      0.002790096143993878,
      0.003116618192081119,
      0.0014921060759880863,
      0.0013515181540632647,
      0.008431098106273606,
      0.7663974437544586,
      0.0013518695548099353,
      0.026702475365289798,
      0.0040190986114624384,
      0.03903457030103764,
      0.017203329893936643,
      0.0072869065628401045,
      0.020326222904286047,
      0.02729802358335475,
      0.04893517939511662,
      0.0019444208679358101,
      0.02006969836586701
    ],
    [
      0.00033340367198196803,
      0.000693424426118256,
      0.0011147040443516504,
      0.001461155586858414,
      0.0025489745439447264,
      0.00045908976140527545,
      0.12188467811833108,
      0.04176831218982659,
      0.5337660401794172,
      0.08679709714650213,
      0.00010116301673819081,
      0.0775779064884698,
      0.04671064785775237,
      0.0009676511072536528,
      0.0014139198022133559,
      0.040653911293388,
      0.027326145546194364,
      0.00200210177250631,
      0.01241967344674674
    ],
    [
      0.007539976408356125,
      0.00046746741893606016,
      0.0005512768263145736,
      0.01659610284946997,
      0.0006561999181068249,
      0.0029848388548783526,
      0.08747999406745524,
      0.04222003433249821,
      0.012821177082108972,
      0.6033737276873136,
      0.0022569830408220425,
      0.06343185787043601,
      0.007478292065381522,
      0.006583604805429238,
      0.0037419551379143626,
      0.03430510994133492,
      0.10635155712877904,
      0.0009578718172512736,
      0.0002019727472136288
    ],
    [
      0.022605827384838077,
      0.00041174950520081265,
      0.0007152347275296962,
      0.01814936958387685,
      0.03434419879961874,
      0.0007559765252037597,
      0.039027205956181074,
      0.13017380714903537,
      0.0005827907557191525,
      0.0007868309300905528,
      0.5764054250633882,
      0.08781098401684294,
      0.0003765981698649524,
      0.0020246480599524623,
      0.0006280701048782918,
      0.06115419291886156,
      0.023674511479932665,
      8.10324162096792e-05,
      0.0002915464527752676
    ],
    [
      0.002842121931863136,
      9.22211692056916e-06,
      0.0018933451976985867,
      0.001395051307152958,
      0.00031083802991681124,
      0.0002674257276326982,
      0.06919214343941156,
      0.08876916808731142,
      0.07296751233149439,
      0.07665193346868268,
      0.0029233156958353426,
      0.5533154812284787,
      0.0394948710079502,
      0.001994491235396987,
      0.00127280098518441,
      0.027757426946189837,
      0.05269879329038006,
      0.006067750206236496,
      0.00017630776626334035
    ],
    [
      0.0026136975653776777,
      0.0013045721569201515,
      0.002351990927921584,
      2.1433784135325725e-05,
      0.0019124277536362413,
      0.00102390421072383,
      0.08847704326247482,
      0.0648388966252643,
      0.08162618075004335,
      0.06410616334227263,
      0.0025924181282640795,
      0.06944232909171495,
      0.5921197630660875,
      0.0033358322550485616,
      0.001754319697451053,
      0.016065329900718156,
      0.0033546326333344302,
      0.002896758873823956,
      0.0001623059747874921
    ],
    [
      0.0011374430222404175,
      0.00024300049759723086,
      0.000691448454662477,
      0.0016339515132716236,
      0.007569599724725684,
      0.011091555985082246,
      0.07040044396623123,
      0.03525639733986516,
      0.025011100220355676,
      0.02211185216201254,
      0.0004903204504373001,
      0.048288382827901676,
      0.0011573203996526182,
      0.6964688539132199,
      0.019233460899389043,
      0.03596124562367701,
      0.02293766929363698,
      0.00019190853366837435,
      0.00012404517237267127
    ],
    [
      0.0020075715517725544,
      0.0001013649914262825,
      0.0008369987876644817,
      0.003285672963274875,
      0.0016708285248570568,
      0.002650419808452081,
      0.1572709901684145,
      0.0757016480931793,
      0.0656926916360285,
      0.1086055842478318,
      0.0012443770477848556,
      0.13698011132854152,
      0.029434215883569287,
      0.0030067369384073873,
      0.33713131559041704,
      0.05842319764471416,
      0.014016014959433004,
      0.0012072280858343985,
      0.0007330317483971191
    ],
    [
      0.0009803938026432541,
      0.0026927060467515744,
      0.0014640182621671136,
      0.0013078148170503018,
      0.011376693528698507,
      0.00048670755014941595,
      0.058216290460820865,
      0.044184912238762745,
      0.07130290871112493,
      0.06544199386978249,
      0.000711370256807529,
      0.09972847428805254,
      0.10600495720804211,
      0.00039507254816909876,
      0.0016742061009173753,
      0.5071457359175289,
      0.009793928067437454,
      0.0036798980333545826,
      0.013411918291739204
    ],
    [
      0.0006088554005992072,
      0.03833492014022785,
      0.0007268576650479192,
      0.0043297305700795066,
      0.0003822304286932212,
      0.0007107126255853116,
      0.06364706204156403,
      0.07564451750017144,
      0.019075252116361012,
      0.0013868049289317628,
      0.0010505183634169047,
      0.049219254405678425,
      0.029897905576093654,
      0.01156146366094771,
      0.0010190552116223302,
      0.05845952080599171,
      0.5694049008720486,
      0.00034976410967070705,
      0.07419067357726869
    ],
    [
      0.000636298549593503,
      0.0006212508508294878,
      0.00041120543268215897,
      0.0008274750573917115,
      0.006132447474990231,
      0.0017157097748446597,
      0.1043844776468675,
      0.007356998553764289,
      0.0682418427797373,
      0.06387756000765969,
      0.0006110989989497327,
      0.06013273459077755,
      0.001362384165015971,
      0.00034096836582425715,
      0.0021019736288505416,
      0.03826935611479145,
      0.03638294229702291,
      0.5395612468288734,
      0.06703202888153349
    ],
    [
      0.00022015487307157851,
      0.012700991039261573,
      0.000296290578393919,
      0.00024522968126527246,
      0.0036885703744054597,
      0.0007604009967959314,
      0.08406931122213414,
      0.01856990301754926,
      0.04167917553391962,
      0.030652639414032172,
      0.0003299431330999896,
      0.053533138110271494,
      3.9515244574967473e-05,
      3.0731891409592246e-05,
      0.02267865973280782,
      0.020396193070420843,
      0.07665450048730739,
      0.014846492367269712,
      0.6186081592320093
    ]
  ]
}