{
  "poids_LS": 0.815,
  "poids_EM": 0.18500000000000005,
  "mae_validation": 6.278669328714063,
  "matrice_de_transition": [
    [
      0.30806255298236174,
      0.0010858267066097078,
      0.003935105177062482,
      0.034669395270863164,
      0.0025389423940351424,
      0.01545695940070317,
      0.13139115795062586,
      0.07532939190597672,
      0.07961732608179578,
      0.06333974182443264,
      0.006228747797230986,
      0.1401683401654623,
      0.009175877221189238,
      0.014916264811877515,
      0.0027938526757503774,
      0.039898299656609335,
      0.06520486124847917,
      0.0023496014417447703,
      0.003837755287189938
    ],
    [
      0.002650151988335189,
      0.6289500657951056,
      0.0009092706594408388,
      0.004818984627186717,
      0.015890411747064685,
      0.0031585321620566276,
      0.05378728883104519,
      0.009253158919867055,
      0.056407379083603645,
      0.014861545769968858,
      0.0010541476572344948,
      0.03716803263448165,
      0.007308615732240269,
      6.691121288794666e-05,
      0.0296224831213445,
      0.047090417254608406,
      0.05463343111699618,
      0.008291633469930343,
      0.024077538216601913
    ],
    [
      0.00855766903746364,
      0.007301141439898968,
      0.45197794624983856,
      0.014262041504997172,
      0.03171034414567621,
      0.009578174514614207,
      0.07451343438434702,
      0.1747940427687384,
      0.019540273343833025,
      0.014831425796034067,
      0.002548849622983051,
      0.07855248277289237,
      0.008276510510791217,
      0.012402757239932349,
      0.007575213857435636,
      0.022567932019580413,
      0.05882588236998266,
      0.00032162105628882144,
      0.0018622573646721824
    ],
    [
      0.008365257002509452,
      0.006402550215327626,
      0.009451027264591315,
      0.2547309089597304,
      0.004585461758038518,
      0.011776867365499287,
      0.11836484426362534,
      0.0803205473349313,
      0.10057419953153784,
      0.0922102923059299,
      0.0121112113827797,
      0.11603846438073386,
      0.04389045119802056,
      0.014064607145330544,
      0.03261105065043825,
      0.05987030964511601,
      0.021206231337735235,
      0.008106099154460197,
      0.0053196191036647324
    ],
    [
      0.0026420449578995107,
      0.020573351701012405,
      0.003873319508321496,
      0.010125323221615216,
      0.49124862869401686,
      0.006172825258746677,
      0.09380078090368558,
      0.039944162946994044,
      0.08776504061259516,
      0.04214924193578318,
      0.000962471563318142,
      0.04002257716565219,
      0.0057270583248365346,
      0.0012210265281595353,
      0.00016807384201057913,
      0.004027768507967793,
      0.029898523580321985,
      0.05534915530085019,
      0.06432862544621301
    ],
    [
      0.006908503923291293,
      0.0028379360548330267,
      0.012576487783036569,
      0.005368563731597426,
      0.004871527279303068,
      0.4940449053655357,
      0.06269910341458332,
      0.00780842429666892,
      0.0390083781343233,
      0.06573184122015346,
      0.005991320851008038,
      0.08769802819294753,
      0.012729621080351366,
      0.01672730572325894,
      0.03368763352641736,
      0.04228984119577362,
      0.056507097737320246,
      0.026429604519590248,
      0.016083875970006538
    ],
    [
      0.006263785551275612,
      0.002961449037465708,
      0.015819508740217023,
      0.0027826900497858655,
      0.01664641865221364,
      0.013362292623114613,
      0.46172292352407124,
      0.033327074519080124,
      0.04070584894158186,
      0.06893216505311203,
      0.022797186054837718,
      0.08537113806850796,
      0.07208648797882476,
      0.004177966292198572,
      0.031394255163501,
      0.07699245558722075,
      0.02919385713979525,
      0.009854407700401266,
      0.005608089322795013
    ],
    [
      0.00426156182451616,
      0.008542283434955436,
      0.015882085742734402,
      0.009736831563794363,
      0.008493526894086039,
      0.007693257184667822,
      0.012067052868962936,
      0.6656429158966255,
      0.0028541654837808115,
      0.031453297748085876,
      0.02287794594217083,
      0.04711606192803666,
      0.015661608266897636,
      0.016591036917949165,
      0.017438293417870038,
      0.03263346737977317,
      0.04479663559827907,
      0.011068241863634623,
      0.025189730043179353
    ],
    [
      0.0018978362866665893,
      0.003947185194827001,
      0.0063452384063094015,
      0.008317347186732521,
      0.014509547403993074,
      0.0026132801803069555,
      0.10717959115533637,
      0.04046022883768608,
      0.4868336514116662,
      0.07818720713821202,
      0.0005758510183558561,
      0.06610560583313949,
      0.054629222929414176,
      0.005508167841290029,
      0.008048466566445265,
      0.043625392087695045,
      0.03523627508295531,
      0.011396579320420545,
      0.024583326118548125
    ],
    [
      0.009271761466209685,
      0.002660968384712961,
      0.0031380373190214223,
      0.01597011200689378,
      0.0037352918415311616,
      0.01699062117392295,
      0.08111718817065863,
      0.04963209600085848,
      0.018011399247774236,
      0.5390480037610558,
      0.012847441924679334,
      0.06249514860028406,
      0.019032431918025686,
      0.006353330323297036,
      0.021300360015820242,
      0.03811400947879827,
      0.09367960623027137,
      0.005452501113584179,
      0.0011496910226006577
    ],
    [
      0.022084852093586325,
      0.0023438048757584745,
      0.004071336141322891,
      0.02416529512822224,
      0.029468378391425357,
      0.004303250989621406,
      0.03890264912494652,
      0.12403711451431244,
      0.0033174243017859485,
      0.004478883755900075,
      0.5547213297364731,
      0.09462363993341229,
      0.00214371265923127,
      0.01152491972588326,
      0.0035751682893072033,
      0.05315745513926292,
      0.020959951637634006,
      0.0004612614461166359,
      0.001659572115797679
    ],
    [
      0.016178232535220945,
      5.249512708631681e-05,
      0.010777503433053505,
      0.007941061286870693,
      0.001769385708757235,
      0.0015222695265245914,
      0.06609747559738696,
      0.07833995236520579,
      0.061737315240903354,
      0.0744132193469978,
      0.01664041242244735,
      0.5215667696806602,
      0.045417289493773355,
      0.011353257801490555,
      0.007245174838742034,
      0.026533387774413757,
      0.04540604462202301,
      0.006005155144328322,
      0.0010035980541144
    ],
    [
      0.01487797075676526,
      0.007426026124007025,
      0.013388256051245955,
      0.00012200769430877733,
      0.010886127213006308,
      0.0058283778148895005,
      0.08603523565924141,
      0.05905933886197059,
      0.08786609850812452,
      0.05733577659374806,
      0.014756841653195546,
      0.06277726079920175,
      0.5175684834935399,
      0.018988583605661063,
      0.009986127508567543,
      0.02031121536961314,
      0.0047499828434982225,
      0.007112393900625314,
      0.0009238955487903407
    ],
    [
      0.006474675665060845,
      0.0013832336017073157,
      0.003935937357309489,
      0.008492625371212903,
      0.007762005067783833,
      0.014053149776657087,
      0.06212480960179277,
      0.03522838086045919,
      0.02392730286433393,
      0.02324362156490508,
      0.0027910548717200194,
      0.04742724494704102,
      0.006587823813407218,
      0.6832190141641349,
      0.019243147885949562,
      0.0324111057700873,
      0.019896361105126895,
      0.0010924024224199782,
      0.000706103288890591
    ],
    [
      0.011427714987013013,
      0.0005770007204265318,
      0.004764454637474748,
      0.018703061483257004,
      0.009510870064570949,
      0.015087005063496478,
      0.1398640862322899,
      0.07205433797527694,
      0.05931760289127215,
      0.10357132465599916,
      0.007083377041236879,
      0.12506701404659293,
      0.03614215340157488,
      0.017115271803242068,
      0.3028070936913031,
      0.05258537207623528,
      0.013277703249266378,
      0.006871913719365044,
      0.0041726422601066826
    ],
    [
      0.0055807031842769915,
      0.015327711343047442,
      0.00833364241541281,
      0.007444484343209419,
      0.02110535272441219,
      0.0027704891316197556,
      0.05337123954892301,
      0.03920202974118829,
      0.07580909512522892,
      0.06252899895420784,
      0.0040493383849044004,
      0.08826468659777416,
      0.10249898555153858,
      0.0022488745049625645,
      0.004079627370463315,
      0.4460679725390174,
      0.015233324910304356,
      0.020947111882172263,
      0.025136331747336267
    ],
    [
      0.0034657922803339528,
      0.04796267356229145,
      0.004137497477965084,
      0.005463870877215287,
      0.0021757732094844925,
      0.004045594945639471,
      0.059749812963808,
      0.0679129240522415,
      0.026762236865816712,
      0.007894120364688504,
      0.005979873760988541,
      0.042738744152267034,
      0.027193972051556242,
      0.013729947160213548,
      0.00580077582000404,
      0.06724837897774592,
      0.5224601230020892,
      0.0019909649319717194,
      0.0832869235436794
    ],
    [
      0.0036220071284553284,
      0.003536350997029396,
      0.002340707847575369,
      0.004710242634383594,
      0.03490777793455982,
      0.009766347949115765,
      0.09118993127461208,
      0.009267352314946917,
      0.08286999274748463,
      0.05824312108918664,
      0.003478563532483098,
      0.05281321944885753,
      0.007755109862398613,
      0.0019408968516150045,
      0.006419282436967256,
      0.041275837814098035,
      0.05194964810021611,
      0.4645696024228812,
      0.06934400761313354
    ],
    [
      0.0012531892774843712,
      0.0398401921613679,
      0.0016865771385500025,
      0.0013959228010484756,
      0.020996477515846487,
      0.0043284364432999226,
      0.07363405635423789,
      0.016084792472515617,
      0.03834672706647395,
      0.027887250104400414,
      0.0018781378345691737,
      0.046648579608451805,
      0.00022493293065750742,
      0.0001749353818699868,
      0.022159716309970465,
      0.030282190680227708,
      0.08417446332615303,
      0.031243182190153585,
      0.5577602404027218
    ]
  ]
}