{
  "poids_LS": 0.4975,
  "poids_EM": 0.5025,
  "mae_validation": 7.123665275771885,
  "matrice_de_transition": [
    [
      0.24108104959876125,
      0.0029493401084939347,
      0.010688596494453495,
      0.06268682300059587,
      0.006896316502717073,
      0.04198444377758562,
      0.09598230689616302,
      0.05744122559128773,
      0.06418264405140443,
      0.054408089854389205,
      0.016918625773559834,
      0.16326243569588794,
      0.024923666506203188,
      0.04051580036739702,
      0.007588707943592238,
      0.043286049845790986,
      0.04839767930907023,
      0.006382025537712144,
      0.010424173144934828
    ],
    [
      0.007198385806153687,
      0.5335969214053661,
      0.002469775710102818,
      0.013089404190061212,
      0.04316179406972973,
      0.008579256278018674,
      0.04105840167478067,
      0.01918545068668902,
      0.05819544047290408,
      0.01360612188398943,
      0.002863292960866667,
      0.02384787444409747,
      0.011810927919064827,
      0.00018174532149293614,
      0.029054294979618776,
      0.060438813835380384,
      0.07462834361861112,
      0.011964286048829657,
      0.045069468694242804
    ],
    [
      0.02324447941257015,
      0.019831478775941783,
      0.3445201382539975,
      0.01922332721211913,
      0.025176671127965188,
      0.016160049094994158,
      0.061209973497321005,
      0.17100959188377246,
      0.012837901245463459,
      0.029638335005914635,
      0.00692322667864315,
      0.09926693238156661,
      0.022480792063095053,
      0.03368857034089731,
      0.02057591872087246,
      0.026036005090200216,
      0.06224472323340664,
      0.000873592328568285,
      0.005058293652690655
    ],
    [
      0.022721846723032423,
      0.01739071072001152,
      0.025671033515984504,
      0.1900072443752508,
      0.012455105586023536,
      0.0319885181143967,
      0.08377145027125162,
      0.05045268278019986,
      0.07705941489923432,
      0.07937172251446822,
      0.03289666875592863,
      0.09331074503998843,
      0.05745084198993697,
      0.03820251400285728,
      0.06526762573232298,
      0.05865644962906787,
      0.026858271702975348,
      0.022017917973601336,
      0.014449235673467712
    ],
    [
      0.007176365358618939,
      0.055881671512209345,
      0.010520773259089466,
      0.02750256712898186,
      0.3901364841011731,
      0.01676672806767678,
      0.06992310018031572,
      0.033433290495253384,
      0.10012960458126306,
      0.02827273634883548,
      0.0026142808679317092,
      0.02636866125733146,
      0.015555928693137067,
      0.0033165720562171146,
      0.0004565248951908972,
      0.010940290136507108,
      0.03664059284867475,
      0.0728485140138992,
      0.0915153141976936
    ],
    [
      0.018764990386237152,
      0.007708447932722137,
      0.034160460059329045,
      0.014582179865555165,
      0.013232121393782652,
      0.3499307983104627,
      0.03931870541404826,
      0.01432542544680219,
      0.03979941637345049,
      0.05908112681128963,
      0.016273722852062366,
      0.08653436557249179,
      0.034576403204738156,
      0.045434979059122235,
      0.04913447703817012,
      0.05465810406541538,
      0.057488578697854835,
      0.04947295778652226,
      0.015522739729943339
    ],
    [
      0.01701379588927564,
      0.008043935899062259,
      0.04296920617275163,
      0.007558387837931875,
      0.022638800624498728,
      0.03629487590873022,
      0.2843678604449838,
      0.04301804364931438,
      0.05477464040791581,
      0.043304825400367994,
      0.05121158772863199,
      0.066426180595917,
      0.08074085541746276,
      0.011348259793674495,
      0.05989986744986692,
      0.08915180382438703,
      0.039237587797626754,
      0.02676670199703586,
      0.015232783160564827
    ],
    [
      0.011575323334158755,
      0.023202688789541105,
      0.04313917884175154,
      0.023519898747525202,
      0.023070255482585043,
      0.020896549920516642,
      0.019636991473250553,
      0.4558752923237598,
      0.005981896352293945,
      0.041344354184399024,
      0.06214144776184237,
      0.06394146252851003,
      0.012451794387652489,
      0.03596193126383194,
      0.011425718913364582,
      0.04374168643133281,
      0.03618032310322387,
      0.03006373803500755,
      0.035849468125452574
    ],
    [
      0.005154933697567355,
      0.010721408434597658,
      0.01723503945497553,
      0.02259171330450319,
      0.039411067948683876,
      0.007098234003266187,
      0.07656408223238025,
      0.0377368421865083,
      0.3891219567640535,
      0.06026169843242768,
      0.0015641358741827975,
      0.04222065200974693,
      0.07111543660320187,
      0.014961374812152642,
      0.02186137540345267,
      0.049811917675842476,
      0.05170490542998217,
      0.030955573559520656,
      0.04990765217295428
    ],
    [
      0.012877281176822833,
      0.007227765477396012,
      0.008523587853017644,
      0.014666819596940071,
      0.01014586027226707,
      0.0461502007561961,
      0.06787003491011488,
      0.06506376537596922,
      0.028817271625470767,
      0.4051239555867159,
      0.03489643009271007,
      0.06054495061160705,
      0.04308777226697334,
      0.005873906401480811,
      0.05785638328621442,
      0.04604401343384491,
      0.06729701993337839,
      0.014810171943654317,
      0.0031228093992261095
    ],
    [
      0.021000198618357273,
      0.0063662808111818,
      0.011058629248728387,
      0.036690254868088856,
      0.019317080164530945,
      0.011688560120458139,
      0.03864332588614671,
      0.11126072165185652,
      0.009010841684580748,
      0.012165616688323172,
      0.5095757542197812,
      0.10880736618594189,
      0.005822787087911961,
      0.03130417385003425,
      0.009710930083118212,
      0.0365085092702625,
      0.015308327047930248,
      0.0012528858198573485,
      0.00450775669290991
    ],
    [
      0.043943577561883905,
      0.0001425881154641848,
      0.029274029595185862,
      0.02156963944136498,
      0.004806034154867623,
      0.004134813173397875,
      0.0596544786148112,
      0.056626667173281,
      0.03835641310147614,
      0.0697522899461129,
      0.045198958066377255,
      0.45546699317946415,
      0.05774757060360189,
      0.0308379029472919,
      0.019679461386312814,
      0.023984978351207824,
      0.030222781001017336,
      0.005874834277732614,
      0.002725989309148572
    ],
    [
      0.040411785433916436,
      0.020170692580073125,
      0.03636539819324913,
      0.0003313992777846518,
      0.029569075267760366,
      0.01583113433503769,
      0.08095147228857512,
      0.047026489092490215,
      0.10085740269298199,
      0.04324005336321331,
      0.04008277259854464,
      0.04890080714101853,
      0.3623551637277439,
      0.05157709871267395,
      0.02712448147597399,
      0.029151009706492842,
      0.007655056231872017,
      0.015889207808883872,
      0.002509500071714303
    ],
    [
      0.017586619036178777,
      0.003757161539772572,
      0.010690856875935231,
      0.022772159468893913,
      0.008162586683658997,
      0.020219090949280108,
      0.044895210187306155,
      0.03517005146890905,
      0.021670872303436194,
      0.025599928354533813,
      0.007581108502915185,
      0.045634384113118036,
      0.017893953871552033,
      0.655633282227515,
      0.019263315874362454,
      0.025019830992941534,
      0.013564457171671483,
      0.002967201174411021,
      0.0019179292036082265
    ],
    [
      0.031040144762021823,
      0.0015672587135909845,
      0.012941288947735458,
      0.05080155889371157,
      0.025833579499712975,
      0.04097956780760528,
      0.10362348295544038,
      0.0644607578937425,
      0.046044877143992524,
      0.09309016124349513,
      0.019239983584981243,
      0.10026433609892947,
      0.05010785938168488,
      0.04648877881691425,
      0.23134518908167262,
      0.040431210646779264,
      0.011740562475640783,
      0.01866560348097802,
      0.01133379857137085
    ],
    [
      0.015158396487022632,
      0.04163337810746668,
      0.022635974668891543,
      0.020220829094393142,
      0.04136010219745541,
      0.0075252475061563595,
      0.043284002404479945,
      0.02882783175443494,
      0.08519082749557653,
      0.056464239048011414,
      0.01099887858602411,
      0.06439745648850612,
      0.0951996675125886,
      0.006108429398614531,
      0.009087635587386825,
      0.3189060717345756,
      0.026557970796273145,
      0.05689688497725166,
      0.049546176154890785
    ],
    [
      0.009413841193880057,
      0.06800734052298121,
      0.011238337744202452,
      0.007825113811743875,
      0.005909870474410579,
      0.010988710595588288,
      0.0516358681625782,
      0.05181599998851853,
      0.04276628708189659,
      0.02144213774732958,
      0.016242630080522923,
      0.029246534280410543,
      0.021564471107027538,
      0.018244658707865367,
      0.015756161348929886,
      0.08554649353205385,
      0.42472263464987847,
      0.005407891234139398,
      0.1022250177360427
    ],
    [
      0.009838154497561091,
      0.009605493924363625,
      0.00635786861300877,
      0.012794037425825702,
      0.09481707249792595,
      0.026527512672598216,
      0.0637193183356541,
      0.0132446462111796,
      0.11332532136886014,
      0.046512403996627996,
      0.009448530676068953,
      0.03757422890748307,
      0.021064555166785414,
      0.0052718955023596725,
      0.015407777824357784,
      0.04753523413888386,
      0.08435901919866749,
      0.30843945751204493,
      0.07415747152974347
    ],
    [
      0.0034039330374913317,
      0.09634311908772038,
      0.004581108173629059,
      0.0037916281487938306,
      0.057030972711961385,
      0.011756969258152488,
      0.05190819785878178,
      0.010910873796789844,
      0.031408678617857545,
      0.022129800230249054,
      0.005101428442545996,
      0.0323151545308928,
      0.0006109664738129591,
      0.0004751623210252343,
      0.02107929311816155,
      0.05086451357277641,
      0.09983077940047094,
      0.06538055280501014,
      0.43107686841387716
    ]
  ]
}