{
  "poids_LS": 0.5475,
  "poids_EM": 0.4525,
  "mae_validation": 6.98858188244418,
  "matrice_de_transition": [
    [
      0.2516293178481471,
      0.002655873431031852,
      0.00962505455470688,
      0.058274629657330886,
      0.006210115855680549,
      0.03780688718280099,
      0.10155850391261388,
      0.06025825965659309,
      0.06661330263886764,
      0.05581464921975038,
      0.015235180422956867,
      0.15962557025802562,
      0.022443699689665562,
      0.03648437744526797,
      0.006833612625821868,
      0.04275254587899072,
      0.05104447961448896,
      0.005746998121024369,
      0.009386941986234847
    ],
    [
      0.006482128512009042,
      0.5486131646163487,
      0.002224026883226916,
      0.011786975912443183,
      0.03886708819214469,
      0.007725598936922289,
      0.04306295083324752,
      0.017621310250969028,
      0.0579138560021481,
      0.01380382643296257,
      0.0025783881886411284,
      0.02594553715124458,
      0.011101902377832614,
      0.00016366120990159923,
      0.029143773427134638,
      0.058336704137621015,
      0.07147953850024658,
      0.011385915563963624,
      0.04176365287099227
    ],
    [
      0.020931595888931332,
      0.017858197305698823,
      0.3614426277021615,
      0.018442022376351896,
      0.026205596012644092,
      0.015123533413044562,
      0.06330500670787628,
      0.17160556840108993,
      0.013893392914498037,
      0.027306538279949194,
      0.006234348402161245,
      0.0960048143329565,
      0.020243897330448783,
      0.03033647378956425,
      0.01852856362426824,
      0.025489851850732534,
      0.06170632309743437,
      0.0007866677187604956,
      0.004554980851427904
    ],
    [
      0.020460966452083926,
      0.015660291742895946,
      0.02311670182285172,
      0.20019994745942082,
      0.01121579159736448,
      0.028805580988586085,
      0.0892192288527278,
      0.055156283497480404,
      0.08076253058936086,
      0.08139354452887164,
      0.029623368382204394,
      0.09688991344010582,
      0.05531534737703675,
      0.03440126882844362,
      0.060124858002892315,
      0.058847608686713244,
      0.025968186606087143,
      0.01982708036428777,
      0.013011500780585356
    ],
    [
      0.006462299153781234,
      0.05032130618761141,
      0.009473930148732306,
      0.024765993285302077,
      0.40605965647799885,
      0.015098396916664165,
      0.07368336486116137,
      0.034458624739621996,
      0.09818242915312639,
      0.030458012819220948,
      0.0023541534183862656,
      0.028518884235019762,
      0.014008075091829898,
      0.002986564886444268,
      0.00041109953248533534,
      0.009851704053272571,
      0.03557884965680817,
      0.0700927094921592,
      0.08723394589037384
    ],
    [
      0.016897827163725995,
      0.006941438188172671,
      0.030761409307157005,
      0.01313121669485316,
      0.011915492399376419,
      0.37262593327976556,
      0.0430006578550774,
      0.013299126053080415,
      0.03967484342240684,
      0.06012848341111071,
      0.014654446946384521,
      0.08671761952846908,
      0.03113596507491347,
      0.04091408562040361,
      0.046701903256791744,
      0.05271034613318834,
      0.057334014767061986,
      0.04584408325629675,
      0.015611107641764318
    ],
    [
      0.01532088087541737,
      0.007243544267314771,
      0.038693663269990276,
      0.006806309446097858,
      0.021695118424138873,
      0.0326834454700506,
      0.3122977916385409,
      0.04149190677841135,
      0.052559082696682115,
      0.047340626920485164,
      0.04673687880362502,
      0.06940963846561636,
      0.07937796290744104,
      0.01021907971470191,
      0.05541079464886442,
      0.08723694583428211,
      0.03765589793025172,
      0.024103348564494982,
      0.013717083343593204
    ],
    [
      0.010423549868073308,
      0.02089396353685045,
      0.03884672323560711,
      0.02134933698630775,
      0.020774707673372604,
      0.018817291221957775,
      0.018444875157614705,
      0.48890956375255756,
      0.005489340310008413,
      0.03978670750151507,
      0.05595821912882323,
      0.061291793142608714,
      0.012957276888321018,
      0.032911396721173235,
      0.012372581040058355,
      0.041992360596441534,
      0.03753722270874438,
      0.027072321315106302,
      0.03417076921485837
    ],
    [
      0.004642004971441251,
      0.009654601625184958,
      0.015520110155972992,
      0.02034378163241332,
      0.035489568650307377,
      0.0063919420626426865,
      0.08138542222024736,
      0.03816572197409535,
      0.40450962521249645,
      0.0630846131892441,
      0.0014085004638163502,
      0.045982062060674886,
      0.06851918248134554,
      0.013472680800993177,
      0.01968611416927828,
      0.048837661677709025,
      0.04911142033596219,
      0.02787541698643403,
      0.045919569329740714
    ],
    [
      0.012309482797198717,
      0.006508584832878997,
      0.0076754696586875315,
      0.01487206249614538,
      0.009136321936718109,
      0.04155814097946017,
      0.06995620077791705,
      0.06263358122240847,
      0.02711555944000675,
      0.42621435687401354,
      0.03142414849144539,
      0.06085206840509949,
      0.039299529692335924,
      0.0059494062316880906,
      0.05209952922788463,
      0.04479519391336513,
      0.07145175793288909,
      0.013336522994036974,
      0.0028120820958205265
    ],
    [
      0.021171010189259487,
      0.005732820033949781,
      0.009958268129451933,
      0.034717820263385456,
      0.020915709806561558,
      0.010525519312452356,
      0.038684164191469514,
      0.11327275202389682,
      0.008114240521935899,
      0.010955107565106937,
      0.5166852936712287,
      0.10657370850837819,
      0.0052434052881197265,
      0.028189330680876614,
      0.008744668383305456,
      0.03913039050947517,
      0.016198346668356036,
      0.0011282205641501496,
      0.004059223688640268
    ],
    [
      0.039571082282094466,
      0.00012840024327869377,
      0.02636119082949573,
      0.019423406661129662,
      0.004327821801149452,
      0.003723388977039878,
      0.06066912380891762,
      0.060046082164135296,
      0.0420384449344568,
      0.07048629457617353,
      0.04070154930355365,
      0.4658764068016998,
      0.05580579405087299,
      0.027769454892835,
      0.017721306024490645,
      0.024386302669822935,
      0.032613846138183585,
      0.005895357248850049,
      0.0024547465918203564
    ],
    [
      0.036390712256412314,
      0.018163658492503662,
      0.03274695061183131,
      0.0002984242252687661,
      0.026626878723704613,
      0.01425589708777026,
      0.08175206494537296,
      0.04892142606406193,
      0.09881152801820128,
      0.04545985229715579,
      0.0360944370165999,
      0.05108607543364581,
      0.38679820621054645,
      0.04644504908952232,
      0.024425528095280064,
      0.027758916110133834,
      0.007197564359687168,
      0.014507032390260476,
      0.002259798572041238
    ],
    [
      0.015836706694270442,
      0.0033833146203922173,
      0.009627090022608344,
      0.020523413941700056,
      0.008099502964623539,
      0.01924807659138672,
      0.04760853292974499,
      0.035179237199861824,
      0.02202621569885316,
      0.02522885641915921,
      0.006826769348396261,
      0.045916724401924805,
      0.016113460949009544,
      0.6599774919813135,
      0.01926013981319507,
      0.026183811272807007,
      0.014561607397412493,
      0.002671957276459676,
      0.00172709047688104
    ],
    [
      0.0279515731439102,
      0.0014113125729351653,
      0.011653598505174717,
      0.045746677411750224,
      0.023263074076855964,
      0.03690199887152516,
      0.10933066457384188,
      0.06565659727666132,
      0.048135070175060184,
      0.0947407381588501,
      0.01732555735761993,
      0.10417026963399457,
      0.04790853560528961,
      0.041863029680902886,
      0.24259903232728375,
      0.042345251816772345,
      0.011982631888810168,
      0.016808329502771252,
      0.010206057419990668
    ],
    [
      0.013650098329109935,
      0.03749075342015657,
      0.020383638880942138,
      0.01820880629893114,
      0.03817037787099191,
      0.006776466659772644,
      0.0448725436870694,
      0.030461563720852788,
      0.08371338932701786,
      0.057419319348199827,
      0.00990446280632022,
      0.06815607540335147,
      0.09634916641636025,
      0.00550062547835438,
      0.008298972876060288,
      0.3389315679242515,
      0.024774561995333184,
      0.05123550338747539,
      0.045702106169449135
    ],
    [
      0.008477140577573586,
      0.06485070005673085,
      0.010120095182590268,
      0.007453264530715752,
      0.005321823661036392,
      0.00989530655622627,
      0.05291365474544904,
      0.05435094865997097,
      0.0402459642132226,
      0.019308591702819178,
      0.014626447982958455,
      0.031371291740545426,
      0.022451006688843082,
      0.01753368051138477,
      0.014188384100280149,
      0.08266490068885576,
      0.4401143650990455,
      0.004869792603876772,
      0.09924264069787525
    ],
    [
      0.008859233652032625,
      0.008649723384625952,
      0.0057252448704208335,
      0.0115209988759923,
      0.08538253792101791,
      0.023887959172837203,
      0.06804539911344276,
      0.012618300715709888,
      0.10852920662533647,
      0.04835976101907818,
      0.00850837836999244,
      0.03997406993762079,
      0.018968579528299306,
      0.004747328785706969,
      0.013992266739729356,
      0.04654950243419318,
      0.07925518123040744,
      0.3330268819074522,
      0.07339944571610411
    ],
    [
      0.0030652332327658263,
      0.08744502035916094,
      0.004125276514561491,
      0.003414351716078027,
      0.051356249059029906,
      0.010587121570774133,
      0.05532959289743629,
      0.011725664139423823,
      0.032501284672757765,
      0.023036485249800447,
      0.004593823622392167,
      0.034572386826571384,
      0.0005501737898514707,
      0.00042788248808740007,
      0.021249438502698385,
      0.04762320288103646,
      0.0973652178139642,
      0.060004588928654776,
      0.451027005734955
    ]
  ]
}