{
  "poids_LS": 0.32,
  "poids_EM": 0.6799999999999999,
  "mae_validation": 7.607376051367786,
  "matrice_de_transition": [
    [
      0.20363469731344128,
      0.0039911468134843295,
      0.014464170380553984,
      0.07835010936918661,
      0.009332328799696737,
      0.056814769689071086,
      0.07618680748776255,
      0.047440754659453736,
      0.05555380606591005,
      0.04941480410735705,
      0.02289485676820037,
      0.17617330800029912,
      0.03372754870491178,
      0.05482735174095517,
      0.010269296321677059,
      0.0451799889279319,
      0.03900153822483373,
      0.008636372866953746,
      0.014106343758319767
    ],
    [
      0.009741099200367179,
      0.4802892580063778,
      0.0033421840455122712,
      0.017713024575605224,
      0.058407999935156656,
      0.011609739838910843,
      0.03394225216222334,
      0.024738149233495002,
      0.059195065344087784,
      0.012904270735134792,
      0.003874704902267331,
      0.01640117183372521,
      0.014327968590439189,
      0.0002459439176421822,
      0.028736646490937465,
      0.06790130326242613,
      0.08580660178880531,
      0.014017501270104078,
      0.05680511486678219
    ],
    [
      0.031455215921487964,
      0.026836627995304303,
      0.28444530071301555,
      0.021996959379092827,
      0.021523987787355092,
      0.019839679765915236,
      0.05377260559984977,
      0.1688938752472954,
      0.00909090582039071,
      0.037916213383091965,
      0.009368744560153915,
      0.11084745145413252,
      0.030421768363989327,
      0.045588513098129696,
      0.02784402931381746,
      0.02797484909031051,
      0.06415604371610825,
      0.0011821746933859379,
      0.006845054097173424
    ],
    [
      0.030747971684899598,
      0.023533698088771805,
      0.034738911026605895,
      0.15382314842644726,
      0.016854670245763193,
      0.04328794491102439,
      0.06443183630701117,
      0.03375490023385395,
      0.06391335419928511,
      0.0721942543633361,
      0.04451688508264969,
      0.0806046972195717,
      0.06503184786573275,
      0.051696934372025764,
      0.08352445117180184,
      0.05797783497442678,
      0.030018073796928484,
      0.029795391486664494,
      0.01955319454320009
    ],
    [
      0.009711300385792793,
      0.07562096841453206,
      0.014237066300857385,
      0.0372174042740451,
      0.33360922216344147,
      0.022689303653771562,
      0.05657416056331367,
      0.02979335392774483,
      0.10704207735114828,
      0.020515004878967086,
      0.0035377333138180344,
      0.018735369686537984,
      0.021050808977777523,
      0.0044880975089107225,
      0.000617784932795642,
      0.014804770731989719,
      0.040409781179801096,
      0.08263162006607623,
      0.10671417168867882
    ],
    [
      0.02539341982615177,
      0.010431332525872743,
      0.0462270902295398,
      0.019733099121547287,
      0.017906154323924783,
      0.26936306916943764,
      0.026247774248394806,
      0.01796878829451449,
      0.040241650349655454,
      0.055363010881924815,
      0.022022152317218723,
      0.08588381402877246,
      0.04678995856561581,
      0.061484150766573376,
      0.057770113962063406,
      0.061572644724821414,
      0.05803728065216945,
      0.06235546236882284,
      0.015209033642978875
    ],
    [
      0.023023644188472508,
      0.010885326191765842,
      0.05814738347755444,
      0.010228266128942636,
      0.02598887243577622,
      0.04911545396604288,
      0.18521660470785614,
      0.04843582954102015,
      0.06263987028279543,
      0.02897773000395203,
      0.06709680441240674,
      0.055834905158484244,
      0.08557912382803991,
      0.015356849074027179,
      0.07583607589342582,
      0.09594954968925953,
      0.04485258682680815,
      0.03622160668255599,
      0.020613517510814094
    ],
    [
      0.015664119138762096,
      0.03139866343659294,
      0.058377396243564264,
      0.03122539299984717,
      0.031219450205289215,
      0.028277918300400634,
      0.0238690043937578,
      0.3386036287515279,
      0.007730470302407587,
      0.04687399990863708,
      0.08409190940906032,
      0.07334778884845972,
      0.010657331510279217,
      0.046791328890270344,
      0.008064358363601688,
      0.04995179314519688,
      0.03136332950362608,
      0.04068326739065698,
      0.041808849258062025
    ],
    [
      0.006975830675315028,
      0.014508572608012752,
      0.023323038466434548,
      0.030571870740422225,
      0.053332390457920466,
      0.009605570392479616,
      0.05944832527545202,
      0.036214318940574274,
      0.33449573377208097,
      0.05024035104572934,
      0.0021166415809836863,
      0.028867646328952654,
      0.08033213873579184,
      0.02024623855176875,
      0.029583552784771774,
      0.05327052646921624,
      0.0609117775137531,
      0.0418901293939782,
      0.06406534626636244
    ],
    [
      0.01489296542448845,
      0.00978085676543142,
      0.011534407442889548,
      0.013938207304761226,
      0.013729721363465886,
      0.06245201296360865,
      0.060464146079417205,
      0.07369091912110987,
      0.03485834988386804,
      0.33025303101680936,
      0.04722302977719969,
      0.059454682444708876,
      0.05653603340693621,
      0.005605882004244969,
      0.07829321519328518,
      0.050477322731548147,
      0.052547700035115365,
      0.020041625714795893,
      0.004225891326315929
    ],
    [
      0.020393817541654414,
      0.00861506657035547,
      0.014964911222159809,
      0.04369239771478595,
      0.013641944935322255,
      0.015817354988878676,
      0.038498349902250754,
      0.10411801383111345,
      0.01219377581196997,
      0.01646292407574081,
      0.48433688916714235,
      0.1167368509412931,
      0.007879592477174395,
      0.04236186710054386,
      0.0131411591174535,
      0.02720083087105754,
      0.012148757395418699,
      0.0016954474776179043,
      0.006100048858067142
    ],
    [
      0.05946593580513643,
      0.0001929550617226779,
      0.03961460721338585,
      0.029188765811200373,
      0.006503688010567132,
      0.0055953690704687664,
      0.05605248817573341,
      0.044487743955748234,
      0.025285200094394774,
      0.06714657350939773,
      0.06116475917440106,
      0.41851357482052787,
      0.0646408773657895,
      0.04173089354061392,
      0.02663091292078152,
      0.022560277020124198,
      0.021734499764077157,
      0.005801977730265723,
      0.0036889009556637393
    ],
    [
      0.05468659521405607,
      0.02729566359094473,
      0.049210887107282414,
      0.00044846071421604625,
      0.040013872999158304,
      0.021423226562837072,
      0.0781093683569428,
      0.04029946284341065,
      0.1081202577884535,
      0.0353597671477175,
      0.05424136391444847,
      0.04114310470219169,
      0.275582362913795,
      0.06979587487486226,
      0.03670576597743744,
      0.034092941973567326,
      0.009279152378128234,
      0.020795930544996923,
      0.0033959403955536836
    ],
    [
      0.023798807849953366,
      0.005084318103572834,
      0.014467229205245685,
      0.03075520609043212,
      0.008386533886234875,
      0.023666191919801644,
      0.03526291445164828,
      0.03513744212402669,
      0.020409403249705964,
      0.02691723372511366,
      0.010259012501457365,
      0.04463207608785401,
      0.024214703746577873,
      0.6402113376015308,
      0.01927459089150667,
      0.020887700999419095,
      0.010024573870290897,
      0.0040153170121382965,
      0.0025954066834897394
    ],
    [
      0.04200457400631809,
      0.002120867512919143,
      0.01751259001882609,
      0.06874638815467436,
      0.034958873750855365,
      0.05545493753068974,
      0.08336298821011506,
      0.06021552808438076,
      0.03862469188370234,
      0.08723061319398501,
      0.026036196692113923,
      0.08639827204944833,
      0.057915458787888105,
      0.06291018824975461,
      0.1913940455597532,
      0.03363636449330386,
      0.010881216058889465,
      0.025258926103612047,
      0.015337279658770504
    ],
    [
      0.020512854947612714,
      0.0563396957474176,
      0.03063176671611194,
      0.027363510018283257,
      0.052683623556400834,
      0.010183419510818557,
      0.03764468085128736,
      0.023028083273651564,
      0.09043573299395984,
      0.05307370398234255,
      0.014884054603972926,
      0.051054359340805086,
      0.09111894640419924,
      0.008266133315538073,
      0.01188738821259603,
      0.24781556026122617,
      0.03288907203961003,
      0.07699478962095747,
      0.06319262460320867
    ],
    [
      0.012739128381768038,
      0.07921341417816999,
      0.015208098837925706,
      0.009145178759393718,
      0.007997436661888941,
      0.014870294935323453,
      0.04709972579338674,
      0.04281693220486238,
      0.051713433265689286,
      0.02901622620534152,
      0.02198007652687679,
      0.021703645296931712,
      0.018417269791582355,
      0.02076863130537151,
      0.021321770581636465,
      0.0957761481254071,
      0.37008199155533544,
      0.007318141371571722,
      0.11281245622153714
    ],
    [
      0.013313323499187148,
      0.012998479340432368,
      0.008603682899195947,
      0.017313324277734285,
      0.12830967024594955,
      0.035897927596749826,
      0.04836173157450437,
      0.015468172720097085,
      0.13035152870836933,
      0.039954286566929856,
      0.012786071362640572,
      0.029054793250494197,
      0.02850526868341111,
      0.007134107346476771,
      0.020432842174788714,
      0.05103458169053578,
      0.10247764398599071,
      0.22115410090834903,
      0.0768484631681632
    ],
    [
      0.004606317344266877,
      0.12793136957410642,
      0.006199310563318926,
      0.005130959484934935,
      0.07717624167986814,
      0.015909928548345654,
      0.03976224547155828,
      0.008018368080439214,
      0.02752992712296176,
      0.018911068410841596,
      0.0069034255540920955,
      0.024301979881233827,
      0.0008267805018762432,
      0.0006430057279545459,
      0.02047527700305577,
      0.062371166528453245,
      0.10858352303256996,
      0.08446522456607168,
      0.36025388092405075
    ]
  ]
}