{
  "poids_LS": 0.72,
  "poids_EM": 0.28,
  "mae_validation": 6.528006082422199,
  "matrice_de_transition": [
    [
      0.2880208433085285,
      0.0016434133937876655,
      0.005955834862581054,
      0.043052562623066656,
      0.003842723623404539,
      0.023394316930793982,
      0.12079638361936927,
      0.06997702718189655,
      0.07499907476561568,
      0.060667279030246414,
      0.009427293963376625,
      0.14707838449740068,
      0.013887814172610735,
      0.02257596836392272,
      0.004228533779514084,
      0.04091195719352983,
      0.06017594066818358,
      0.0035561535334515436,
      0.005808494488719905
    ],
    [
      0.004011040847210015,
      0.6004192036942386,
      0.001376193430505053,
      0.007293598354660976,
      0.024050352914476273,
      0.00478048111013976,
      0.04997864542995817,
      0.012225025747735044,
      0.056942389578039994,
      0.014485907126919896,
      0.001595466724463019,
      0.033182473490902135,
      0.008655764260581476,
      0.00010127102491148683,
      0.029452474071064362,
      0.0510844256803512,
      0.06061616084188884,
      0.009390537391175806,
      0.030358588280777928
    ],
    [
      0.012952147732377399,
      0.011050376233360597,
      0.4198252162983271,
      0.015746520692954923,
      0.0297553868647863,
      0.011547554310318444,
      0.07053287128429199,
      0.1736616873858352,
      0.01753483917266733,
      0.01926183957536841,
      0.003857718348298671,
      0.08475050706525158,
      0.012526610502819138,
      0.018771740687465174,
      0.011465188540983664,
      0.023605623174569015,
      0.05984884262832999,
      0.00048677781492362156,
      0.0028185516870714105
    ],
    [
      0.012660929517311601,
      0.009690346271847216,
      0.014304257481543608,
      0.23536477309980738,
      0.006940158336490729,
      0.017824447904539457,
      0.10801406495882061,
      0.07138370597209827,
      0.09353827972029742,
      0.08836883047856342,
      0.01833048209285576,
      0.10923804442051081,
      0.04794789096253098,
      0.021286972976716497,
      0.04238230933635652,
      0.0595071074355898,
      0.022897393021822827,
      0.01226869061215597,
      0.008051315400141215
    ],
    [
      0.003998770747091151,
      0.031138045817748497,
      0.005862321418000101,
      0.01532481352460681,
      0.4609946011780479,
      0.009342654445670645,
      0.08665627801007886,
      0.03799602788269369,
      0.09146467392605485,
      0.037997216642050795,
      0.001456713717454485,
      0.03593715350804441,
      0.008667980167320158,
      0.001848040150727945,
      0.00025438203115114676,
      0.006096082066113415,
      0.03191583564486848,
      0.06058518389215618,
      0.0724632252301206
    ],
    [
      0.010456114046062495,
      0.0042952545694770125,
      0.019034684212163453,
      0.008125393755931238,
      0.007373122368674912,
      0.4509241489238603,
      0.05570339377662794,
      0.009758393144740292,
      0.03924506674130624,
      0.06374186368049342,
      0.009067945071795947,
      0.0873498456765907,
      0.01926645352701828,
      0.025317003256824337,
      0.0383095237110363,
      0.04599058126700502,
      0.05680076920582666,
      0.033324466127018726,
      0.015915976937546684
    ],
    [
      0.00948032407760633,
      0.004482193137785936,
      0.023943040255463597,
      0.004211638994270498,
      0.018439414832897367,
      0.020224010456605896,
      0.4086560542563128,
      0.03622673457379588,
      0.04491540859292587,
      0.061264142164889415,
      0.03129913301235096,
      0.07970256811607918,
      0.07467598374786605,
      0.006323408442246486,
      0.03992349348540576,
      0.08063068576842011,
      0.032199067887807825,
      0.01491477922222894,
      0.008487918975041099
    ],
    [
      0.006449931410078512,
      0.012928861415067685,
      0.02403775139440882,
      0.013860898910107528,
      0.012855067731589679,
      0.011643848711929675,
      0.014332073868671042,
      0.6028778001819098,
      0.003790021964123324,
      0.034412826445565405,
      0.0346260803449072,
      0.05215043376124917,
      0.014701191515627435,
      0.022387052549000704,
      0.01563925537715187,
      0.035957186466066604,
      0.042218526347790115,
      0.016751933631446995,
      0.02837925797330835
    ],
    [
      0.002872400866306189,
      0.005974118132711134,
      0.009603604074414228,
      0.012588417363703272,
      0.021960396070908432,
      0.003955234867491607,
      0.09801904517838887,
      0.03964535724127068,
      0.45759708135962457,
      0.07282366910026081,
      0.0008715582980521062,
      0.05895892673637636,
      0.0595621057609412,
      0.008336686462493016,
      0.012181462911376615,
      0.045476478484148604,
      0.040163896761593265,
      0.017248876809285146,
      0.032160683520653904
    ],
    [
      0.01035057838749551,
      0.004027411609295291,
      0.004749461888248639,
      0.015580150498403694,
      0.00565341467907419,
      0.025715534749721214,
      0.07715347302183452,
      0.0542494458926239,
      0.021244652400155876,
      0.4989762413151903,
      0.01944477696708223,
      0.06191162479264842,
      0.026230092809836795,
      0.006209880645903205,
      0.03223838272664684,
      0.040486766567709866,
      0.08578560403120103,
      0.008252434117857133,
      0.0017400728990712652
    ],
    [
      0.021760310108872118,
      0.0035473803524993124,
      0.006162022267948158,
      0.027912920877158708,
      0.026430982071567185,
      0.006513028524832397,
      0.03882505634483319,
      0.12021425680743586,
      0.005020966510811164,
      0.006778851090010923,
      0.5412132047787228,
      0.09886758952078334,
      0.0032445380788365162,
      0.01744312174728277,
      0.005411065518951442,
      0.04817588078475886,
      0.01926891435882501,
      0.0006981254319603137,
      0.00251178482391
    ],
    [
      0.024485973566820887,
      7.945208423874975e-05,
      0.016311897087864763,
      0.012018903569317804,
      0.0026779891808217608,
      0.0023039754996047866,
      0.06416964972858477,
      0.07184306388258263,
      0.05474145475824009,
      0.07301861054988264,
      0.025185489071812204,
      0.5017888837984126,
      0.049106664943958274,
      0.017183309104958674,
      0.010965670026204157,
      0.025770871569045055,
      0.04086302086140714,
      0.0059661614992051965,
      0.0015189592170380107
    ],
    [
      0.022518009794023092,
      0.011239390890389007,
      0.02026330645593982,
      0.00018466029408896025,
      0.016476300646712246,
      0.00882132858469762,
      0.08451410961132552,
      0.055458958615984336,
      0.09175326039020784,
      0.053118158619257345,
      0.02233467925889055,
      0.05862525104320992,
      0.4711267027762151,
      0.028739477889649173,
      0.015114138931886007,
      0.022956193202695256,
      0.0056192174006494365,
      0.009738527196009764,
      0.001398328398169164
    ],
    [
      0.009799509114686683,
      0.002093542748529991,
      0.005957094378630577,
      0.012765241872881238,
      0.007881864133951205,
      0.01589807705665453,
      0.05696949639115898,
      0.03521092797164891,
      0.023252150413041694,
      0.023948658242116828,
      0.004224299265305974,
      0.04689079839830816,
      0.00997076036623795,
      0.6749650156319179,
      0.019249182402167594,
      0.0301995432383429,
      0.018001775676218978,
      0.0016533658285275343,
      0.0010686968696722457
    ],
    [
      0.0172960010614251,
      0.0008732983876725885,
      0.007211066478340157,
      0.028307336298983566,
      0.014394830367999272,
      0.02283438604204872,
      0.12902044115732705,
      0.0697822431477312,
      0.055346236132243605,
      0.10043522851682472,
      0.010720786873223382,
      0.1176457403299692,
      0.040320868576725906,
      0.025904195161663666,
      0.28142479152464206,
      0.04894869385324844,
      0.012817771364244546,
      0.010400734277957903,
      0.006315350447729033
    ],
    [
      0.00844646968431112,
      0.023198698248936663,
      0.012613080412516683,
      0.011267327654587225,
      0.027165828944692837,
      0.004193172739748818,
      0.05035301111200304,
      0.03609793900499438,
      0.07861622764549041,
      0.06071434638384986,
      0.0061287283663417945,
      0.08112331065956797,
      0.10031493763437245,
      0.003403701953456854,
      0.005578086521983735,
      0.40801952977863326,
      0.018621801632090294,
      0.0317037369027472,
      0.032440064719675414
    ],
    [
      0.005245523451316252,
      0.05396029044816712,
      0.006262158345028233,
      0.006170384511168723,
      0.0032930621548954474,
      0.006123062620427305,
      0.057322018456353416,
      0.06309652157648188,
      0.031550850316297306,
      0.011947857849258276,
      0.009050619746361033,
      0.038701704978010766,
      0.02550955444610671,
      0.015080805733526692,
      0.008779552592438546,
      0.07272340537982232,
      0.4932158351486718,
      0.00301335232947071,
      0.08895343991619756
    ],
    [
      0.005481956734959415,
      0.005352315022530976,
      0.0035426929584924495,
      0.007129015879067059,
      0.05283339363068512,
      0.014781499598661697,
      0.08297037779681364,
      0.010457408756339374,
      0.09198261076017966,
      0.054733142746531294,
      0.005264852914028472,
      0.04825352149159588,
      0.011737463575522224,
      0.0029375736132551413,
      0.009108753497761272,
      0.04314872805301033,
      0.06164694023991023,
      0.4178534960716074,
      0.07078425665904832
    ],
    [
      0.0018967189064628318,
      0.05674657974563085,
      0.0025526572907783817,
      0.002112748023208503,
      0.0317784524564163,
      0.0065511470493188,
      0.06713340578079433,
      0.014536690821511057,
      0.03627077556216353,
      0.02616454856725276,
      0.0028425869928614513,
      0.0423598382466625,
      0.0003404390301843355,
      0.0002647670644518719,
      0.021836440079350476,
      0.03644068099453362,
      0.08885903034051587,
      0.041457513555228774,
      0.5198549794926737
    ]
  ]
}