{
  "poids_LS": 0.4225,
  "poids_EM": 0.5775,
  "mae_validation": 7.3273292839441915,
  "matrice_de_transition": [
    [
      0.22525864722468236,
      0.0033895401246870596,
      0.012283909404073421,
      0.06930511301549339,
      0.007925617473271862,
      0.04825077866976259,
      0.08761801137148677,
      0.05321567449332971,
      0.060536656170209625,
      0.05229825080634745,
      0.019443793799464287,
      0.1687177338526814,
      0.02864361673100964,
      0.04656293475059061,
      0.008721350920247797,
      0.044086305795991376,
      0.044427478850942136,
      0.0073345666627438084,
      0.011980019882984803
    ],
    [
      0.008272771747370657,
      0.5110725565888921,
      0.002838398950416672,
      0.015043046606488262,
      0.04960385288610731,
      0.009859742289663253,
      0.03805157793708039,
      0.021531661340269015,
      0.05861781717903804,
      0.013309565060529724,
      0.003290650119204976,
      0.020701380383376794,
      0.01287446623091315,
      0.00020887148887994156,
      0.028920077308344984,
      0.06359197838201944,
      0.07935155129615798,
      0.012831841776128708,
      0.05002819242911861
    ],
    [
      0.026713804698028386,
      0.02279140098130623,
      0.3191364040817516,
      0.020395284465769988,
      0.023633283800946835,
      0.017714822617918558,
      0.05806742368148809,
      0.17011562710779624,
      0.011254663741911594,
      0.0331360300948628,
      0.007956544093366009,
      0.10416010945448179,
      0.02583613416206447,
      0.03871671516789692,
      0.023646951365778802,
      0.02685523494940175,
      0.06305232343736508,
      0.0010039792432799694,
      0.005813262854584784
    ],
    [
      0.026113167129455175,
      0.019986339185684883,
      0.02950253105568369,
      0.17471818974899578,
      0.014314076569012126,
      0.03676292380311263,
      0.07559978239903735,
      0.043397281704279055,
      0.07150474136404451,
      0.07633898949286311,
      0.037806619316515,
      0.08794199243981235,
      0.060654083909287296,
      0.04390438176447777,
      0.07298177732646897,
      0.0583697110425998,
      0.02819339934830766,
      0.025304174387571685,
      0.016605838012791255
    ],
    [
      0.008247464665875498,
      0.06422221949910627,
      0.012091037924625207,
      0.03160742789450154,
      0.3662517255359344,
      0.019269224794195704,
      0.06428270315904726,
      0.03189528912870048,
      0.1030503677234681,
      0.024994821643257288,
      0.0030044720422498753,
      0.023143326790799005,
      0.017877709095097824,
      0.003811582810876386,
      0.0005246629392492401,
      0.012573169261358918,
      0.038233207636474614,
      0.07698222079650921,
      0.09793736665867328
    ],
    [
      0.021565735220003896,
      0.008858962549546337,
      0.03925903618758712,
      0.016758624621608178,
      0.015207064885392006,
      0.31588809585650846,
      0.033795776752504544,
      0.015864874537384853,
      0.03998627580001597,
      0.05751009191155803,
      0.01870263671057914,
      0.08625948463852588,
      0.0397370603994752,
      0.05221631921720019,
      0.052783337710237715,
      0.05757974096375597,
      0.05772042459404411,
      0.054916269581860536,
      0.015390187862211878
    ],
    [
      0.019553168410063052,
      0.009244523346683492,
      0.04938252052689367,
      0.008686505425682901,
      0.024054323925038517,
      0.041712021566749656,
      0.24247296365464813,
      0.045307248955668934,
      0.05809797697476636,
      0.037251123120192235,
      0.057923651116142456,
      0.061950993791367946,
      0.08278519418249536,
      0.013042029912133378,
      0.06663347665137069,
      0.09202409080954443,
      0.04161012259868932,
      0.030761732145847185,
      0.017506332886022265
    ],
    [
      0.01330298353328693,
      0.026665776668577095,
      0.04957786225096819,
      0.026775741389351394,
      0.02651357719640371,
      0.024015437968354952,
      0.021425165946704322,
      0.4063238851805632,
      0.006720730415722245,
      0.04368082420872497,
      0.07141629071137108,
      0.06791596660736202,
      0.011693570636649699,
      0.04053773307782001,
      0.010005425723323922,
      0.04636567518366974,
      0.03414497369494311,
      0.03455086311485943,
      0.0383675164913439
    ],
    [
      0.005924326786756514,
      0.012321618648716713,
      0.019807433403479343,
      0.025963610812637997,
      0.04529331689624864,
      0.00815767191420144,
      0.0693320722505796,
      0.03709352250512773,
      0.3660404540913891,
      0.05602732629720303,
      0.0017975889897324689,
      0.03657853693335498,
      0.07500981778598637,
      0.017194415828891845,
      0.025124267254714266,
      0.05127330167304267,
      0.055595133071012146,
      0.03557580841915061,
      0.05588977643777464
    ],
    [
      0.01372897874625901,
      0.008306536444171538,
      0.009795765144512816,
      0.014358955248132108,
      0.011660167775590514,
      0.053038290421300004,
      0.06474078610841164,
      0.06870904160631033,
      0.031369839903666805,
      0.3734883536557695,
      0.0401048524946071,
      0.060084273921368385,
      0.0487701361289295,
      0.005760656656169892,
      0.06649166437370911,
      0.047917242714564594,
      0.06106491293411232,
      0.017020645368080338,
      0.0035889003543344844
    ],
    [
      0.02074398126200395,
      0.007316471977029831,
      0.012709170927643074,
      0.03964890677514397,
      0.016919135701485018,
      0.013433121332466819,
      0.0385820684281625,
      0.10824267609379606,
      0.010355743428548026,
      0.013981380373147527,
      0.49891144504260987,
      0.11215785270228748,
      0.006691859787600314,
      0.035976438603770707,
      0.011160322632837349,
      0.0325756874114435,
      0.013973297617291566,
      0.001439883703418147,
      0.005180556199314374
    ],
    [
      0.05050232048156807,
      0.00016386992374242134,
      0.03364328774372107,
      0.02478898861171797,
      0.005523352685444881,
      0.0047519494679348715,
      0.058132510823651576,
      0.05149754468699955,
      0.03283336535200514,
      0.06865128300102198,
      0.05194507121061267,
      0.43985287274611085,
      0.06066023543269525,
      0.03544057502897727,
      0.022616694429046073,
      0.023382991873285165,
      0.026636183295267964,
      0.005844049821056463,
      0.0031328533851408967
    ],
    [
      0.04644339520017263,
      0.023181243711427327,
      0.04179306956537587,
      0.0003808618565584805,
      0.033982370083844006,
      0.01819399020593884,
      0.07975058330337836,
      0.044184083635132654,
      0.10392621470515306,
      0.03991035496229958,
      0.046065275971461754,
      0.04562290470207762,
      0.32569060000354016,
      0.05927517314740142,
      0.03117291154701489,
      0.03123915010103136,
      0.008341294040149293,
      0.017962470936818967,
      0.0028840523212239006
    ],
    [
      0.02021148754904128,
      0.0043179319188431054,
      0.012286507155925564,
      0.026145277759684706,
      0.008257212262212184,
      0.021675612486120197,
      0.0408252260736479,
      0.03515627287247988,
      0.021137857210310744,
      0.026156536257595724,
      0.00871261723469357,
      0.045210873679907886,
      0.02056469325536577,
      0.6491169675968176,
      0.01926807996611353,
      0.02327386057314332,
      0.012068731833059967,
      0.003410067021338039,
      0.0022041872936990068
    ],
    [
      0.035673002189189264,
      0.0018011779245747136,
      0.014872824611576574,
      0.0583838811166536,
      0.029689337633998496,
      0.04709592121172548,
      0.09506271052783813,
      0.0626669988193643,
      0.04290958759739104,
      0.09061429587046269,
      0.022111622926023224,
      0.0944054357963318,
      0.053406845046277795,
      0.05342740252093131,
      0.21446442421325598,
      0.03756014889178966,
      0.011377458355886706,
      0.021451514448288175,
      0.013025410298441129
    ],
    [
      0.017420843723891685,
      0.047847315138431865,
      0.02601447835081566,
      0.02323886328758615,
      0.046144688687150666,
      0.008648418775731937,
      0.040901190480595755,
      0.02637723380480816,
      0.08740698474841456,
      0.055031618597728794,
      0.01264050225557995,
      0.05875952811623807,
      0.09347541915693114,
      0.0070201352790047605,
      0.010270629654376631,
      0.28886782745006173,
      0.0292330839976831,
      0.0653889573619161,
      0.055312281133053275
    ],
    [
      0.010818892118339769,
      0.07274230122235675,
      0.01291570158662073,
      0.008382887733286062,
      0.00679194069447186,
      0.012628816654631317,
      0.04971918828827195,
      0.04801357698133988,
      0.04654677138490759,
      0.02464245681409519,
      0.01866690322686963,
      0.02605939809020822,
      0.020234667734304223,
      0.019311126002586276,
      0.018107827221904498,
      0.08986888279685101,
      0.4016350389761279,
      0.006215039179533338,
      0.10669858329329389
    ],
    [
      0.011306535765853791,
      0.011039149733970138,
      0.0073068042268906765,
      0.01470359525057581,
      0.10896887436328805,
      0.030486842922239746,
      0.05723019716897112,
      0.014184164454384172,
      0.12051949348414573,
      0.04374136846295272,
      0.010858759135183723,
      0.03397446736227651,
      0.024208518624514584,
      0.006058745577338729,
      0.017531044451300434,
      0.049013831695919885,
      0.09201477615105759,
      0.27155832091893395,
      0.0752945102502025
    ],
    [
      0.00391198274457959,
      0.10969026718055955,
      0.005264855662230412,
      0.0043575427978675375,
      0.06554305819135861,
      0.013511740789220024,
      0.04677610530080002,
      0.009688688282838873,
      0.029769769535507216,
      0.020769772700921958,
      0.0058628356727767434,
      0.02892930608737492,
      0.0007021554997551919,
      0.0005460820704319857,
      0.02082407504135629,
      0.05572647961038635,
      0.1035291217802311,
      0.07344449861954319,
      0.4011516624322604
    ]
  ]
}