{
  "poids_LS": 0.86,
  "poids_EM": 0.14,
  "mae_validation": 6.161714035749559,
  "matrice_de_transition": [
    [
      0.31755599440680904,
      0.0008217066968938327,
      0.002977917431290527,
      0.03069842126192466,
      0.0019213618117022695,
      0.011697158465396991,
      0.13640973526543163,
      0.07786472256475153,
      0.08180491881051266,
      0.0646056452532577,
      0.004713646981688312,
      0.13689516127138623,
      0.006943907086305367,
      0.01128798418196136,
      0.002114266889757042,
      0.0394181460864891,
      0.06758698152335603,
      0.0017780767667257718,
      0.0029042472443599524
    ],
    [
      0.0020055204236050076,
      0.64246468468499,
      0.0006880967152525265,
      0.003646799177330488,
      0.012025176457238137,
      0.00239024055506988,
      0.05559138307366536,
      0.007845432527719059,
      0.05615395305992327,
      0.015039479864044683,
      0.0007977333622315095,
      0.03905592907091405,
      0.006670492745131276,
      5.0635512455743414e-05,
      0.029703013724108773,
      0.04519851852662497,
      0.051799506510468066,
      0.00777110003355091,
      0.02110230397567643
    ],
    [
      0.0064760738661886995,
      0.0055251881166802986,
      0.4672081867531861,
      0.013558867152806658,
      0.032636376541887224,
      0.008645310400859568,
      0.07639896427384676,
      0.17533042163432414,
      0.020490215845964145,
      0.012732808742665164,
      0.0019288591741493356,
      0.07561657652914325,
      0.006263305251409569,
      0.009385870343732587,
      0.005732594270491832,
      0.02207639410405949,
      0.0583413222476076,
      0.00024338890746181078,
      0.0014092758435357052
    ],
    [
      0.0063304647586558006,
      0.004845173135923608,
      0.007152128740771804,
      0.2639043417354834,
      0.0034700791682453643,
      0.008912223952269729,
      0.12326784498695392,
      0.08455378798048378,
      0.10390700365265174,
      0.09402993211889299,
      0.00916524104642788,
      0.11925971594083952,
      0.041968506046410364,
      0.010643486488358249,
      0.027982559693950644,
      0.06004235279699685,
      0.020405154750535847,
      0.006134345306077985,
      0.004025657700070608
    ],
    [
      0.0019993853735455753,
      0.015569022908874249,
      0.0029311607090000504,
      0.007662406762303405,
      0.5055794838331601,
      0.0046713272228353225,
      0.09718501911644667,
      0.04086696376692579,
      0.08601258272727214,
      0.0441159907591301,
      0.0007283568587272425,
      0.04195777784557166,
      0.004333990083660079,
      0.0009240200753639724,
      0.00012719101557557338,
      0.0030480410330567076,
      0.028942954707642066,
      0.05286893123128418,
      0.06047539396962521
    ],
    [
      0.005228057023031247,
      0.0021476272847385063,
      0.009517342106081727,
      0.004062696877965619,
      0.003686561184337456,
      0.5144705268379083,
      0.06601286061150954,
      0.006884754842319321,
      0.038896262478384014,
      0.06667446215999244,
      0.004533972535897973,
      0.08786295675332707,
      0.00963322676350914,
      0.012658501628412169,
      0.031498317123176814,
      0.04053685905676928,
      0.056367990199606685,
      0.023163617442387284,
      0.016163407090645416
    ],
    [
      0.004740162038803165,
      0.002241096568892968,
      0.011971520127731798,
      0.002105819497135249,
      0.01579710467188977,
      0.010112005228302948,
      0.48685986159827266,
      0.031953551335267394,
      0.038711847001471525,
      0.0725643864212175,
      0.018769948022331437,
      0.0880562501512374,
      0.0708598847198052,
      0.003161704221123243,
      0.02735408964259874,
      0.07526908339612631,
      0.02777033625915771,
      0.00745738961111447,
      0.004243959487520549
    ],
    [
      0.003224965705039256,
      0.0064644307075338425,
      0.01201887569720441,
      0.0077833259786986506,
      0.0064275338657948395,
      0.0058219243559648375,
      0.010994148184890674,
      0.6953737601825435,
      0.0024108650457238317,
      0.030051415733490315,
      0.0173130401724536,
      0.04473135948072548,
      0.016116542517499312,
      0.013845555829556325,
      0.018290469331894432,
      0.031059074128371014,
      0.04601784524324753,
      0.008375966815723498,
      0.02367890102364456
    ],
    [
      0.0014362004331530944,
      0.002987059066355567,
      0.004801802037207114,
      0.006294208681851636,
      0.010980198035454216,
      0.0019776174337458037,
      0.11151879714441679,
      0.04084622064651442,
      0.5006825530152649,
      0.08072783041934681,
      0.0004357791490260531,
      0.06949087487897466,
      0.052292594219743485,
      0.004168343231246508,
      0.006090731455688308,
      0.04274856168937493,
      0.03290213849833732,
      0.008624438404642573,
      0.02099405155965591
    ],
    [
      0.00876074292454798,
      0.0020137058046476456,
      0.0023747309441243193,
      0.016154830616178558,
      0.002826707339537095,
      0.012857767374860607,
      0.08299473745168058,
      0.04744493026265381,
      0.01647985828085662,
      0.5580293649196237,
      0.009722388483541115,
      0.06277155461442727,
      0.015623013600851995,
      0.006421280170483587,
      0.01611919136332342,
      0.03699007191036646,
      0.09741887042983102,
      0.004126217058928567,
      0.0008700364495356326
    ],
    [
      0.022238582507398318,
      0.0017736901762496562,
      0.003081011133974079,
      0.022390103983989173,
      0.03090714506925291,
      0.0032565142624161984,
      0.03893940359973704,
      0.12584794184914871,
      0.002510483255405582,
      0.0033894255450054615,
      0.561119915242776,
      0.09261334802360494,
      0.0016222690394182581,
      0.008721560873641385,
      0.002705532759475721,
      0.055517148254554324,
      0.021760969296017216,
      0.00034906271598015686,
      0.001255892411955
    ],
    [
      0.012242986783410443,
      3.9726042119374874e-05,
      0.008155948543932381,
      0.006009451784658902,
      0.0013389945904108804,
      0.0011519877498023933,
      0.06701065627208275,
      0.08141742585697466,
      0.06505114389058596,
      0.07507382351405235,
      0.012592744535906102,
      0.5309352419406722,
      0.04366969059631734,
      0.008591654552479337,
      0.005482835013102079,
      0.026894579661167355,
      0.04755800324547263,
      0.006023625818334013,
      0.0007594796085190053
    ],
    [
      0.011259004897011546,
      0.005619695445194504,
      0.01013165322796991,
      9.233014704448013e-05,
      0.008238150323356123,
      0.00441066429234881,
      0.08675576905035946,
      0.06076478213638513,
      0.08602481130082187,
      0.0593335956342963,
      0.011167339629445276,
      0.0647440022625663,
      0.539567221728062,
      0.014369738944824587,
      0.007557069465943003,
      0.019058331132890027,
      0.004338240158531857,
      0.005868436023864257,
      0.000699164199084582
    ],
    [
      0.004899754557343342,
      0.0010467713742649955,
      0.0029785471893152885,
      0.006468754396738426,
      0.00770522972065192,
      0.013179236854553036,
      0.06456680006998773,
      0.03523664801831669,
      0.0242471119202092,
      0.022909656823067937,
      0.002112149632652987,
      0.04768135120696712,
      0.004985380183118975,
      0.6871288029425534,
      0.019240289430898918,
      0.033458688021966235,
      0.02079379630829381,
      0.0008266829142637671,
      0.0005343484348361229
    ],
    [
      0.00864800053071255,
      0.00043664919383629424,
      0.0036055332391700784,
      0.014153668149491783,
      0.007197415183999636,
      0.01141719302102436,
      0.14500054968885126,
      0.07313059341990386,
      0.06119877661923304,
      0.10505684387981862,
      0.005360393436611691,
      0.1285823542281515,
      0.03416276200281913,
      0.012952097580831833,
      0.3129355526123532,
      0.05430800912922905,
      0.013495565721118825,
      0.005200367138978952,
      0.0031576752238645163
    ],
    [
      0.00422323484215556,
      0.011599349124468332,
      0.006306540206258341,
      0.005633663827293613,
      0.018234600830595034,
      0.002096586369874409,
      0.054800926703253525,
      0.040672388510964365,
      0.0744794007735261,
      0.06338857122437741,
      0.0030643641831708973,
      0.091647443621135,
      0.10353353456493307,
      0.001701850976728427,
      0.003369830930269431,
      0.4640909191097257,
      0.013628256989458385,
      0.0158518684513736,
      0.02167666876043877
    ],
    [
      0.002622761725658126,
      0.04512169714266612,
      0.0031310791725141164,
      0.005129206524289975,
      0.0016465310774477237,
      0.0030615313102136527,
      0.06089982088839175,
      0.07019437785654871,
      0.02449394628401011,
      0.005973928924629138,
      0.0045253098731805165,
      0.04465102586638843,
      0.027991854075190233,
      0.013090066783381007,
      0.004389776296219273,
      0.06465494541886763,
      0.5363126804063395,
      0.001506676164735355,
      0.0806027842093287
    ],
    [
      0.0027409783674797075,
      0.002676157511265488,
      0.0017713464792462248,
      0.0035645079395335297,
      0.02641669681534256,
      0.007390749799330848,
      0.09508340397462188,
      0.008703641369024174,
      0.07855348947831328,
      0.0599057424093918,
      0.002632426457014236,
      0.05497307637598147,
      0.005868731787761112,
      0.0014687868066275706,
      0.005145322460801668,
      0.040388679279876424,
      0.04735619392878204,
      0.4866982843787478,
      0.06866178438085811
    ],
    [
      0.0009483594532314159,
      0.03183190330566439,
      0.0012763286453891908,
      0.0010563740116042515,
      0.01588922622820815,
      0.0032755735246594,
      0.07671331188902694,
      0.0168181037808862,
      0.03933007251588414,
      0.028703266621996675,
      0.0014212934964307256,
      0.048680088674562534,
      0.00017021951509216775,
      0.00013238353222593595,
      0.02231284715605362,
      0.027365011057661745,
      0.08195545789829693,
      0.02640481470143375,
      0.5757153639916918
    ]
  ]
}