{
  "poids_LS": 0.1275,
  "poids_EM": 0.8725,
  "mae_validation": 8.138256525679855,
  "matrice_de_transition": [
    [
      0.16302386455330553,
      0.00512099352171335,
      0.01855880684857846,
      0.09533705374075686,
      0.011974201290787358,
      0.07289836257899196,
      0.054718448974426806,
      0.036595173508028135,
      0.04619577050417672,
      0.04399955055071655,
      0.029376121368021806,
      0.190175239936069,
      0.04327542094858167,
      0.07034832999115205,
      0.013176413295092993,
      0.04723397920011291,
      0.02881135704897162,
      0.011081228421201685,
      0.018099683719314703
    ],
    [
      0.012498689782824065,
      0.4224767216440948,
      0.004288317028984496,
      0.022727373444434647,
      0.0749426175638591,
      0.014896320602131929,
      0.026224737902125962,
      0.030760089911016985,
      0.06027916555649829,
      0.01214310822158821,
      0.004971588275335657,
      0.008325170411208817,
      0.017057716924183217,
      0.0003155677472688295,
      0.028392154468001404,
      0.07599442559879971,
      0.09792950149450888,
      0.01624422763683831,
      0.06953250578629677
    ],
    [
      0.04035981748749743,
      0.03443376165573972,
      0.21929371633758432,
      0.025004982996796692,
      0.01756262698134132,
      0.023830265141421194,
      0.045706727739211944,
      0.16659936565562314,
      0.005027262894607589,
      0.04689363077805893,
      0.012020925924609252,
      0.12340660594128151,
      0.03903381308467749,
      0.05849408482076201,
      0.03572634643574373,
      0.030077539062261106,
      0.06622888423960155,
      0.0015168344411459278,
      0.00878280838203502
    ],
    [
      0.039452360728051326,
      0.03019581115066677,
      0.04457308804516713,
      0.1145812415523927,
      0.021626029102100573,
      0.05554225284539527,
      0.04345788876832789,
      0.015646037472323866,
      0.04965635879229794,
      0.06441023960788296,
      0.05711909152148803,
      0.06682489887911974,
      0.07325350212539862,
      0.06633172829351837,
      0.10332410693010992,
      0.05724187260249209,
      0.03344490141994808,
      0.03823011628252173,
      0.02508847388079718
    ],
    [
      0.01246045527441796,
      0.09702837491423416,
      0.018267412275732458,
      0.047753213572212294,
      0.27230500851266215,
      0.029112378585170132,
      0.04209714154205793,
      0.025845817086925696,
      0.1145387027494745,
      0.01210169046798305,
      0.004539223994567993,
      0.010457011222438015,
      0.027010045342810134,
      0.005758625112536185,
      0.0007926725792120554,
      0.018995827152442694,
      0.04449749246848742,
      0.09324146747477524,
      0.12319743967185999
    ],
    [
      0.03258199823281974,
      0.01338432004238819,
      0.059313435625402186,
      0.025319307328750016,
      0.022975175952388786,
      0.1819867995376217,
      0.012072257350432608,
      0.021920040960343327,
      0.04072125621117352,
      0.051330687972613684,
      0.028256364554078442,
      0.08517828629825994,
      0.060035645365440884,
      0.07888959050564012,
      0.06713552302037021,
      0.06907151276389556,
      0.058632351785721924,
      0.07632662931019107,
      0.014868817182468123
    ],
    [
      0.029541366991826863,
      0.013966833973993675,
      0.07460822365318567,
      0.013123767937503606,
      0.029622048907161674,
      0.06301946115495945,
      0.07768636961266133,
      0.05431145649399684,
      0.07116976747104517,
      0.013439894151500913,
      0.0843244337736836,
      0.044348592360141686,
      0.09082625999162358,
      0.01970419237807164,
      0.09311900617728548,
      0.10332175295116351,
      0.050942092816202066,
      0.04647551739783839,
      0.026448961806154855
    ],
    [
      0.020098446983191076,
      0.04028725565945198,
      0.07490335032722034,
      0.039582055780534385,
      0.040057309270757124,
      0.03628306428985229,
      0.02845865220895581,
      0.21142168375065656,
      0.00962681106520689,
      0.05287093963774034,
      0.10789733964618403,
      0.08354901598417981,
      0.008711223882705389,
      0.05853588687950637,
      0.004418939175830663,
      0.056686697609528325,
      0.026139266022372133,
      0.052200221762276795,
      0.04827184006384974
    ],
    [
      0.008950606270900534,
      0.01861577882425166,
      0.029925516267594335,
      0.03922640767796823,
      0.06843016275667002,
      0.012324794363880098,
      0.04088616632216366,
      0.03456313175836413,
      0.27525321024557564,
      0.03937212923198608,
      0.0027158379108945096,
      0.014386217632879995,
      0.09032771710493873,
      0.0259777104947327,
      0.0379583085363432,
      0.057021412062030055,
      0.07089669512573003,
      0.05374873220036175,
      0.07941946521273469
    ],
    [
      0.017078989186041307,
      0.012549702246821934,
      0.014799662491060489,
      0.013148022142820789,
      0.017616443955329394,
      0.080131443104042,
      0.052432407488378865,
      0.08304712811231874,
      0.04140994179790453,
      0.24905498606071352,
      0.060591313942068736,
      0.05827227893976297,
      0.07112076731929033,
      0.005315207657946944,
      0.1004571033178549,
      0.055285277885395334,
      0.036551958736999145,
      0.025715174170822676,
      0.005422191444427424
    ],
    [
      0.019736192993680894,
      0.011053890562698749,
      0.01920130153137417,
      0.051286270942894056,
      0.007487220813504382,
      0.02029506209970095,
      0.03834112242675796,
      0.0963716968987583,
      0.015645690288152644,
      0.02112338420012332,
      0.45696516227906936,
      0.12533643299991343,
      0.0101102124063745,
      0.05435401330180077,
      0.016861266661732616,
      0.01710658810008878,
      0.008722181856779414,
      0.00217540871209062,
      0.007826900924505267
    ],
    [
      0.0763000426323258,
      0.0002475783696368184,
      0.05082903646129287,
      0.03745176201510637,
      0.008344805572382093,
      0.007179352226447058,
      0.052146104178423705,
      0.03132299624095919,
      0.011109377537419219,
      0.06432065568366437,
      0.07847978291127196,
      0.3784373323749209,
      0.07211671709379579,
      0.05354441855027301,
      0.034169811063796886,
      0.021015178393456034,
      0.012528898985987101,
      0.0057229642914636,
      0.004733185417377372
    ],
    [
      0.07016772694744695,
      0.03502274482808718,
      0.06314191029574104,
      0.0005754146664022064,
      0.05134132969377298,
      0.02748788996481669,
      0.07502708662827111,
      0.03300395550285956,
      0.11599687528635923,
      0.02681354125203895,
      0.06959645590493573,
      0.03272982177557667,
      0.18147664935500538,
      0.08955426592399608,
      0.047096736493109075,
      0.03945250231954951,
      0.011040496086039908,
      0.026117305906697,
      0.004357291169294984
    ],
    [
      0.030535970366300465,
      0.006523628743187204,
      0.01856273159055421,
      0.03941287637012849,
      0.008629406204521392,
      0.027404597197691193,
      0.02481662189325876,
      0.0351020770598585,
      0.019041331177350646,
      0.028345860676305887,
      0.013163218246355224,
      0.04354506597594795,
      0.03106960149836647,
      0.6234861300494071,
      0.0192868187270011,
      0.016406376921937013,
      0.006185545501188007,
      0.005152006019250977,
      0.0033301357813894086
    ],
    [
      0.05389557473604785,
      0.002721260154444048,
      0.022470198222684954,
      0.08820768186022557,
      0.044855319628854876,
      0.07115357793459824,
      0.061390338979269286,
      0.05561154646014335,
      0.030577448714091862,
      0.08087589206986841,
      0.033406737667455,
      0.07136042793944766,
      0.06638285532700992,
      0.08071932242339838,
      0.1480667490641505,
      0.02626730598883053,
      0.009949248818187333,
      0.03240943091970811,
      0.019679083091584216
    ],
    [
      0.026319802855576613,
      0.07228880079356156,
      0.039303259499717164,
      0.035109797780811976,
      0.06496406221328532,
      0.01306622576939587,
      0.03152879691331795,
      0.016738215202942837,
      0.09612386994291078,
      0.04939664482661716,
      0.01909755535583291,
      0.03658367651865044,
      0.08669337562467841,
      0.010606178408539661,
      0.0149237396512032,
      0.170717399930974,
      0.03975519592322891,
      0.09879110874159619,
      0.07799229404715906
    ],
    [
      0.016345425754547963,
      0.09136647997323387,
      0.01951333270013262,
      0.010576798491351997,
      0.010261416893379564,
      0.019079900486867227,
      0.04218024744933403,
      0.0330573798197705,
      0.061416676310084184,
      0.03723037847670659,
      0.028202377602500005,
      0.01352332907541242,
      0.015004107801592514,
      0.023505897361821827,
      0.027357712988937966,
      0.10687028057171981,
      0.31082382932604236,
      0.009389821098082837,
      0.12429460781848183
    ],
    [
      0.017082168754471747,
      0.016678195918422418,
      0.011039284308159508,
      0.02221452269459289,
      0.1646326283670456,
      0.04606020857082975,
      0.03170632058001804,
      0.017879602877655484,
      0.1488165704709356,
      0.03284196203049666,
      0.016405657741035147,
      0.019815405284464016,
      0.03657477489158264,
      0.009153689205589682,
      0.02588255985060817,
      0.05482964875359491,
      0.12212742016379197,
      0.12649251698603098,
      0.07976686255067474
    ],
    [
      0.005910311592460075,
      0.16218904967906028,
      0.007954262450729064,
      0.006583473750890781,
      0.09902392774365436,
      0.020413842144752333,
      0.026589874572738433,
      0.00488142526129839,
      0.023323393811595913,
      0.015420331085568725,
      0.008857704111684343,
      0.015611635542871278,
      0.0010608323351279738,
      0.0008250330847652078,
      0.01982021727258895,
      0.07485021269165208,
      0.11807593514062101,
      0.10516268549003985,
      0.2834458522379009
    ]
  ]
}