{
  "poids_LS": 0.24,
  "poids_EM": 0.76,
  "mae_validation": 7.827261757450681,
  "matrice_de_transition": [
    [
      0.18675746811442384,
      0.004460693497423663,
      0.01616583748414857,
      0.0854096187184106,
      0.010430249834955177,
      0.06349886024072651,
      0.0672648922614412,
      0.04293350015496518,
      0.05166475232596893,
      0.04716430912277918,
      0.025588369329165122,
      0.18199229270087883,
      0.03769549561137199,
      0.06127762841636167,
      0.011477448830109656,
      0.04603359527481232,
      0.03476665773616376,
      0.00965241673365419,
      0.01576591361223974
    ],
    [
      0.010887110870998612,
      0.45626326886880564,
      0.0037353821685137153,
      0.019796909819794074,
      0.06527952933929274,
      0.012975591584665061,
      0.030734973508676378,
      0.027240773930646996,
      0.05964560049729734,
      0.012587943456777769,
      0.004330552537828193,
      0.013044911502289825,
      0.015462409456410732,
      0.0002748784961883214,
      0.02859348097491209,
      0.07126467877884113,
      0.09084468997818862,
      0.014942894045889735,
      0.062094420183983055
    ],
    [
      0.035155829559310084,
      0.02999387834769305,
      0.2573693175959532,
      0.023247047116320405,
      0.019877707971868847,
      0.021498104857034597,
      0.050420552462961316,
      0.16794031281958746,
      0.007402119149935387,
      0.041647088144636676,
      0.010470949802524963,
      0.11606684033190873,
      0.03400079993622337,
      0.05095186758026261,
      0.031119797468384225,
      0.028848694273458812,
      0.0650174839336639,
      0.0013212540690784012,
      0.007650354579193828
    ],
    [
      0.0343653801184172,
      0.02630236845215673,
      0.038825841735618365,
      0.13751482349177524,
      0.01883757262761769,
      0.04838064431232138,
      0.05571539057664929,
      0.02622913908620508,
      0.05798836909508265,
      0.06895933914029063,
      0.04975416568060848,
      0.07487802777938388,
      0.06844863924637311,
      0.05777892665108762,
      0.09175287953889091,
      0.057671980482194185,
      0.031442209951949615,
      0.033300731661566205,
      0.021853570371811865
    ],
    [
      0.010853806313533122,
      0.08451755293388877,
      0.015912015277428845,
      0.041595922423932764,
      0.3081321463605202,
      0.025358633495391747,
      0.050557737073960635,
      0.02815281913675506,
      0.11015755803616697,
      0.017018562526350346,
      0.003953937233090745,
      0.015295012922236699,
      0.023527374739869,
      0.005016108980547278,
      0.000690465513124541,
      0.01654650846516498,
      0.04210857028678762,
      0.08704090730086024,
      0.11356436098039048
    ],
    [
      0.028380880982169628,
      0.01165854811715189,
      0.05166557143301508,
      0.022054640194670502,
      0.02001276071497476,
      0.2330508532185531,
      0.020356650342748174,
      0.019610867324469334,
      0.0404409670713253,
      0.0536872403222111,
      0.024612993766303284,
      0.08559060769920881,
      0.052294659573335324,
      0.06871758026852319,
      0.06166223201226883,
      0.0646890574163847,
      0.05828458294143801,
      0.06816166161718366,
      0.015067644984065317
    ],
    [
      0.02573230821064575,
      0.012165952802561825,
      0.06498825212197261,
      0.011431591555877064,
      0.027498763956351997,
      0.05489374266793029,
      0.14052871479816478,
      0.050877648534465005,
      0.06618476262076935,
      0.02252044757176455,
      0.07425633869241792,
      0.05106137256696526,
      0.08775975184407467,
      0.017163537200383317,
      0.08301859237502983,
      0.09901332247342742,
      0.04738329061460822,
      0.04048297217462141,
      0.023038637217968696
    ],
    [
      0.017506956684498816,
      0.035092623840897993,
      0.06524532521339536,
      0.03469829181779511,
      0.034892326700029126,
      0.03160473221809483,
      0.025776390498775156,
      0.2857487944654515,
      0.00851855997006444,
      0.04936623460125142,
      0.09398507522189095,
      0.07758725986590183,
      0.009848559509209574,
      0.05167218415852428,
      0.006549378960891652,
      0.05275071448102293,
      0.02919229013479327,
      0.045469534142498984,
      0.04449476751501276
    ],
    [
      0.0077965166371167976,
      0.01621546350307308,
      0.026066925344838617,
      0.03416856141576602,
      0.05960678933532288,
      0.01073563749747722,
      0.051734181294864644,
      0.035528111280434996,
      0.3098754642545723,
      0.04572368743482305,
      0.0023656582375700024,
      0.02284939024746791,
      0.08448614533076199,
      0.0226281489696239,
      0.03306397075945081,
      0.05482933606622978,
      0.06506135366418507,
      0.04681837991091682,
      0.07044627881550417
    ],
    [
      0.01580144283188704,
      0.010931545796658646,
      0.012891396553817732,
      0.013609818666032733,
      0.015344982700344227,
      0.06979930860638615,
      0.05712628069093374,
      0.07757921376680707,
      0.03758108938061048,
      0.29650838895713316,
      0.05277868033922319,
      0.05896329397512097,
      0.0625972215263561,
      0.005485082275913322,
      0.08750418168661286,
      0.05247543396431581,
      0.045900119235898235,
      0.022399464034183646,
      0.004723055011764862
    ],
    [
      0.020120519028210875,
      0.009628603813926703,
      0.01672548901300214,
      0.0468482930823114,
      0.011084137508073268,
      0.017678220281687935,
      0.03843300861373427,
      0.10089876523584897,
      0.01362833767220173,
      0.018399738672886787,
      0.4729616260448263,
      0.12031070322539505,
      0.00880660335684197,
      0.047345616171196085,
      0.014687177837153913,
      0.023005820888317277,
      0.010724726002737437,
      0.0018949118867494226,
      0.006817701664898571
    ],
    [
      0.06646192825279955,
      0.0002156556572194636,
      0.04427514923849007,
      0.03262273825957689,
      0.007268827776516207,
      0.006253647784641563,
      0.054429055865163146,
      0.03901667997038136,
      0.019393949161625713,
      0.06597216610130074,
      0.06836061319491883,
      0.4018585130249509,
      0.06774771985015575,
      0.04664041042774497,
      0.029763961499696998,
      0.021918158110340025,
      0.01790879554461116,
      0.005769140976477828,
      0.0041228893033888854
    ],
    [
      0.061120312298062675,
      0.030506918131055875,
      0.055000403237550934,
      0.0005012207982414635,
      0.044721387469647524,
      0.023943606158464966,
      0.07682842010606625,
      0.037267563688895916,
      0.11139365726810263,
      0.03180808885340953,
      0.06062270084556006,
      0.037646675433988044,
      0.23647349494131104,
      0.0780071542719049,
      0.04102409138654773,
      0.036320291727741746,
      0.010011139373623993,
      0.023007411214794358,
      0.003795462795030588
    ],
    [
      0.026598667597006707,
      0.0056824731745814035,
      0.01616925617056871,
      0.0343531989339423,
      0.00848746783669161,
      0.02521981489243107,
      0.030921598063746142,
      0.035122744954502245,
      0.019840853817038817,
      0.027510948821713024,
      0.011465955148687644,
      0.044180331625763174,
      0.02706349242264586,
      0.6332606019954534,
      0.019279672589374484,
      0.019025332551634334,
      0.00842913350910528,
      0.00448770724886045,
      0.0029007486462532383
    ],
    [
      0.04694628859529669,
      0.0023703813379684544,
      0.019572894726923282,
      0.07683419852581252,
      0.03907168242742659,
      0.06197904782841795,
      0.07423149762067266,
      0.05830218507171066,
      0.03528038303399409,
      0.08458969012941707,
      0.029099278655892034,
      0.08014877839334415,
      0.06143437683012055,
      0.0703113868673728,
      0.17338789636677546,
      0.030573898621314943,
      0.01049390499781845,
      0.028230564468742878,
      0.0171416655009788
    ],
    [
      0.022926132000273037,
      0.0629678952471138,
      0.034235503976831,
      0.030582746491022467,
      0.057787182478742434,
      0.011381468865032506,
      0.03510301479914423,
      0.020414112127383005,
      0.09279963406365373,
      0.051545575502041086,
      0.016635119851499153,
      0.0450405690770525,
      0.0892797481581646,
      0.009238619587954317,
      0.01314924855071849,
      0.21577476635774473,
      0.035742526121113984,
      0.08605300016459955,
      0.06934313657991532
    ],
    [
      0.014237849367858397,
      0.08426403892417056,
      0.016997286936505204,
      0.009740137609038718,
      0.008938311563287643,
      0.016619741398302686,
      0.04505526726079341,
      0.03876101433053848,
      0.05574594985556768,
      0.03242989987655817,
      0.024565967882979947,
      0.018304033360715902,
      0.016998812860677486,
      0.02190619641974047,
      0.02383021417947605,
      0.10038669667452407,
      0.3454552228366682,
      0.008179099179991926,
      0.11758425948260506
    ],
    [
      0.014879596852032696,
      0.014527712204012649,
      0.009615880887336649,
      0.019350185957467732,
      0.14340492556900244,
      0.04012121319636746,
      0.04144000233004251,
      0.016470325512848626,
      0.13802531229800727,
      0.03699851533100957,
      0.014290315052362994,
      0.025215047602273864,
      0.03185882970498889,
      0.007973414093121097,
      0.0226976599101942,
      0.05261175241804087,
      0.11064378473520682,
      0.18181422187569737,
      0.07806130446998617
    ],
    [
      0.005148237031827686,
      0.14216832753980152,
      0.006928641217827035,
      0.005734601777280222,
      0.08625579952455852,
      0.017781684848151028,
      0.03428801340971108,
      0.006714703532224845,
      0.02578175743512141,
      0.017460372379559365,
      0.007715593266338225,
      0.02069040820814809,
      0.0009240487962146248,
      0.0007186534606550808,
      0.020203044387796833,
      0.06755726363523717,
      0.11252842157098078,
      0.09306676676824027,
      0.32833366121032614
    ]
  ]
}