{
  "poids_LS": 0.795,
  "poids_EM": 0.20499999999999996,
  "mae_validation": 6.330867341753535,
  "matrice_de_transition": [
    [
      0.3038432456826074,
      0.0012032133775945403,
      0.0043605219529611276,
      0.03643427260816916,
      0.002813422652849751,
      0.017127982038617016,
      0.12916067914404555,
      0.07420257827985458,
      0.07864506264681051,
      0.06277711807828817,
      0.00690212593747217,
      0.14162308634060722,
      0.010167863947804286,
      0.01652883398072913,
      0.003095890802858525,
      0.04011170124332944,
      0.06414614112631169,
      0.0026036124084198795,
      0.004252647750669929
    ],
    [
      0.002936654905993046,
      0.6229435685107125,
      0.0010075701901911993,
      0.005339955938233927,
      0.017608294098098696,
      0.00349999509849518,
      0.05298546916765844,
      0.009878815094155051,
      0.056520012871906035,
      0.014782463950379604,
      0.00116810956612471,
      0.03632896755162281,
      0.007592225948733154,
      7.414485752448141e-05,
      0.029586691742338155,
      0.04793126113371215,
      0.055892953164341994,
      0.008522981663876755,
      0.025399864545902123
    ],
    [
      0.009482822446919165,
      0.00809045402799615,
      0.445208950470573,
      0.014574563439304068,
      0.03129877419180465,
      0.009992780787394044,
      0.07367542110012491,
      0.1745556521618114,
      0.019118076676219196,
      0.015764144486420238,
      0.002824400933575812,
      0.0798573299923364,
      0.009171268403849723,
      0.01374359586046557,
      0.008394155896077322,
      0.022786393315367484,
      0.05904124242437157,
      0.0003563909002119371,
      0.002063582485177282
    ],
    [
      0.009269609110888848,
      0.007094717806173852,
      0.010472759941844424,
      0.25065382772606243,
      0.005081187353502139,
      0.013050042215823527,
      0.1161857328310349,
      0.07843910704801908,
      0.09909295325548724,
      0.09140156350016856,
      0.013420531532269391,
      0.11460679702068692,
      0.04474464904318065,
      0.015585105215096,
      0.034668157742210506,
      0.05979384602205787,
      0.021562265376490516,
      0.008982434198185618,
      0.005894713060817673
    ],
    [
      0.0029276714398345917,
      0.02279749783085157,
      0.004292056752464359,
      0.011219952759087125,
      0.4848793597432866,
      0.006840157719151719,
      0.09229667503134735,
      0.0395340292492466,
      0.08854391078384982,
      0.041275131347629,
      0.001066522543136319,
      0.03916248797457687,
      0.006346199765359399,
      0.0013530293960686735,
      0.00018624398709280382,
      0.004463202941261606,
      0.030323220857068615,
      0.05645147710954618,
      0.06604117276914093
    ],
    [
      0.0076553692122957534,
      0.003144739952652812,
      0.01393610808390538,
      0.005948948999878226,
      0.005398178877065559,
      0.4849668513778146,
      0.061226322438171665,
      0.008218944054157629,
      0.03905820731474076,
      0.06531289858022504,
      0.006639031213279174,
      0.08762472661055662,
      0.014105796332281236,
      0.018535663098746383,
      0.03466066303896871,
      0.04306894436866444,
      0.056568923309637385,
      0.02788115433168045,
      0.016048528805278146
    ],
    [
      0.006940951556818917,
      0.0032816056901647022,
      0.01752972590132156,
      0.003083521406519471,
      0.01702389153235758,
      0.014806864798586455,
      0.45055095104664844,
      0.033937529267441334,
      0.04159207202607533,
      0.06731784444506518,
      0.0245870696248405,
      0.08417775492062822,
      0.07263164498283345,
      0.0046296383237876045,
      0.033189884283901995,
      0.07775839878326271,
      0.029826533086745263,
      0.010919749073417613,
      0.00621436924958366
    ],
    [
      0.004722271210950337,
      0.009465773536031695,
      0.017599067985192167,
      0.010605056268281343,
      0.009411746017771012,
      0.008524960664091367,
      0.012543899395217273,
      0.6524292073251063,
      0.0030511879006950237,
      0.03207635642123946,
      0.025351237395378475,
      0.04817592968239719,
      0.015459415266630227,
      0.017811250735012638,
      0.01705954856719253,
      0.03333319771372968,
      0.04425387575607088,
      0.012264808551595119,
      0.025861209607417036
    ],
    [
      0.0021030077771170305,
      0.004373907918592079,
      0.0070312101259104145,
      0.009216519855568464,
      0.01607814712334367,
      0.0028957969565563545,
      0.10525105516018954,
      0.040288676922651256,
      0.4806785840322891,
      0.07705804123548544,
      0.0006381051825024347,
      0.06460104181276831,
      0.055667724578156705,
      0.006103645445753814,
      0.008918571060115019,
      0.044015094486948424,
      0.03627366912056329,
      0.012628641949655193,
      0.026178559255833546
    ],
    [
      0.009498880818059333,
      0.002948640642519766,
      0.0034772845967534663,
      0.015888014847211657,
      0.004139107175750745,
      0.01882744508461731,
      0.08028272182353777,
      0.050604169662282775,
      0.018692084121959843,
      0.5306118432461367,
      0.0142363545651852,
      0.06237230148288708,
      0.02054772894788065,
      0.006323130391214124,
      0.02360310163915215,
      0.038613537286990185,
      0.0920177110304671,
      0.006041960693431114,
      0.0012739819439628903
    ],
    [
      0.022016527465225443,
      0.0025971891866512814,
      0.004511480589033471,
      0.024954268970103596,
      0.028828926534613112,
      0.004768467312823718,
      0.0388863138028174,
      0.12323230236549633,
      0.003676064766843887,
      0.004963087405186567,
      0.5518775139558942,
      0.09551710300443776,
      0.0023754653791481627,
      0.012770856993546308,
      0.003961672969232305,
      0.052108702643577864,
      0.020603943789463692,
      0.0005111275483995153,
      0.0018389853175055351
    ],
    [
      0.017927230647136715,
      5.817027596051319e-05,
      0.011942638939329555,
      0.008799554398964817,
      0.0019606706502445026,
      0.0016868392050677897,
      0.06569161751974441,
      0.07697218636886408,
      0.06026450250771109,
      0.07411961749497356,
      0.018439375927576787,
      0.517403004231766,
      0.046194000114864915,
      0.012580637023273313,
      0.008028436983470898,
      0.026372858046967713,
      0.04444961856715651,
      0.005996945955881348,
      0.001112095141045686
    ],
    [
      0.0164864000277669,
      0.008228839759034807,
      0.014835635083813078,
      0.00013519771531513158,
      0.012063005830628606,
      0.0064584727137964705,
      0.08571499859652226,
      0.0583013640733419,
      0.0886844483780368,
      0.05644785702017107,
      0.016352175885973434,
      0.06190315348215084,
      0.5077912665004188,
      0.02104140345492171,
      0.01106570886084511,
      0.02086805280815674,
      0.004932979592372161,
      0.007665264068074669,
      0.0010237761486595663
    ],
    [
      0.007174640601824176,
      0.0015327723694594571,
      0.004361444098640243,
      0.009392123582090442,
      0.007787238555398017,
      0.014441555519814442,
      0.061039480504817244,
      0.03522470656807808,
      0.023785165506167143,
      0.02339205033905492,
      0.0030927905335275873,
      0.04731430883151831,
      0.007300020982424211,
      0.6814813302626155,
      0.019244418310416518,
      0.03194551365814111,
      0.019497501014830495,
      0.0012104999816005158,
      0.0007824387795814655
    ],
    [
      0.012663143634257657,
      0.0006393791766888592,
      0.005279530814499042,
      0.020725014076041534,
      0.01053907223371375,
      0.016718032637928523,
      0.1375812135849293,
      0.07157600222210941,
      0.0584815256788451,
      0.10291109388985717,
      0.007849147532181402,
      0.12350464063256689,
      0.037021882912132986,
      0.01896557145764661,
      0.2983055563930587,
      0.05181975560823805,
      0.013180875483998624,
      0.007614823310647749,
      0.0046237387206587545
    ],
    [
      0.006184022447442069,
      0.016984761217971482,
      0.009234576730592569,
      0.008249293461394216,
      0.022381242454997584,
      0.003070001470173241,
      0.052735823035887225,
      0.038548536954621154,
      0.0764000703926524,
      0.06214696683413247,
      0.004487104696785955,
      0.08676123903183602,
      0.10203918599002992,
      0.0024919960730666246,
      0.004395092454993928,
      0.4380577740631471,
      0.01594668843068034,
      0.023211664518082768,
      0.02667395974151292
    ],
    [
      0.0038404725268565403,
      0.04922532974879158,
      0.004584794502609955,
      0.005612610589626536,
      0.002410991934834166,
      0.004482956561384276,
      0.059238698330659666,
      0.06689894458366054,
      0.027770366013286304,
      0.008747538782492664,
      0.006626346600014326,
      0.041888841168213085,
      0.02683935781883003,
      0.014014338438805788,
      0.006427886719463933,
      0.06840101611502516,
      0.5163034308224224,
      0.002206204384076769,
      0.08447987435894638
    ],
    [
      0.004013575466666713,
      0.003918659212924463,
      0.0025937573446105427,
      0.005219458054316953,
      0.03868159176532302,
      0.010822169349020168,
      0.08945949896349661,
      0.009517890513134803,
      0.0847884386448941,
      0.057504178280206576,
      0.0038546244549137014,
      0.05185328303680244,
      0.008593500117793054,
      0.002150723538276085,
      0.0069854868708186255,
      0.04167013049597431,
      0.053991183287520124,
      0.45473463266471836,
      0.06964721793858927
    ],
    [
      0.001388669199374573,
      0.04339943165279166,
      0.0018689098021770288,
      0.0015468333741347963,
      0.02326636697701907,
      0.004796375518251263,
      0.0722654983387761,
      0.015758876335462028,
      0.03790968464451386,
      0.027524576096579857,
      0.002081179762630705,
      0.04574568669018038,
      0.00024925000424210267,
      0.00019384731504512042,
      0.022091658156155734,
      0.03157871495692369,
      0.08516068796075572,
      0.03339356774069572,
      0.5497801854742905
    ]
  ]
}