{
  "poids_LS": 0.595,
  "poids_EM": 0.405,
  "mae_validation": 6.860897808268823,
  "matrice_de_transition": [
    [
      0.26165017268506374,
      0.002377080087442873,
      0.008614689711947595,
      0.05408304598122914,
      0.005558225240995851,
      0.03383820841775558,
      0.10685589107824217,
      0.06293444201863317,
      0.06892242829695769,
      0.057150880616843494,
      0.013635907339884047,
      0.15617054809205644,
      0.020087731213954813,
      0.032654525669245364,
      0.0061162720739400146,
      0.042245717110530476,
      0.053558939904636754,
      0.005143722075170983,
      0.008401572385469862
    ],
    [
      0.005801684082571629,
      0.5628785956667821,
      0.0019905654976948087,
      0.010549669048706054,
      0.034787117608438896,
      0.006914624462880724,
      0.044967272533791035,
      0.01613537683703503,
      0.05764635075492992,
      0.01399164575448705,
      0.0023077286550268663,
      0.027938316723034342,
      0.010428328113662011,
      0.00014648130388982916,
      0.029228777952274704,
      0.05633969992474962,
      0.06848817363780024,
      0.010836463603340892,
      0.038623127838904266
    ],
    [
      0.018734356541474453,
      0.015983579908968006,
      0.37751899267791716,
      0.017699782782373018,
      0.027183074653089046,
      0.014138843515192442,
      0.0652952882579038,
      0.17217174609254152,
      0.014896110000080886,
      0.02509133139028202,
      0.005579914039503434,
      0.09290580218677688,
      0.018118847334434824,
      0.027151982065797838,
      0.016583576282494225,
      0.024971006273238235,
      0.0611948429682607,
      0.0007040893394430955,
      0.0040768336902282905
    ],
    [
      0.01831313019468285,
      0.01401639371463615,
      0.020690086714375576,
      0.2098830153893823,
      0.010038443308138375,
      0.025781790719066,
      0.09439461850513016,
      0.05962470417889691,
      0.08428049049498107,
      0.08331427544255489,
      0.026513733027166364,
      0.10029012342021734,
      0.05328662749478154,
      0.030790085912750644,
      0.05523922865993318,
      0.059029209791476356,
      0.025122605764043345,
      0.017745784635439885,
      0.011645652632347113
    ],
    [
      0.005783936259185414,
      0.04503895912924336,
      0.008479429193893002,
      0.022166248133806278,
      0.4211866702359834,
      0.013513482323202182,
      0.07725561630796475,
      0.035432692271772176,
      0.09633261249639655,
      0.03253402546608714,
      0.0021070323413180944,
      0.030561596063823655,
      0.012537614170588086,
      0.002673058075160063,
      0.0003679454379150515,
      0.00881754727419976,
      0.03457019362453492,
      0.0674746951965062,
      0.08316664599842004
    ],
    [
      0.015124022102340394,
      0.006212778930850678,
      0.027532311092593565,
      0.011752801682686255,
      0.010664694854690498,
      0.39418631150060324,
      0.04649851267405509,
      0.01232414162904473,
      0.03955649911891537,
      0.06112347218094073,
      0.013116134835990566,
      0.08689171078664751,
      0.02786754885158001,
      0.036619236853620916,
      0.04439095816448227,
      0.050859976097572646,
      0.05718717903280878,
      0.04239665245258251,
      0.015695057157994245
    ],
    [
      0.01371261161225201,
      0.006483172217154657,
      0.034631897512366984,
      0.006091834973855541,
      0.020798620333797008,
      0.029252586553304958,
      0.3388312262724201,
      0.04004207675105347,
      0.05045430287101011,
      0.05117463836459648,
      0.042485905324868393,
      0.07224392344183075,
      0.07808321502292037,
      0.009146358639677953,
      0.05114617548791203,
      0.08541783074368244,
      0.03615329255624543,
      0.021573162803581146,
      0.012277168517470162
    ],
    [
      0.009329365075292133,
      0.01870067454679433,
      0.0347688904097699,
      0.01928730331315117,
      0.018593937254620784,
      0.01684199545832685,
      0.017312364657760655,
      0.5202921216099154,
      0.005021412069837156,
      0.0383069431527753,
      0.05008415192745505,
      0.05877460722600247,
      0.013437485263956118,
      0.03001338890564747,
      0.013272100060417437,
      0.04033050105329482,
      0.03882627733398886,
      0.02423047543120012,
      0.03257600524979387
    ],
    [
      0.004154722681621452,
      0.008641135156242891,
      0.01389092732192058,
      0.018208246543927945,
      0.03176414431684969,
      0.00572096471905036,
      0.08596569520872112,
      0.03857315777230305,
      0.41912791023851725,
      0.06576638220821972,
      0.001260646823968225,
      0.04955540160905646,
      0.06605274106558202,
      0.012058421490391684,
      0.017619615996812603,
      0.04791211847948225,
      0.04664760949664322,
      0.024949268242001728,
      0.04213089062868782
    ],
    [
      0.011770074336555804,
      0.005825363220587832,
      0.0068697573740739235,
      0.015067043250390422,
      0.008177260517946596,
      0.037195684191561044,
      0.07193805835232911,
      0.060324906276525765,
      0.02549893286381593,
      0.44625023809694625,
      0.028125480970243942,
      0.06114383030891732,
      0.035700699246430365,
      0.006021131070385006,
      0.04663051787247133,
      0.04360881536890933,
      0.07539875903242427,
      0.011936556491900497,
      0.002516891157585223
    ],
    [
      0.021333281181616585,
      0.005131032295579362,
      0.0089129250661393,
      0.03284400738891722,
      0.022434407966490644,
      0.00942063054484686,
      0.03872296058152618,
      0.11518418087733512,
      0.007262469417423291,
      0.009805123898051512,
      0.523439356150104,
      0.10445173371469266,
      0.004692992578317103,
      0.025230229670176862,
      0.007826719768483335,
      0.0416211776867272,
      0.017043865307760538,
      0.001009788571228311,
      0.003633117334584107
    ],
    [
      0.0354172117662945,
      0.0001149217647024773,
      0.023593994002090102,
      0.01738448551990611,
      0.0038735200651171895,
      0.0033325359904997805,
      0.06163303674331873,
      0.06329452640544687,
      0.04553637517578843,
      0.0711835989747311,
      0.036429010978871225,
      0.4757653497428236,
      0.053961106325780536,
      0.02485442924110094,
      0.015861058430759585,
      0.02476756077250729,
      0.03488535801849152,
      0.005914854071411612,
      0.002197066010358551
    ],
    [
      0.0325706927377834,
      0.016256976109312673,
      0.02930942540948438,
      0.0002670979253786746,
      0.02383179200685164,
      0.012759421702866201,
      0.08251262796933091,
      0.05072161618705506,
      0.09686794707715962,
      0.04756866128440115,
      0.0323055182137524,
      0.05316208031164173,
      0.4100190965692088,
      0.04156960194752827,
      0.02186152238362083,
      0.02643642719359278,
      0.006762947081111562,
      0.013193965742568252,
      0.0020225821473518267
    ],
    [
      0.014174289969457523,
      0.0030281600469808795,
      0.008616511511947799,
      0.01838710569086589,
      0.008039573431539852,
      0.018325612951388,
      0.05018618953506189,
      0.03518796364426697,
      0.022363791924499277,
      0.02487633808055334,
      0.006110147151603284,
      0.04618494767629124,
      0.014421992672594176,
      0.664104491247422,
      0.019257122555086055,
      0.02728959253867921,
      0.015508900111866453,
      0.0023914755734058975,
      0.0015457936864902125
    ],
    [
      0.02501743010670416,
      0.001263163739312137,
      0.010430292584742012,
      0.04094454000388694,
      0.020821093925141802,
      0.03302830838224904,
      0.11475248711132331,
      0.0667926446904342,
      0.05012075355457446,
      0.09630878622843732,
      0.015506852441626676,
      0.10788090649230643,
      0.045819178017714096,
      0.03746856800169209,
      0.25329018341061427,
      0.04416359092826576,
      0.012212597831321084,
      0.015043919223474825,
      0.009134703326179492
    ],
    [
      0.01221721507909287,
      0.03355525996721196,
      0.018243919882390203,
      0.016297384643242235,
      0.03514013976085159,
      0.006065124855708112,
      0.046381657905529394,
      0.03201360908894975,
      0.08230982306688711,
      0.05832664563337882,
      0.008864767815601523,
      0.07172676337245458,
      0.09744119037494332,
      0.004923211754107235,
      0.0075497433003000785,
      0.3579557893044435,
      0.023080323634440215,
      0.04585719087718792,
      0.04205023968327956
    ],
    [
      0.007587274992082435,
      0.061851891613793016,
      0.009057764749058695,
      0.007100007713739034,
      0.004763179188330915,
      0.008856572718832353,
      0.05412755199917633,
      0.05675914989785079,
      0.0378516574879823,
      0.01728172296053429,
      0.01309107499027221,
      0.03338981132767356,
      0.023293215491567848,
      0.0168582512247282,
      0.012698995714062895,
      0.07992738748781757,
      0.45473650902575424,
      0.004358598905127276,
      0.09640938251161618
    ],
    [
      0.007929258848780582,
      0.007741741371875162,
      0.005124252314962293,
      0.010311612253650569,
      0.07641973007295526,
      0.02138038334806424,
      0.07215517585234198,
      0.012023272495013658,
      0.10397289761898894,
      0.05011475019040585,
      0.007615233679219754,
      0.042253918916251604,
      0.0169774026717375,
      0.004248990404886901,
      0.012647531209332348,
      0.045613057314737034,
      0.07440653516056038,
      0.35638493508308916,
      0.07267932119314671
    ],
    [
      0.002743468418276596,
      0.07899182656702947,
      0.0036922364384473017,
      0.003055939104998013,
      0.045965261588745004,
      0.009475766267764692,
      0.05857991818415807,
      0.012499714964926105,
      0.033539260424912974,
      0.023897836018374273,
      0.004111599043246028,
      0.03671675750746603,
      0.0004924207400880566,
      0.00038296664679645753,
      0.02141107661800838,
      0.044543957723883504,
      0.09502293430678277,
      0.05489742324611718,
      0.46997963618997907
    ]
  ]
}