{
  "poids_LS": 0.3525,
  "poids_EM": 0.6475,
  "mae_validation": 7.518337793196251,
  "matrice_de_transition": [
    [
      0.2104910716755421,
      0.0038003934731339756,
      0.013772868119718683,
      0.07548218369606437,
      0.008886298379122996,
      0.05409935790246107,
      0.07981133554845558,
      0.04927182680190221,
      0.05713373414776113,
      0.050329067694841814,
      0.021800617290308442,
      0.1738093454656886,
      0.03211557027416232,
      0.052206926841571286,
      0.009778484365126319,
      0.04483321134951174,
      0.04072195842335591,
      0.008223605046106693,
      0.013432143505164779
    ],
    [
      0.00927553195917316,
      0.4900498160935165,
      0.0031824473080429346,
      0.016866446195153505,
      0.05561644111472638,
      0.011054862567198192,
      0.03524520911522679,
      0.023721457950277004,
      0.0590120354380964,
      0.01303277869196733,
      0.0036895168003207306,
      0.017764652593370834,
      0.013867101988638249,
      0.00023418924510781324,
      0.028794807481822775,
      0.06653493195888255,
      0.08375987846186836,
      0.013641560454941156,
      0.054656334581669345
    ],
    [
      0.029951841631122734,
      0.02555399503964638,
      0.29544491885432206,
      0.021489111235844124,
      0.022192788962396376,
      0.019165944572647996,
      0.055134377186710694,
      0.16928125998355176,
      0.009776975405263186,
      0.036400545511214424,
      0.008920973680440675,
      0.10872707472253595,
      0.02896778678776925,
      0.043409650339763205,
      0.026513248501024718,
      0.02761984948465651,
      0.06380608362772627,
      0.0011256736970108748,
      0.006517900776352636
    ],
    [
      0.02927839950878307,
      0.022408925753646683,
      0.03307859542606959,
      0.16044840543115776,
      0.016049116153134806,
      0.04121903577924749,
      0.06797289238497069,
      0.0368122407000863,
      0.06632037939786736,
      0.07350843867269832,
      0.042389239839728934,
      0.08293115667964798,
      0.06364377636734761,
      0.04922612500865689,
      0.08018165214767191,
      0.05810208836189627,
      0.029439518483951148,
      0.028371347040610676,
      0.018618666862826556
    ],
    [
      0.009247157352648284,
      0.07200673095354339,
      0.013556618279125231,
      0.03543863127565324,
      0.3439592842083783,
      0.02160488840561336,
      0.05901833260586334,
      0.030459821186584427,
      0.10577641332285943,
      0.021935434584717636,
      0.003368650471613496,
      0.02013301462203538,
      0.02004470413692786,
      0.004273592848558372,
      0.0005882584470370268,
      0.01409718977788727,
      0.03971964810508782,
      0.08084034712694521,
      0.10393128228892097
    ],
    [
      0.024179763731519515,
      0.00993277619191559,
      0.04401770724062798,
      0.018789973060590985,
      0.017050345477560732,
      0.2841149068994845,
      0.028641043335063746,
      0.017301693688595337,
      0.04016067793147708,
      0.05604379267180852,
      0.020969622978528123,
      0.0860029291001577,
      0.04455367378122976,
      0.05854557003140627,
      0.05618894100416745,
      0.06030660206887384,
      0.057936814097154093,
      0.05999669392417625,
      0.01526647278566251
    ],
    [
      0.021923249429464633,
      0.010365071631129975,
      0.05536828059075956,
      0.009739415174250525,
      0.025375479005542316,
      0.046768024180901126,
      0.20337105998366822,
      0.047443840574933185,
      0.06119975777049353,
      0.03160100099202819,
      0.06418824361115222,
      0.057774152773788834,
      0.08469324369652578,
      0.014622882022694997,
      0.0729181785727742,
      0.09470489199569132,
      0.043824488413014374,
      0.03449042695140442,
      0.01962831262978254
    ],
    [
      0.014915466385806556,
      0.029897992022344014,
      0.055587300099570386,
      0.02981452785505583,
      0.029727344129301128,
      0.02692640014633737,
      0.023094128788594504,
      0.36007590518024635,
      0.007410308874921991,
      0.045861529564762506,
      0.08007281079759788,
      0.07162550374762386,
      0.01098589513571376,
      0.04480848143754219,
      0.00867981874595264,
      0.04881473135251754,
      0.0322453142472144,
      0.03873884652272117,
      0.04071769496617579
    ],
    [
      0.006642427003333061,
      0.013815148181894497,
      0.0222083344220829,
      0.029110715153563813,
      0.05078341591397574,
      0.00914648063107434,
      0.06258219626756564,
      0.03649309080250585,
      0.3444977182635689,
      0.05207524563766003,
      0.002015478564245495,
      0.031312562862055825,
      0.07864457355658523,
      0.019278587444515098,
      0.02816963298255842,
      0.0526372600704295,
      0.05922601220264012,
      0.039888027621471894,
      0.061473092418273624
    ],
    [
      0.014523896477732775,
      0.00931338934649536,
      0.010983130616574976,
      0.014071615189244676,
      0.013073521445359062,
      0.0594671741087303,
      0.061820153893488605,
      0.07211129942129538,
      0.03375223696331643,
      0.3439617918535528,
      0.044966046736377656,
      0.05965430901047897,
      0.05407367573342189,
      0.0056549568938797,
      0.07455126005537081,
      0.049665590043236285,
      0.05524827973479733,
      0.019083753897544617,
      0.0040239185791023
    ],
    [
      0.02050484506274085,
      0.008203317065154658,
      0.014249676494630112,
      0.04241031522172873,
      0.014681054202642155,
      0.015061378463674916,
      0.03852489480071058,
      0.10542583357293964,
      0.011610985056250816,
      0.015676093145650258,
      0.4889580898105833,
      0.11528497345087668,
      0.0075029943073094425,
      0.0403372190405914,
      0.012513089012575208,
      0.02890505367654577,
      0.012727270148695461,
      0.0016144150614082252,
      0.005808502405291874
    ],
    [
      0.05662381387327329,
      0.00018373294480210876,
      0.037721262015687256,
      0.027793714504047416,
      0.006192849980650321,
      0.0053279433428360685,
      0.05671200755190259,
      0.046710363699803525,
      0.027678520785832206,
      0.06762367651893712,
      0.05824144347856572,
      0.425279693674981,
      0.06337872260651571,
      0.03973640230521693,
      0.02535811193559711,
      0.022821137827224017,
      0.02328869210323522,
      0.005815317661492054,
      0.003512593189400399
    ],
    [
      0.052072897648678396,
      0.025991091434024578,
      0.04685889617936083,
      0.0004270269300807205,
      0.038101445245522066,
      0.020399322352113242,
      0.07862975358386137,
      0.04153117187493226,
      0.10679043924984603,
      0.03680263645478011,
      0.05164894578618439,
      0.042563529092399424,
      0.29147034052761667,
      0.0664600426198137,
      0.034951446279986385,
      0.03318808113593397,
      0.00898178266120808,
      0.019897516522891717,
      0.0032336344207661914
    ],
    [
      0.02266136482771295,
      0.004841317605975603,
      0.013775780750583208,
      0.02929352149775611,
      0.008345529468861827,
      0.02303503258717094,
      0.03702657423423353,
      0.03514341284914599,
      0.02064037645672699,
      0.026676036967120165,
      0.009768692051020064,
      0.044815597275578406,
      0.023057383346925257,
      0.6430350739414997,
      0.019272526451747866,
      0.021644288181331656,
      0.010672721517022553,
      0.0038234084784699225,
      0.002471361511117068
    ],
    [
      0.03999700245454554,
      0.0020195025214928605,
      0.01667559123116161,
      0.06546071519139948,
      0.03328804522599831,
      0.052804517722237654,
      0.08707265626207603,
      0.06099282368327797,
      0.03998331735389632,
      0.08830348818896575,
      0.024791819644329065,
      0.08893712884724064,
      0.05648589833323118,
      0.05990345131134722,
      0.19870904366940043,
      0.034880491253799356,
      0.011038561177449566,
      0.024051698017777647,
      0.014604247910373385
    ],
    [
      0.01953246114496946,
      0.053646989700666024,
      0.029167748453944826,
      0.026055695201232954,
      0.05061030274419956,
      0.00969671196066914,
      0.03867723268497052,
      0.024090009051823166,
      0.0894753981843967,
      0.05369450617746502,
      0.014172684347165397,
      0.05349746163545456,
      0.09186612069165082,
      0.007871060767368973,
      0.011374757450233782,
      0.26083213278451545,
      0.03172985631899905,
      0.07331489158760289,
      0.06069397911267159
    ],
    [
      0.01213027298116883,
      0.07716159787510724,
      0.014481241172877787,
      0.008903476726725437,
      0.007615206233195721,
      0.014159582309738142,
      0.04793028707225278,
      0.044464648841306464,
      0.05007522340105119,
      0.027629421276409757,
      0.020929558163459885,
      0.023084737646019385,
      0.018993517919762462,
      0.020306495477659114,
      0.020302715370014133,
      0.09390311277732835,
      0.380086616347294,
      0.006968377261901015,
      0.1108739111467283
    ],
    [
      0.012677024949593645,
      0.012377228489602881,
      0.008192477466513788,
      0.016485849220342574,
      0.12217722277095931,
      0.03418221782190517,
      0.05117368408006699,
      0.01506104814804177,
      0.1272340541250789,
      0.04115506863152247,
      0.012174972363690839,
      0.03061468992008371,
      0.02714288451839514,
      0.006793138980652514,
      0.019512759969780233,
      0.05039385608248684,
      0.09916014930662168,
      0.23713592676536377,
      0.07635574638929761
    ],
    [
      0.004386162471195298,
      0.12214760540054276,
      0.005903019984925007,
      0.004885729803669662,
      0.07348767130546267,
      0.015149527551549724,
      0.041986152246683714,
      0.0085479818031513,
      0.028240121058646907,
      0.019500413673550005,
      0.006573482420992105,
      0.025769180873424904,
      0.0007872652573012757,
      0.0006122738365449536,
      0.020585871503004713,
      0.06026431457882228,
      0.10698090800134057,
      0.0809708480464407,
      0.3732214701827513
    ]
  ]
}