{
  "poids_LS": 0.1975,
  "poids_EM": 0.8025,
  "mae_validation": 7.944562814254062,
  "matrice_de_transition": [
    [
      0.1777914401024458,
      0.004710140173266433,
      0.017069848132933198,
      0.08915998306018585,
      0.011013520384936222,
      0.06704978334629345,
      0.06252512479745798,
      0.04053902119945563,
      0.0495986925266252,
      0.045968733662222185,
      0.027019297877177648,
      0.18508362832306177,
      0.03980346740542898,
      0.06470433790017137,
      0.012119279850214472,
      0.04648707364659254,
      0.03251687747655784,
      0.010192190037838798,
      0.016647560097134726
    ],
    [
      0.01149592957102156,
      0.44349946213947045,
      0.003944268671358232,
      0.020903973855769403,
      0.06893002933524002,
      0.013701200324596988,
      0.02903110672397955,
      0.028570293301008992,
      0.059884947297439914,
      0.012419894590150603,
      0.004572721594219902,
      0.011261898201214779,
      0.016065081166458113,
      0.00029024999104095776,
      0.028517424294523606,
      0.07305147202193658,
      0.09352117432879849,
      0.015434508958025861,
      0.06490436363374602
    ],
    [
      0.03712178055440308,
      0.03167116759739957,
      0.24298520156501385,
      0.02391115622672256,
      0.01900312181989178,
      0.022379143186691756,
      0.04863977423398934,
      0.1674337327798676,
      0.006504951231255997,
      0.043629115361707306,
      0.011056496337534583,
      0.11883964067322735,
      0.0359021604589727,
      0.053801149648895714,
      0.032860049300497816,
      0.029312924527006342,
      0.06547512404924034,
      0.0013951399874150225,
      0.008078170460267167
    ],
    [
      0.03628712834872342,
      0.027773224582704963,
      0.04099702367478123,
      0.12885102587023073,
      0.019890989517977888,
      0.0510861408692604,
      0.051084778782394535,
      0.022231078476516623,
      0.0548407207584751,
      0.06724079042804773,
      0.05253647099827409,
      0.07183573463928408,
      0.07026380966733829,
      0.06100998504933924,
      0.09612423210890698,
      0.057509495283195614,
      0.032198782284304596,
      0.03516294362948273,
      0.02307564503076187
    ],
    [
      0.011460762587645171,
      0.08924386345979703,
      0.01680183192123243,
      0.04392201019106059,
      0.2945974498402183,
      0.026776714973752468,
      0.04736151209524184,
      0.027281285029041744,
      0.11181265715008315,
      0.0151610775265227,
      0.004175045565204372,
      0.01346732339120164,
      0.024843050300980093,
      0.0052966150748541985,
      0.0007290770714242687,
      0.017471806635914338,
      0.043011051999874206,
      0.08938334114433924,
      0.11720352404161229
    ],
    [
      0.02996796972130411,
      0.012310506400018937,
      0.05455476457236132,
      0.023287958889767205,
      0.021131895360220056,
      0.2137599884946457,
      0.01722699076787341,
      0.020483221809132843,
      0.040546854079712404,
      0.052796987212363186,
      0.025989378286129454,
      0.08543484183662811,
      0.055219031983686315,
      0.07256033969143402,
      0.06372991972644046,
      0.06634465165877769,
      0.05841596228261193,
      0.07124620496787536,
      0.014992532259017487
    ],
    [
      0.02717128597242528,
      0.01284628568954719,
      0.06862246358931977,
      0.01207085818893598,
      0.02830089382665787,
      0.05796345854080796,
      0.11678827328364126,
      0.052174864874732586,
      0.06806798667531798,
      0.019090016279664952,
      0.07805984127867384,
      0.0485254333777208,
      0.08891821047759314,
      0.018123340267510016,
      0.08683430425588197,
      0.10064095176501661,
      0.048727727001877004,
      0.04274682259228115,
      0.024326982062394576
    ],
    [
      0.018485964130671446,
      0.03705504030568506,
      0.06889391247861813,
      0.03654326931482994,
      0.0368435423378597,
      0.03337210211186987,
      0.026789689367065626,
      0.25766966375097344,
      0.008937232606007144,
      0.05069023428170279,
      0.09924081955995723,
      0.07983947884391795,
      0.009418899383641327,
      0.05426513851978418,
      0.005744546153201946,
      0.054237641440680516,
      0.02803892547010084,
      0.048012238354415045,
      0.045921661589017844
    ],
    [
      0.008232506054323987,
      0.017122249291073876,
      0.027524615248990775,
      0.03607930333704241,
      0.06294006373894291,
      0.011335985647007196,
      0.04763604230517761,
      0.035163563460985994,
      0.29679594607339577,
      0.04332420989152909,
      0.002497948336381483,
      0.019652191704179145,
      0.08669296133433986,
      0.023893538879109447,
      0.03491294280849905,
      0.05565745366464321,
      0.06726581599410206,
      0.04943651299804046,
      0.07383614923223569
    ],
    [
      0.01628407145456754,
      0.01154284934449811,
      0.013612297018998328,
      0.01343536220170822,
      0.016203090285560846,
      0.07370255941661169,
      0.055353039703301896,
      0.07964487029733369,
      0.0390275447382549,
      0.2785815478629302,
      0.055730119700298175,
      0.05870224385065239,
      0.06581722771479792,
      0.005420907420237135,
      0.09239750763619319,
      0.05353693055672363,
      0.042368591936314134,
      0.02365206564135839,
      0.0049871732196596075
    ],
    [
      0.019975329192943994,
      0.010167045474573921,
      0.01766079596438713,
      0.04852486249630929,
      0.009725302312347245,
      0.01866680496849285,
      0.038398296054209885,
      0.09918853941961472,
      0.014390448660449853,
      0.01942867142762059,
      0.46691851751109587,
      0.12220931225132423,
      0.00929907788666537,
      0.04999323286498007,
      0.015508500281994757,
      0.02077722183498651,
      0.009968209325375517,
      0.0020008773541005417,
      0.007198954718527767
    ],
    [
      0.07017854924062057,
      0.00022771534857713094,
      0.04675106218932668,
      0.034447036122776914,
      0.007675308277176653,
      0.006603358351545861,
      0.053566607450172686,
      0.03611017722815521,
      0.01626422210359215,
      0.06534826216574922,
      0.0721834106433189,
      0.3930105114460507,
      0.06939822991997531,
      0.04924859127403334,
      0.03142839355724584,
      0.021577032439517183,
      0.01587639017801985,
      0.005751696451028009,
      0.004353445613117869
    ],
    [
      0.06453822449894117,
      0.03221289710548992,
      0.05807608368175608,
      0.0005292495928799663,
      0.047222254532094915,
      0.025282557818642283,
      0.07614791634778809,
      0.03565686726305996,
      0.11313265074166623,
      0.029921259759558415,
      0.06401278609021309,
      0.035789197385254864,
      0.21569690883092887,
      0.08236939645158378,
      0.04331820176013757,
      0.037503571284646896,
      0.010400007464981117,
      0.024182260320624243,
      0.004007709069752693
    ],
    [
      0.028086093087628793,
      0.006000243056054705,
      0.017073457995896563,
      0.036264632632057085,
      0.00854108899787175,
      0.02604517709664045,
      0.02861527373267313,
      0.03511493708319238,
      0.019538811930934395,
      0.027826359966781438,
      0.012107143430028729,
      0.04394034238027742,
      0.028576911406806977,
      0.6295680237047248,
      0.019282372241366762,
      0.01803594931374868,
      0.007581555817225421,
      0.0047386645621190935,
      0.003062961563971347
    ],
    [
      0.04957157447069157,
      0.002502935557525901,
      0.020667431603099914,
      0.08113084778547967,
      0.04125661203685505,
      0.06544498142408606,
      0.06938039324503138,
      0.05728572159622968,
      0.03350371895758658,
      0.08318669975136535,
      0.030726540949149152,
      0.07682873488853881,
      0.06330380204005653,
      0.07424327363298247,
      0.16382212960800602,
      0.02894696362682083,
      0.010288145996624472,
      0.02980924735021863,
      0.018100245479651958
    ],
    [
      0.024208185434498833,
      0.0664891262313274,
      0.03614998939658799,
      0.03229296586716517,
      0.060498448156236416,
      0.012017932584458666,
      0.03375275470894319,
      0.019025439955927828,
      0.09405545650692862,
      0.05073375724688094,
      0.017565373264247463,
      0.041845742999433944,
      0.0883026740899587,
      0.009755252920175447,
      0.013819611855346046,
      0.19875309459652024,
      0.037258423601912956,
      0.09086517451590938,
      0.07261059606754074
    ],
    [
      0.015034044891718898,
      0.08694718332048336,
      0.01794779311387556,
      0.010056209497912623,
      0.009438151354655701,
      0.0175491348317604,
      0.0439691486653532,
      0.036606307959803915,
      0.05788822429394058,
      0.03424341401439202,
      0.025939722665909746,
      0.016497989519601252,
      0.016245257616134275,
      0.022510527886748986,
      0.025162824840828327,
      0.10283605059124246,
      0.3323722519548762,
      0.008636483015715159,
      0.1201192799650474
    ],
    [
      0.01571167957073189,
      0.015340117162789671,
      0.010153611068536395,
      0.020432268724826126,
      0.1514242799593743,
      0.04236483367116432,
      0.03776283366892216,
      0.017002719183997882,
      0.14210200983000243,
      0.035428261861926914,
      0.01508944451252803,
      0.02317518272665681,
      0.033640408997702084,
      0.008419295802275895,
      0.023900844332128367,
      0.05344962436702795,
      0.11498204700822788,
      0.16091491113960119,
      0.07870562641157962
    ],
    [
      0.005436131865844366,
      0.14973171145907707,
      0.007316098128034468,
      0.006055286745088656,
      0.09107931462955028,
      0.01877605538242263,
      0.03137982762685474,
      0.006022131740985962,
      0.024853042288456223,
      0.016689690112940678,
      0.00814705736346898,
      0.018771760756821295,
      0.00097572257758189,
      0.0007588413186522399,
      0.02005842081094052,
      0.07031237772321614,
      0.11462414891951153,
      0.09763633606314233,
      0.31137604448740996
    ]
  ]
}