{
  "poids_LS": 0.4325,
  "poids_EM": 0.5675,
  "mae_validation": 7.300106889417358,
  "matrice_de_transition": [
    [
      0.22736830087455956,
      0.003330846789194643,
      0.012071201016124099,
      0.06842267434684038,
      0.007788377343864557,
      0.04741526735080565,
      0.08873325077477694,
      0.05377908130639078,
      0.06102278788770227,
      0.052579562679419684,
      0.019107104729343693,
      0.16799036076510893,
      0.028147623367702112,
      0.04575665016616479,
      0.008570331856693723,
      0.04397960500263132,
      0.044956838912025884,
      0.007207561179406253,
      0.011772573651244806
    ],
    [
      0.008129520288541726,
      0.5140758052310886,
      0.0027892491850414914,
      0.014782560950964654,
      0.0487449117105903,
      0.009689010821443977,
      0.03845248776877376,
      0.021218833253125017,
      0.05856150028488684,
      0.013349105970324352,
      0.0032336691647598683,
      0.02112091292480622,
      0.012732661122666708,
      0.00020525466656167417,
      0.028937972997848158,
      0.06317155644246755,
      0.07872179027248506,
      0.012716167679155501,
      0.0493670292644685
    ],
    [
      0.02625122799330062,
      0.02239674468725764,
      0.3225209019713844,
      0.020239023498616542,
      0.023839068777882617,
      0.01750751948152864,
      0.058486430323599146,
      0.17023482241125973,
      0.011465762075718509,
      0.03266967074966971,
      0.007818768438069628,
      0.10350768584475978,
      0.025388755215535214,
      0.0380462958576303,
      0.023237480346457957,
      0.026746004301508215,
      0.06294464341017061,
      0.0009865943213184115,
      0.005712600294332233
    ],
    [
      0.025660991075265475,
      0.019640255390261766,
      0.028991664717057133,
      0.17675673036582978,
      0.014066213771280313,
      0.036126336377950506,
      0.07668933811533259,
      0.04433800184773516,
      0.07224536450206982,
      0.07674335389574378,
      0.03715195924177015,
      0.08865782611983583,
      0.060226984986707255,
      0.04314413272959504,
      0.07195322378058285,
      0.05840794285412888,
      0.02801538232893002,
      0.024866006865708973,
      0.016318291034214782
    ],
    [
      0.008104651424907957,
      0.06311014643418668,
      0.011881669302553775,
      0.031060113125765586,
      0.36943636001129954,
      0.01893555856399318,
      0.06503475609521639,
      0.0321003559775742,
      0.10266093263784076,
      0.02543187693733438,
      0.0029524465523407865,
      0.023573371386336667,
      0.01756813837483639,
      0.0037455813769218162,
      0.0005155778667081277,
      0.01235545204471201,
      0.0380208589981013,
      0.07643105989216122,
      0.09708109299720932
    ],
    [
      0.021192302575501663,
      0.008705560600636444,
      0.038579226037152706,
      0.016468431987467776,
      0.014943739086510758,
      0.320427122850369,
      0.03453216724071038,
      0.0156596146586405,
      0.039961361209807235,
      0.05771956323152224,
      0.01837878152944357,
      0.08629613542972134,
      0.03904897277351026,
      0.051312140529456464,
      0.05229682295396203,
      0.05719018937731056,
      0.05768951180788554,
      0.05419049467581544,
      0.015407861444576072
    ],
    [
      0.019214585407291398,
      0.009084445020333995,
      0.048527411946341394,
      0.008536089747316098,
      0.023865587484966543,
      0.04098973547901373,
      0.24805894989335955,
      0.045002021581488326,
      0.05765486543251962,
      0.03805828342421567,
      0.057028709331141056,
      0.06254768536530782,
      0.08251261568049101,
      0.012816193896338859,
      0.06573566209117018,
      0.09164111921152346,
      0.04129378462521431,
      0.03022906145933901,
      0.017203192922627942
    ],
    [
      0.01307262884006984,
      0.026204031618038963,
      0.0487193711297393,
      0.0263416290371079,
      0.02605446763456122,
      0.023599586228643176,
      0.021186742683577155,
      0.41293073946632275,
      0.006622219207265139,
      0.04336929487214817,
      0.07017964498476725,
      0.06738603273018175,
      0.011794667136783406,
      0.03992762616928826,
      0.010194798148662676,
      0.046015810016691486,
      0.03441635361604721,
      0.03395257977087918,
      0.03803177670922506
    ],
    [
      0.005821741041531292,
      0.012108257286834173,
      0.019464447543678834,
      0.025514024478220022,
      0.04450901703657333,
      0.00801641352607674,
      0.07029634024815301,
      0.03717929846264514,
      0.3691179877810776,
      0.056591909248566316,
      0.0017664619076591794,
      0.037330818943540574,
      0.0744905669616151,
      0.01689667702665995,
      0.02468921500787939,
      0.05107845047341597,
      0.05507643605220815,
      0.03495977710453328,
      0.05509215986913192
    ],
    [
      0.013615419070334187,
      0.008162700315268135,
      0.009626141505646793,
      0.01440000382797317,
      0.011458260108480722,
      0.05211987846595281,
      0.06515801928197207,
      0.06822300477559819,
      0.031029497466573998,
      0.377706433913229,
      0.03941039617435416,
      0.06014569748006687,
      0.04801248761400201,
      0.005775756622211348,
      0.06534029356204316,
      0.04766747881046863,
      0.06189586053401446,
      0.016725915578156867,
      0.0035267548936533675
    ],
    [
      0.020778143576184394,
      0.007189779821583427,
      0.012489098703787784,
      0.03925441985420328,
      0.01723886162989114,
      0.01320051317086566,
      0.03859023608922707,
      0.10864508216820412,
      0.010176423196019056,
      0.013739278548504279,
      0.5003333529328994,
      0.11171112116677474,
      0.006575983427641867,
      0.03535346996993918,
      0.010967070292874796,
      0.033100063659286035,
      0.014151301541376725,
      0.0014149506522767071,
      0.005090849598460446
    ],
    [
      0.04962782142561018,
      0.00016103234930532314,
      0.03306071999058304,
      0.024359742055670902,
      0.005427710214701247,
      0.004669664628663272,
      0.05833543986247286,
      0.05218142768517041,
      0.03356977171860127,
      0.06879808392703411,
      0.05104558945804795,
      0.44193475547055794,
      0.06027188012214947,
      0.03482688541808588,
      0.02222506335668164,
      0.023463256737008185,
      0.027114396322701215,
      0.00584815441527995,
      0.0030786048416752533
    ],
    [
      0.0456391805646718,
      0.022779836893913434,
      0.04106938004909231,
      0.00037426684605530334,
      0.03339393077503285,
      0.017878942756485355,
      0.07991070183473792,
      0.044563071029446996,
      0.10351703977019691,
      0.040354314749088085,
      0.045267608855072805,
      0.04605995836060307,
      0.3305792085001007,
      0.05824876322277109,
      0.0306331208708761,
      0.030960731381759556,
      0.008249795665712323,
      0.017686035853094285,
      0.002834112021289288
    ],
    [
      0.019861505080659612,
      0.004243162534967035,
      0.012073753785260186,
      0.025695528654245934,
      0.008244595518405094,
      0.02148140961454152,
      0.04136789062213567,
      0.03515811001867044,
      0.021208925889394138,
      0.0260823218705208,
      0.008561749403789787,
      0.04526734173766924,
      0.020208594670857272,
      0.6499858095475772,
      0.019267444753880054,
      0.023506656629116416,
      0.012268161878208169,
      0.00335101824174777,
      0.0021660195483535695
    ],
    [
      0.035055287865566935,
      0.0017699886964435499,
      0.014615286523064425,
      0.05737290482026133,
      0.029175236549427094,
      0.04628040742450946,
      0.09620414685151844,
      0.06290616669594806,
      0.04332762620360457,
      0.09094441125353368,
      0.021728737680550957,
      0.09518662250334484,
      0.052966980290998736,
      0.05250225269372903,
      0.21671519286237823,
      0.037942957125788275,
      0.011425872238520582,
      0.02108005965264682,
      0.012799862068165092
    ],
    [
      0.017119184092309142,
      0.04701879020096984,
      0.025564011193225777,
      0.02283645872849375,
      0.045506743821857966,
      0.008498662606455194,
      0.04121889873711365,
      0.02670398019809173,
      0.08711149711470283,
      0.05522263465776648,
      0.01242161909963917,
      0.05951125189920715,
      0.09370531893768547,
      0.00689857449495273,
      0.010112897112111323,
      0.2928729266879969,
      0.02887640223749511,
      0.06425668104396084,
      0.054543467135964946
    ],
    [
      0.010631551995078474,
      0.07211097312910668,
      0.012692053074298293,
      0.008308517877080437,
      0.0066743313317970225,
      0.012410135846758912,
      0.04997474560484612,
      0.04852056671563036,
      0.04604270681117279,
      0.02421574760519311,
      0.018343666807356735,
      0.0264843495822352,
      0.020411974850667335,
      0.019168930363290152,
      0.01779427177217455,
      0.08929256422821139,
      0.4047133850659613,
      0.006107419453480813,
      0.10610210788566038
    ],
    [
      0.0111107515967481,
      0.010847995626022603,
      0.007180279478373089,
      0.014448987540609129,
      0.10708196744790643,
      0.029958932222287543,
      0.05809541332452885,
      0.014058895355290228,
      0.11956027053544098,
      0.04411083986744276,
      0.01067072867396842,
      0.03445443556830405,
      0.023789323496817363,
      0.005953832234008188,
      0.017247942234374748,
      0.04881668535498175,
      0.09099400855740558,
      0.27647580579801545,
      0.07514290508747463
    ],
    [
      0.003844242783634489,
      0.10791064743484766,
      0.005173689330416898,
      0.0042820875113243765,
      0.06440811346077231,
      0.013277771251744354,
      0.047460384308530924,
      0.00985164635136567,
      0.029988290746487255,
      0.020951109704832237,
      0.005761314708745977,
      0.02938075254651064,
      0.0006899969629628942,
      0.0005366261038444189,
      0.020858104118263658,
      0.05507821747203835,
      0.10303600946292976,
      0.07236930584427212,
      0.4051416898964759
    ]
  ]
}