{
  "poids_LS": 0.265,
  "poids_EM": 0.735,
  "mae_validation": 7.758426072799242,
  "matrice_de_transition": [
    [
      0.19203160223911678,
      0.004313960158692621,
      0.015634066514275263,
      0.08320352204677811,
      0.010087149511436914,
      0.061410081943334194,
      0.07005299076966662,
      0.04434201718761785,
      0.05288008161970053,
      0.047867588805459764,
      0.024746646653863637,
      0.18017385998194765,
      0.036455512203103176,
      0.05926191695529714,
      0.01109990117122447,
      0.045766843291412194,
      0.03609005788887313,
      0.009334903025310301,
      0.01524729803288975
    ],
    [
      0.01052898222392629,
      0.46377139047429694,
      0.003612507755075764,
      0.01914569568098506,
      0.06313217640050021,
      0.012548762914116867,
      0.03173724808790981,
      0.026458703712787,
      0.059504808261919354,
      0.01268679573126434,
      0.004188100151715424,
      0.014093742855863383,
      0.015107896685794625,
      0.0002658364403926529,
      0.02863822019867002,
      0.07021362392996144,
      0.08927028741900633,
      0.014653708803456716,
      0.06044151227235779
    ],
    [
      0.03399938779749067,
      0.029007237612571565,
      0.2658305623200352,
      0.022856394698436786,
      0.0203921704142083,
      0.020979847016059795,
      0.05146806906823896,
      0.1682383010782462,
      0.007929864984452676,
      0.04048118978165396,
      0.01012651066428401,
      0.11443578130760367,
      0.03288235256990023,
      0.049275819304596076,
      0.030096119920082112,
      0.028575617653724968,
      0.06474828386567777,
      0.0012777917641745066,
      0.007398698178562452
    ],
    [
      0.03323493998294295,
      0.025437158963598938,
      0.03754867588905197,
      0.14261117503386023,
      0.01821791563328816,
      0.04678917574941607,
      0.05843927986738738,
      0.028580939444845355,
      0.05983992694014592,
      0.06997025014749235,
      0.04811751549374636,
      0.07666761197944257,
      0.067380891939923,
      0.05587830406388079,
      0.08918149567417559,
      0.05776756001101687,
      0.030997167403505513,
      0.03220531285690942,
      0.021134702925370685
    ],
    [
      0.01049677321111427,
      0.0817373702715898,
      0.015388593722250264,
      0.04022763550209287,
      0.31609373254893314,
      0.02452446791988544,
      0.05243786941438346,
      0.02866548625893936,
      0.10918397032209863,
      0.018111200761543076,
      0.003823873508318023,
      0.01637012441108085,
      0.022753447939215413,
      0.004851105395660854,
      0.0006677528317717601,
      0.01600221542354771,
      0.04157769869085433,
      0.08566300503999023,
      0.11142367682673059
    ],
    [
      0.027447299370914047,
      0.011275043244877157,
      0.04996604605692906,
      0.021329158609319495,
      0.019354446217771642,
      0.2443984207032045,
      0.02219762656326275,
      0.019097717627608445,
      0.040378680595803476,
      0.05421091862212164,
      0.023803355813464357,
      0.08568223467719746,
      0.050574440508422976,
      0.06645713354916387,
      0.06044594512157963,
      0.06371517845027118,
      0.058207300976041584,
      0.06634722435207091,
      0.015111828939975805
    ],
    [
      0.02488585070371661,
      0.01176575698668808,
      0.06285048067059193,
      0.011055552359960056,
      0.027026922856172066,
      0.05308802744859047,
      0.15449368039494335,
      0.0501145800990135,
      0.0650769837651525,
      0.02453834833182314,
      0.07201898422991443,
      0.05255310150181494,
      0.08707830558906382,
      0.016598947160897024,
      0.08077405597452858,
      0.09805589347837496,
      0.0465924456809207,
      0.039151295458350964,
      0.022280787309482884
    ],
    [
      0.01693106995145609,
      0.033938261214552665,
      0.06309909741032314,
      0.033613010937186376,
      0.033744552795422905,
      0.03056510286881539,
      0.025180332340957234,
      0.3022659301798504,
      0.008272281948921673,
      0.048587411259809435,
      0.09089346090538138,
      0.07626242517295118,
      0.010101300759543838,
      0.05014691688719493,
      0.007022810024238538,
      0.05187605156357729,
      0.02987073993755352,
      0.04397382578254836,
      0.04365541805971566
    ],
    [
      0.007540052274053744,
      0.015682060098366726,
      0.025209460695337346,
      0.03304459557972109,
      0.057646039686134624,
      0.010382491527165468,
      0.0541448512887982,
      0.03574255117422852,
      0.3175692984787938,
      0.04713514481323127,
      0.0022878405323867785,
      0.024730095272931896,
      0.08318801826983382,
      0.021883801964044165,
      0.03197634014236361,
      0.05434220806716305,
      0.06376461111717509,
      0.045278301624373504,
      0.06845223739389737
    ],
    [
      0.015517543642074982,
      0.010571955474400138,
      0.012467337456652674,
      0.013712440115635388,
      0.014840213532569747,
      0.06750327871801819,
      0.05816936362483482,
      0.07636412169002668,
      0.03673023328787847,
      0.307053589600782,
      0.05104253953859085,
      0.05911685287186719,
      0.06070310023903739,
      0.005522832191016962,
      0.08462575465744795,
      0.05185102420407592,
      0.04797748823565359,
      0.021662639559374974,
      0.004567691360062071
    ],
    [
      0.020205924813661978,
      0.009311873425310693,
      0.016175308453363912,
      0.04586207577995969,
      0.011883452329088579,
      0.01709669987768504,
      0.03845342776639567,
      0.10190478042186912,
      0.013180037090879304,
      0.01779448411127867,
      0.47651639577055005,
      0.11919387438661319,
      0.008516912456945854,
      0.045788194586617266,
      0.014204046987247533,
      0.02431676150792361,
      0.011169735812950332,
      0.0018325792588958232,
      0.0065934351627637494
    ],
    [
      0.06427568061290483,
      0.00020856172112671806,
      0.042818729855645,
      0.031549621869459234,
      0.007029721599657121,
      0.006047935686462564,
      0.054936378462216356,
      0.040726387465808506,
      0.021234965078116046,
      0.06633916841633106,
      0.06611190881350704,
      0.40706321983606875,
      0.06677683157379129,
      0.045106186400516515,
      0.02878488381878591,
      0.02211882026964758,
      0.019104328113194284,
      0.005779402462036545,
      0.003987267944724778
    ],
    [
      0.059109775709310614,
      0.02950340108727114,
      0.05319117944684202,
      0.0004847332719835206,
      0.04325028919761965,
      0.02315598753483125,
      0.07722871643446516,
      0.038215032174681765,
      0.11037071993071228,
      0.032917988320380766,
      0.05862853305458769,
      0.03873930958030169,
      0.24869501618271228,
      0.07544112946032908,
      0.03967461469620077,
      0.03562424492956224,
      0.009782393437531569,
      0.022316323505482658,
      0.0036706120451940553
    ],
    [
      0.02572371142605254,
      0.005495549714891225,
      0.015637372743905264,
      0.03322882617034537,
      0.00845592597717388,
      0.024734307713484373,
      0.03227825943496556,
      0.035127337819978635,
      0.020018525514747303,
      0.027325412854025725,
      0.011088785571428181,
      0.04432150177016656,
      0.026173245961374617,
      0.6354327068723526,
      0.019278084558790792,
      0.01960732269156707,
      0.008927708621975785,
      0.004340085299884777,
      0.002805329282889645
    ],
    [
      0.045402002786240875,
      0.0022924082676405444,
      0.01892904950564291,
      0.07430675778483185,
      0.037786429715998084,
      0.05994026336037788,
      0.07708508842987341,
      0.058900104763170064,
      0.03632547954952792,
      0.08541497858709456,
      0.028142065542211374,
      0.0821017451608767,
      0.06033471494192291,
      0.06799851229936711,
      0.17901481798958102,
      0.03153091920631148,
      0.010614939704403142,
      0.02730192747963949,
      0.016577794925288707
    ],
    [
      0.022171982921316686,
      0.060896582903458736,
      0.03310933608285629,
      0.029576735093291465,
      0.05619232031551069,
      0.011007078441840647,
      0.03589728544043896,
      0.02123097811059193,
      0.09206091497937441,
      0.05202311565213529,
      0.016087911961647206,
      0.046919878534475185,
      0.08985449761005043,
      0.00893471762782424,
      0.012754917195055221,
      0.22578751445258272,
      0.03485082172064399,
      0.0832223093697114,
      0.0674211015871945
    ],
    [
      0.013769499059705159,
      0.08268571869104538,
      0.01643816565569911,
      0.009554212968524654,
      0.008644288156600548,
      0.016073039378621676,
      0.04569416055222883,
      0.0400284886662647,
      0.05448578842123069,
      0.031363126854302974,
      0.023757876834197708,
      0.019366412090783346,
      0.01744208065158526,
      0.021550707321500173,
      0.023046325555151178,
      0.09894590025292502,
      0.35315108806125173,
      0.007910049864860613,
      0.11609307096352134
    ],
    [
      0.014390136429268462,
      0.01404982693414381,
      0.009299569016042678,
      0.01871366668255103,
      0.1386876582805484,
      0.038801436446486946,
      0.04360304271893685,
      0.016157152765113772,
      0.1356272549262454,
      0.03792219384223466,
      0.013820238899324737,
      0.02641496811734272,
      0.030810841885745833,
      0.007711130734794745,
      0.021989904367879985,
      0.052118886565695535,
      0.1080918657510768,
      0.19410793407340102,
      0.07768229156316649
    ],
    [
      0.004978887129464933,
      0.1377192781755218,
      0.006700725388293251,
      0.00554596356092232,
      0.08341843769809278,
      0.01719676100446185,
      0.03599871092903833,
      0.007122098703541836,
      0.02632806046257152,
      0.01791371488933506,
      0.0074617908562613095,
      0.021819024355987385,
      0.0008936524542338805,
      0.0006950135441861637,
      0.02028811708006525,
      0.0659366082893672,
      0.1112956407777274,
      0.09037878483006258,
      0.3383087298708651
    ]
  ]
}