{
  "poids_LS": 0.6625,
  "poids_EM": 0.3375,
  "mae_validation": 6.6805520329438135,
  "matrice_de_transition": [
    [
      0.2758903348217347,
      0.001980900072869061,
      0.007178908093289663,
      0.0481265849678214,
      0.004631854367496543,
      0.028198507014796318,
      0.11438375705045081,
      0.0667374380067954,
      0.07220381739003301,
      0.05904973576008107,
      0.011363256116570039,
      0.15126077975094232,
      0.01673977601162901,
      0.027212104724371137,
      0.005096893394950012,
      0.04152548675535013,
      0.05713212031695204,
      0.004286435062642486,
      0.007001310321224885
    ],
    [
      0.004834736735476358,
      0.5831505240016086,
      0.0016588045814123406,
      0.008791390873921712,
      0.02898926467369908,
      0.005762187052400603,
      0.047673413897721284,
      0.014023787248813039,
      0.05726621171940936,
      0.014258546895600788,
      0.0019231072125223886,
      0.030770161377682948,
      0.009471143632998523,
      0.0001220677532415243,
      0.02934957385642112,
      0.05350185183277448,
      0.06423728672800809,
      0.010055663448771745,
      0.034160276477516044
    ],
    [
      0.015611963784562043,
      0.013319649924140005,
      0.4003643534329385,
      0.016645021254087247,
      0.028572123247405563,
      0.012739547344560483,
      0.06812358309215343,
      0.17297631439092012,
      0.016321023753277566,
      0.021943405810228668,
      0.0046499283662528625,
      0.08850194282115323,
      0.015099039445362353,
      0.0226266517214982,
      0.013819646902078523,
      0.024233699399956857,
      0.06046800278469812,
      0.0005867411162025796,
      0.003397361408523575
    ],
    [
      0.015260941828902376,
      0.011680328095530126,
      0.017241738928646312,
      0.22364316455301186,
      0.008365369423448645,
      0.021484825599221668,
      0.101749119590123,
      0.06597456514722565,
      0.08927969667665189,
      0.08604373516199951,
      0.022094777522638637,
      0.10512200076037581,
      0.05040370976736624,
      0.025658404927292204,
      0.04829649222520178,
      0.05928727451929761,
      0.023920990883244266,
      0.014788153862866572,
      0.009704710526955929
    ],
    [
      0.004819946882654511,
      0.03753246594103613,
      0.007066190994910836,
      0.018471873444838565,
      0.44268295294469817,
      0.011261235269335151,
      0.08233197362710636,
      0.03681689350166979,
      0.09370392566841203,
      0.03548414870110752,
      0.0017558602844317452,
      0.033464397083702864,
      0.010448011808823404,
      0.0022275483959667193,
      0.0003066211982625429,
      0.007347956061833133,
      0.033136840315515045,
      0.0637543590921572,
      0.07738679878353834
    ],
    [
      0.012603351751950329,
      0.005177315775708899,
      0.022943592577161304,
      0.009794001402238545,
      0.008887245712242081,
      0.42482474370916207,
      0.051469148469444434,
      0.010938637447520334,
      0.03938832563500644,
      0.06253740359069919,
      0.010930112363325471,
      0.08713910362721683,
      0.023222957376316675,
      0.030516030711350763,
      0.041106983559621446,
      0.04823050288906612,
      0.05697851772623844,
      0.03749767183677807,
      0.015814353838952563
    ],
    [
      0.011427176343543342,
      0.0054026435142955475,
      0.028859914593639156,
      0.005076529144879618,
      0.019524649363311206,
      0.024377155461087464,
      0.3765366333837221,
      0.03798179197533438,
      0.04746329996084463,
      0.05662297041675466,
      0.036445048276108984,
      0.0762715915659249,
      0.07624331013439103,
      0.007621965533064961,
      0.04508592720655865,
      0.08283277245704078,
      0.03401801123528912,
      0.017977635669650955,
      0.010230973764558468
    ],
    [
      0.007774470896076777,
      0.01558389545566194,
      0.028974075341474916,
      0.016357044935507603,
      0.015494947712183987,
      0.014034996215272376,
      0.015703007631652263,
      0.5648883880387924,
      0.004356461412751687,
      0.03620412013088196,
      0.04173679327287921,
      0.05519755355503568,
      0.01411988663985863,
      0.025895167273058215,
      0.014550363931454032,
      0.03796891117619158,
      0.04065809180144153,
      0.02019206285933343,
      0.03030976172049169
    ],
    [
      0.0034622689013512095,
      0.007200945963535742,
      0.01157577276826715,
      0.015173538786606622,
      0.026470120264041413,
      0.0047674705992086334,
      0.09247450419234171,
      0.039152145485545575,
      0.4399012626439152,
      0.0695773171299219,
      0.001050539019973521,
      0.054633305177809205,
      0.06254779800107599,
      0.010048684575326403,
      0.01468301333067717,
      0.04659687288200208,
      0.04314640461971624,
      0.020791056868334774,
      0.03674697879034951
    ],
    [
      0.011003546524063245,
      0.0048544693504898595,
      0.00572479781172827,
      0.01534412116431759,
      0.006814383764955496,
      0.030996403492967534,
      0.07475438227386202,
      0.05704415766921876,
      0.023201621413439504,
      0.4747222798347981,
      0.023437900808536617,
      0.06155843933013211,
      0.030586571770669837,
      0.006123055841164834,
      0.038858764893726104,
      0.04192290901626161,
      0.08100765533176373,
      0.00994713040991708,
      0.0020974092979876855
    ],
    [
      0.021563876802334576,
      0.004275860246316135,
      0.007427437555116083,
      0.03018122067256762,
      0.024592557983231976,
      0.00785052545403905,
      0.03877809229371197,
      0.11790042187958953,
      0.0060520578478527425,
      0.008170936581709594,
      0.5330372344095582,
      0.10143629584998162,
      0.003910827148597586,
      0.021025191391814052,
      0.006522266473736113,
      0.045160717359664294,
      0.018245391795335353,
      0.0008414904760235924,
      0.003027597778820089
    ],
    [
      0.029514343138578748,
      9.576813725206443e-05,
      0.01966166166840842,
      0.014487071266588424,
      0.0032279333875976576,
      0.0027771133254164836,
      0.06300280775536239,
      0.06791073664310018,
      0.05050711815031232,
      0.07217450522531293,
      0.030357509149059353,
      0.4898180581328416,
      0.05133970797959651,
      0.02071202436758412,
      0.013217548692299654,
      0.02530934860263768,
      0.03811329595366595,
      0.0059425600824201475,
      0.0018308883419654591
    ],
    [
      0.027142243948152834,
      0.013547480091093893,
      0.024424521174570318,
      0.00022258160448222885,
      0.01985982667237637,
      0.010632851419055168,
      0.08359342805600799,
      0.05327978109867687,
      0.09410601626620566,
      0.0505653898452235,
      0.026921265178127003,
      0.05611219250668855,
      0.4430172039209922,
      0.034641334956273556,
      0.018217935319684027,
      0.024557100838508115,
      0.006145333053662013,
      0.011328028927426669,
      0.0016854851227931888
    ],
    [
      0.011811908307881269,
      0.0025234667058173996,
      0.007180426259956499,
      0.015351299229154177,
      0.007954410410841982,
      0.017014743568231926,
      0.053849175237354316,
      0.035200364381053215,
      0.022843505508312184,
      0.024375390967797624,
      0.005091789293002737,
      0.046566107066180376,
      0.012018327227161814,
      0.6699691744150498,
      0.019252834872510085,
      0.028860965916497602,
      0.016855052916616816,
      0.0019928963111715816,
      0.0012881614054085105
    ],
    [
      0.020847858422253465,
      0.0010526364494267808,
      0.00869191048728501,
      0.03412045000323912,
      0.017350911604284838,
      0.027523590318540868,
      0.12245718229616534,
      0.06840702785737457,
      0.0529425141465158,
      0.09853706506416651,
      0.012922377034688896,
      0.11315391676464434,
      0.042850090919580475,
      0.03122380666807674,
      0.26848287179218927,
      0.04674754650775641,
      0.012539391539099755,
      0.012536599352895687,
      0.0076122527718162445
    ],
    [
      0.010181012565910724,
      0.0279627166393433,
      0.015203266568658502,
      0.01358115386936853,
      0.030834011920125862,
      0.0050542707130900935,
      0.04852618863702516,
      0.03421914724361385,
      0.0803152815393329,
      0.05961600403863318,
      0.00738730651300127,
      0.07680089890749581,
      0.09899301389503504,
      0.00410267646175603,
      0.006485048640009252,
      0.384990209160506,
      0.020672721753171256,
      0.03821432573098993,
      0.036860745202933316
    ],
    [
      0.006322729160068696,
      0.057590426984355035,
      0.007548137290882245,
      0.006598011184351066,
      0.003969315990275763,
      0.007380477265693627,
      0.055852563886051955,
      0.06018133060431158,
      0.034449221615272405,
      0.014401435800445242,
      0.010909229158560173,
      0.03625823389885565,
      0.024490038527018837,
      0.015898430659479386,
      0.010582496428385746,
      0.07603723714950013,
      0.4755153451321297,
      0.0036321657542727303,
      0.09238317351009012
    ],
    [
      0.006607715707317151,
      0.006451451143229301,
      0.004270210262468577,
      0.008593010211375474,
      0.06368310839412938,
      0.017816986123386867,
      0.07799538490235668,
      0.011177706076129544,
      0.09749814271523194,
      0.05260868217071359,
      0.0063460280660164615,
      0.04549370430693751,
      0.014147835559781252,
      0.0035408253374057505,
      0.010736591245083967,
      0.04428231951340461,
      0.06751635390340929,
      0.389577958016889,
      0.07165598634473358
    ],
    [
      0.0022862236818971633,
      0.06697939328347421,
      0.0030768636987060847,
      0.0025466159208316777,
      0.0383043846572875,
      0.007896471889803912,
      0.06319880148634165,
      0.013599681927481979,
      0.03501427859902827,
      0.02512186079476866,
      0.0034263325360383567,
      0.03976402110663212,
      0.00041035061674004724,
      0.0003191388723303813,
      0.021640772887133113,
      0.040168188290034566,
      0.09169442616499865,
      0.047639872013037446,
      0.4969123215734342
    ]
  ]
}