{
  "poids_LS": 0.2975,
  "poids_EM": 0.7025,
  "mae_validation": 7.669120613199015,
  "matrice_de_transition": [
    [
      0.1988879766012176,
      0.004123206818342267,
      0.014942764253439964,
      0.08033559637365587,
      0.009641119090863173,
      0.05869467015672418,
      0.07367751883035967,
      0.04617308933006632,
      0.05446000970155161,
      0.048781852392944525,
      0.02365240717597171,
      0.17780989744733716,
      0.03484353377235372,
      0.05664149205591325,
      0.010609089214673727,
      0.04542006571299202,
      0.0378104780873953,
      0.008922135204463248,
      0.014573097779734761
    ],
    [
      0.01006341498273227,
      0.4735319485614356,
      0.0034527710176064275,
      0.018299117300533338,
      0.06034061758006993,
      0.011993885642404218,
      0.03304020504091326,
      0.025442012429569002,
      0.05932177835592797,
      0.012815303688096878,
      0.004002912049768824,
      0.015457223615509007,
      0.014647030083993685,
      0.00025408176785828387,
      0.02869638118955533,
      0.06884725262641786,
      0.08722356409206938,
      0.014277767988293794,
      0.05829273198724494
    ],
    [
      0.032496013507125436,
      0.02772460465691364,
      0.2768301804613417,
      0.022348546555188083,
      0.021060971589249584,
      0.020306111822792558,
      0.052829840655099894,
      0.16862568581450255,
      0.00861593456932515,
      0.03896552190977642,
      0.009678739784570772,
      0.1123154045760071,
      0.031428370993680156,
      0.047096956546229585,
      0.028765339107289366,
      0.028220618048070967,
      0.06439832377729579,
      0.0012212907677994433,
      0.007071544857741663
    ],
    [
      0.03176536780682643,
      0.024312386628473816,
      0.03588836028851566,
      0.14923643203857073,
      0.01741236154065977,
      0.04472026661763917,
      0.061980335945346895,
      0.0316382799110777,
      0.06224695213872817,
      0.07128443445685456,
      0.045989870250825605,
      0.07899407143951886,
      0.06599282044153786,
      0.05340749470051192,
      0.08583869665004565,
      0.05789181339848637,
      0.03041861209052818,
      0.0307812684108556,
      0.020200175244997152
    ],
    [
      0.010032630177969761,
      0.07812313281060114,
      0.01470814570051811,
      0.03844886250370101,
      0.32644379459386985,
      0.02344005267172724,
      0.05488204145693314,
      0.02933195351777896,
      0.10791830629380979,
      0.01953163046729363,
      0.0036547906661134845,
      0.017767769346578248,
      0.021747343098365752,
      0.0046366007353085045,
      0.0006382263460131449,
      0.015294634469445264,
      0.04088756561614106,
      0.08387173210085923,
      0.10864078742697272
    ],
    [
      0.026233643276281794,
      0.010776486910920004,
      0.04775666306801723,
      0.020386032548363194,
      0.01849863737140759,
      0.25915025843325135,
      0.02459089564993169,
      0.01843062302168929,
      0.0402977081776251,
      0.054891700412005334,
      0.022750826474773757,
      0.08580134974858268,
      0.04833815572403693,
      0.06351855281399676,
      0.05886477216368368,
      0.062449135794323596,
      0.05810683442102623,
      0.06398845590742433,
      0.015169268082659438
    ],
    [
      0.023785455944708735,
      0.011245502426052214,
      0.06007137778379706,
      0.010566701405267945,
      0.026413529425938158,
      0.05074059766344872,
      0.17264813567075543,
      0.04912259113292652,
      0.0636368712528506,
      0.0271616193198993,
      0.06911042342865989,
      0.05449234911711953,
      0.0861924254575497,
      0.015864980109564844,
      0.07785615865387696,
      0.09681123578480674,
      0.04556434726712692,
      0.03742011572719939,
      0.021295582428451327
    ],
    [
      0.01618241719850055,
      0.03243758980030374,
      0.060309001266329265,
      0.03220214579239503,
      0.032252446719434814,
      0.029213584714752126,
      0.024405456735793935,
      0.3237382066085689,
      0.007952120521436078,
      0.047574940915934866,
      0.08687436229391894,
      0.07454014007211532,
      0.010429864384978381,
      0.04816406943446677,
      0.00763827040658949,
      0.050738989770897955,
      0.030752724681141846,
      0.042029404914612545,
      0.04256426376782942
    ],
    [
      0.0072066486020717765,
      0.01498863567224847,
      0.024094756650985694,
      0.03158343999286267,
      0.0550970651421899,
      0.009923401765760193,
      0.057278722280911826,
      0.036021323036160104,
      0.3275712829702817,
      0.04897003940516195,
      0.0021866775156485878,
      0.02717501180603507,
      0.0815004530906272,
      0.02091615085679051,
      0.030562420340150255,
      0.0537089416683763,
      0.0620788458060621,
      0.043276199851867196,
      0.06585998354580856
    ],
    [
      0.015148474695319304,
      0.010104488055464078,
      0.0119160606303381,
      0.013845848000118838,
      0.01418401361446292,
      0.06451843986313983,
      0.059525371438906224,
      0.0747845019902122,
      0.03562412036732685,
      0.32076235043752543,
      0.048785556497768806,
      0.05931647943763728,
      0.058240742565523064,
      0.005571907080651694,
      0.0808837995195336,
      0.05103929151576406,
      0.05067806793533555,
      0.020704767742123698,
      0.0043657186128484415
    ],
    [
      0.020316952334748416,
      0.008900123920109882,
      0.015460073725834217,
      0.04457999328690248,
      0.012922561596408477,
      0.01634072335248128,
      0.03847997266485549,
      0.10321260016369532,
      0.012597246335160153,
      0.017007653181188118,
      0.481137596413991,
      0.11774199689619678,
      0.008140314287080902,
      0.0437635465266648,
      0.013575976882369242,
      0.02602098431341184,
      0.011748248566227096,
      0.001751546842686144,
      0.0063018887099884815
    ],
    [
      0.06143355868104168,
      0.0001993396042061489,
      0.04092538465794641,
      0.030154570562306273,
      0.00671888356974031,
      0.005780509958829866,
      0.05559589783838553,
      0.042949007209863804,
      0.02362828576955348,
      0.06681627142587046,
      0.0631885931176717,
      0.41382933869052185,
      0.0655146768145175,
      0.04311169516511953,
      0.0275120828336015,
      0.0223796810767474,
      0.020658520452352346,
      0.005792742393262877,
      0.003810960178461437
    ],
    [
      0.05649607814393293,
      0.02819882893035099,
      0.050839188518920435,
      0.00046329948784819486,
      0.0413378614439834,
      0.022132083324107422,
      0.07774910166138375,
      0.03944674120620338,
      0.10904090139210482,
      0.034360857627443384,
      0.056036114926323606,
      0.04015973397050942,
      0.2645829937965339,
      0.07210529720528051,
      0.037920294998749715,
      0.03471938409192889,
      0.009485023720611416,
      0.02141790948337745,
      0.003508306070406563
    ],
    [
      0.02458626840381212,
      0.005252549217293995,
      0.014945924289242787,
      0.031767141577669356,
      0.008414921559800831,
      0.02410314838085367,
      0.03404191921755081,
      0.03513330854509794,
      0.02024949872176833,
      0.027084216096032232,
      0.010598465120990882,
      0.044505022957890966,
      0.025015925561721997,
      0.6382564432123216,
      0.019276020119031994,
      0.02036390987347963,
      0.00957585626870744,
      0.004148176766216403,
      0.0026812841105169735
    ],
    [
      0.043394431234468324,
      0.002191043276214262,
      0.01809205071797843,
      0.07102108482155697,
      0.03611560119114103,
      0.057289843551925804,
      0.08079475648183439,
      0.0596774003620673,
      0.0376841050197219,
      0.08648785358207528,
      0.026897688494426517,
      0.08464060195866903,
      0.058905154487265986,
      0.06499177536095974,
      0.18632981609922822,
      0.03277504596680698,
      0.010772284822963243,
      0.026094699393805095,
      0.01584476317689159
    ],
    [
      0.021191589118673432,
      0.05820387685670716,
      0.031645317820689176,
      0.02826892027624116,
      0.054118999503309416,
      0.01052037089169123,
      0.03692983727412211,
      0.02229290388876353,
      0.09110058016981125,
      0.05264391784725776,
      0.015376541704839678,
      0.04936298082912467,
      0.09060167189750201,
      0.008539645079655142,
      0.012242286432692973,
      0.23880408697587202,
      0.03369160600003302,
      0.07954241133635681,
      0.06492245609665742
    ],
    [
      0.013160643659105952,
      0.08063390238798265,
      0.01571130799065119,
      0.009312510935856375,
      0.008262057727907328,
      0.015362326753036363,
      0.046524721831094865,
      0.04167620530270878,
      0.05284757855659259,
      0.029976321925371207,
      0.022707358470780804,
      0.020747504439871015,
      0.018018328779765364,
      0.021088571493787782,
      0.02202727034352885,
      0.09707286490484626,
      0.3631557128532103,
      0.007560285755189905,
      0.1141545258887125
    ],
    [
      0.01375383787967496,
      0.013428576083314324,
      0.00888836358336052,
      0.01788619162515932,
      0.13255521080555818,
      0.03708572667164229,
      0.04641499522449947,
      0.015750028193058457,
      0.132509780342955,
      0.03912297590682728,
      0.013209139900375004,
      0.02797486478693223,
      0.029448457720729862,
      0.007370162368970488,
      0.021069822162871506,
      0.05147816095764659,
      0.10477437107170774,
      0.21008975993041576,
      0.07718957478430091
    ],
    [
      0.004758732256393354,
      0.1319355140019582,
      0.006404434809899332,
      0.005300733879657047,
      0.07972986732368731,
      0.016436360007665917,
      0.038222617704163755,
      0.0076517124262539225,
      0.02703825439825666,
      0.01850306015204347,
      0.007131847723161319,
      0.02328622534817846,
      0.0008541372096589131,
      0.0006642816527765714,
      0.020398711580014196,
      0.06382975633973623,
      0.10969302574649802,
      0.0868844083104316,
      0.3512763191295657
    ]
  ]
}