{
  "poids_LS": 0.435,
  "poids_EM": 0.565,
  "mae_validation": 7.293305549161192,
  "matrice_de_transition": [
    [
      0.22789571428702887,
      0.0033161734553215387,
      0.012018023919136766,
      0.06820206467967713,
      0.00775406731151273,
      0.04720638952106642,
      0.08901206062559947,
      0.05391993300965604,
      0.06114432081707542,
      0.05264989064768774,
      0.019022932461813545,
      0.1678085174932158,
      0.028023625026875228,
      0.04555507902005834,
      0.008532577090805203,
      0.0439529298042913,
      0.045089178927296816,
      0.007175809808571863,
      0.011720712093309806
    ],
    [
      0.008093707423834494,
      0.5148266173916378,
      0.002776961743697696,
      0.014717439537083751,
      0.04853017641671104,
      0.009646327954389156,
      0.03855271522669711,
      0.021140626231339013,
      0.05854742106134904,
      0.013358991197773007,
      0.003219423926148591,
      0.021225796060163574,
      0.012697209845605096,
      0.0002043504609821073,
      0.02894244692022395,
      0.0630664509575796,
      0.07856435001656684,
      0.012687249154912199,
      0.049201738473305966
    ],
    [
      0.026135583817118675,
      0.022298080613745486,
      0.32336702644379256,
      0.020199958256828177,
      0.02389051502211656,
      0.017455693697431156,
      0.058591181984126904,
      0.1702646212371256,
      0.011518536659170239,
      0.03255308091337144,
      0.007784324524245531,
      0.10334457994232926,
      0.025276910478902896,
      0.037878691030063645,
      0.023135112591627743,
      0.026718696639534828,
      0.062917723403372,
      0.000982248090828022,
      0.005687434654269095
    ],
    [
      0.025547947061718045,
      0.019553734441405984,
      0.02886394813240049,
      0.17726636552003827,
      0.01400424807184736,
      0.03596718952165997,
      0.07696172704440639,
      0.04457318188359919,
      0.07243052028657615,
      0.07684444499646395,
      0.03698829422308394,
      0.0888367845398417,
      0.06012021025606225,
      0.04295407047087435,
      0.0716960853941113,
      0.05841750080701115,
      0.027970878074085607,
      0.024756464985243292,
      0.01624640428957066
    ],
    [
      0.00806894811466607,
      0.06283212816795677,
      0.011829327147035915,
      0.030923284433581593,
      0.37023251863014084,
      0.018852142006442547,
      0.06522276932925866,
      0.03215162268979263,
      0.10256357386643392,
      0.025541140760853655,
      0.0029394401798635136,
      0.023680882535221083,
      0.01749074569477103,
      0.003729081018433174,
      0.0005133065985728495,
      0.01230102274055028,
      0.03796777183850797,
      0.07629326966607422,
      0.09686702458184333
    ],
    [
      0.0210989444143761,
      0.00866721011340897,
      0.0384092734995441,
      0.016395883828932672,
      0.014877907636790444,
      0.32156187959883414,
      0.03471626486276183,
      0.015608299688954408,
      0.03995513256225505,
      0.05777193106151329,
      0.018297817734159675,
      0.08630529812752019,
      0.03887695086701902,
      0.051086095857520525,
      0.05217519426489311,
      0.0570928014806992,
      0.05768178361134589,
      0.05400905094930415,
      0.01541227984016712
    ],
    [
      0.019129939656598483,
      0.009044425438746619,
      0.04831363480120332,
      0.008498485827724396,
      0.023818403374948553,
      0.04080916395707975,
      0.2494554464530374,
      0.04492571473794317,
      0.05754408754695793,
      0.03826007350022152,
      0.05680497388489071,
      0.06269685825879279,
      0.08244447105498992,
      0.01275973489239023,
      0.06551120845112006,
      0.0915453763120182,
      0.041214700131845555,
      0.03009589378771196,
      0.01712740793177936
    ],
    [
      0.013015040166765565,
      0.026088595355404427,
      0.048504748349432074,
      0.026233100949047024,
      0.025939690244100595,
      0.023495623293715233,
      0.021127136867795358,
      0.41458245303776264,
      0.0065975914051508615,
      0.043291412538003976,
      0.0698704835531163,
      0.06725354926088668,
      0.01181994126181683,
      0.03977509944215532,
      0.010242141254997365,
      0.04592834372494692,
      0.034484198596323234,
      0.03380300893488411,
      0.03794784176369534
    ],
    [
      0.005796094605224986,
      0.012054916946363537,
      0.019378701078728706,
      0.025401627894615527,
      0.0443129420716545,
      0.007981098929045563,
      0.07053740724754637,
      0.03720074245202449,
      0.3698873712034998,
      0.056733054986407135,
      0.001758680137140857,
      0.037518889446086966,
      0.07436075425552229,
      0.016822242326101976,
      0.024580451946170666,
      0.051029737673509296,
      0.05494676179750715,
      0.034805769275878945,
      0.054892755726971235
    ],
    [
      0.01358702915135298,
      0.008126741283042282,
      0.009583735595930287,
      0.014410265972933435,
      0.011407783191703273,
      0.05189027547711601,
      0.06526232757536218,
      0.06810149556792015,
      0.030944411857300794,
      0.3787609539775939,
      0.03923678209429093,
      0.06016105336974149,
      0.04782307548527013,
      0.0057795316137217115,
      0.06505245085912666,
      0.04760503783444464,
      0.06210359743398999,
      0.016652233130676,
      0.003511218528483088
    ],
    [
      0.020786684154729503,
      0.007158106782721825,
      0.01243408064782396,
      0.03915579812396811,
      0.01731879311199267,
      0.013142361130465371,
      0.038592278004493205,
      0.10874568368680615,
      0.010131593137886813,
      0.013678753092343466,
      0.5006888299054717,
      0.11159943828289653,
      0.0065470143376522546,
      0.0351977278114813,
      0.010918757207884157,
      0.03323115772124667,
      0.014195802522398014,
      0.001408717389491347,
      0.005068422948246963
    ],
    [
      0.049409196661620705,
      0.00016032295569604857,
      0.032915078052298534,
      0.024252430416659136,
      0.005403799597015337,
      0.004649093418845372,
      0.05838617212217818,
      0.05235239843471312,
      0.03375387331025031,
      0.06883478415853714,
      0.050820719019906764,
      0.44245522615166966,
      0.060174791294513016,
      0.03467346301536303,
      0.02212715558859053,
      0.023483322952938944,
      0.027233949579559526,
      0.005849180563835821,
      0.0030650427058088424
    ],
    [
      0.045438126905796586,
      0.022679485189534956,
      0.040888457670021416,
      0.000372618093429509,
      0.03324682094783006,
      0.01780018089412198,
      0.07995073146757782,
      0.044657817878025585,
      0.10341474603645787,
      0.0404653046957852,
      0.045068192075975566,
      0.04616922177523443,
      0.3318013606242408,
      0.0579921607416135,
      0.0304981732018414,
      0.030891126701941607,
      0.008226921072103079,
      0.017616927082163114,
      0.0028216269463056344
    ],
    [
      0.019774009463564196,
      0.004224470188998016,
      0.01202056544259384,
      0.02558309137788624,
      0.00824144133245332,
      0.021432858896646846,
      0.04150355675925761,
      0.035158569305218074,
      0.021226693059164983,
      0.02606376827375207,
      0.00852403244606384,
      0.04528145875210958,
      0.020119570024730145,
      0.6502030200352671,
      0.019267285950821684,
      0.02356485564310969,
      0.01231801938949522,
      0.0033362560468502027,
      0.00215647761201721
    ],
    [
      0.03490085928466135,
      0.0017621913894107586,
      0.014550902000936386,
      0.05712016074616326,
      0.02904671127828424,
      0.04607652897770544,
      0.0964895059324385,
      0.062965958665094,
      0.043432135855157955,
      0.09102694009930143,
      0.02163301636918289,
      0.09538191918009808,
      0.052857014102178974,
      0.05227096523692846,
      0.21727788502465875,
      0.03803865918428793,
      0.011437975709179052,
      0.02098719595373648,
      0.01274347501059608
    ],
    [
      0.017043769184413506,
      0.04681165896660433,
      0.025451394403828303,
      0.022735857588720647,
      0.04534725760553479,
      0.008461223564136007,
      0.041298325801243124,
      0.026785666796412623,
      0.08703762520627488,
      0.055270388672775894,
      0.012366898310653974,
      0.05969918284494941,
      0.09376279388287403,
      0.006868184298939722,
      0.010073463976544995,
      0.29387420149748067,
      0.028787231797448107,
      0.06397361196447202,
      0.054351263636692855
    ],
    [
      0.01058471696426315,
      0.07195314110579415,
      0.012636140946217683,
      0.008289925413029031,
      0.006644928991128312,
      0.01235546564479081,
      0.05003863493398966,
      0.04864731414920299,
      0.045916690667739096,
      0.02410907030296759,
      0.01826285770247851,
      0.02659058745524194,
      0.02045630162975811,
      0.01913338145346612,
      0.01771588290974206,
      0.08914848458605149,
      0.4054829715884196,
      0.006080514521967681,
      0.105952989033752
    ],
    [
      0.011061805554471674,
      0.010800207099035718,
      0.007148648291243691,
      0.014385335613117457,
      0.10661024071906103,
      0.02982695454729949,
      0.05831171736341828,
      0.014027578080516741,
      0.1193204647982648,
      0.04420320771856527,
      0.010623721058664593,
      0.03457442761981093,
      0.023684524714893053,
      0.005927603898175552,
      0.017177166680143324,
      0.048767398769747214,
      0.09073881665899257,
      0.2777051770177858,
      0.07510500379679266
    ],
    [
      0.0038273077933982137,
      0.10746574249841968,
      0.005150897747463519,
      0.004263223689688586,
      0.06412437727812573,
      0.013219278867375435,
      0.04763145406046365,
      0.009892385868497368,
      0.03004292104923227,
      0.020996443955809806,
      0.0057359344677382846,
      0.029493614161294566,
      0.0006869573287648197,
      0.0005342621121975271,
      0.020866611387490498,
      0.054916151937451356,
      0.1029127313836044,
      0.07210050765045435,
      0.40613919676252985
    ]
  ]
}