{
  "poids_LS": 0.11,
  "poids_EM": 0.89,
  "mae_validation": 8.186795495792,
  "matrice_de_transition": [
    [
      0.15933197066602045,
      0.005223706858825079,
      0.018931046527489774,
      0.0968813214108996,
      0.012214371517250142,
      0.07436050738716658,
      0.05276678001866901,
      0.03560921158517126,
      0.045345039998564596,
      0.04350725477284014,
      0.029965327240732843,
      0.19144814283932082,
      0.04414340933436983,
      0.07175932801389721,
      0.013440696656312623,
      0.047420705588493,
      0.027884976942075063,
      0.011303488017042406,
      0.018462714624859697
    ],
    [
      0.01274937983577469,
      0.4172210365202509,
      0.004374329118391061,
      0.023183223341600955,
      0.07644576462101386,
      0.015195100671515662,
      0.02552314569666256,
      0.031307539063518984,
      0.06037772012126287,
      0.012073911629447612,
      0.005071304945614595,
      0.007590988463707327,
      0.01730587586361449,
      0.00032189718632579737,
      0.02836083701137085,
      0.07673016399301548,
      0.09903158328593648,
      0.01644665730654142,
      0.07068954132443445
    ],
    [
      0.04116932672077102,
      0.035124410170324756,
      0.21337084503072695,
      0.025278439689315226,
      0.017202503271703702,
      0.024193045630103552,
      0.0449734661155176,
      0.16639077387456203,
      0.004657840810445487,
      0.04770975963214683,
      0.012262033321377918,
      0.12454834725829504,
      0.03981672624110368,
      0.05966731861372858,
      0.03644292071955521,
      0.030268692696074795,
      0.06641732428719184,
      0.0015472580545786542,
      0.008958967862476982
    ],
    [
      0.0402436688228833,
      0.03080145779265722,
      0.04546710413776361,
      0.11101379547293319,
      0.02205978899813124,
      0.05665628083942898,
      0.04155116626481123,
      0.013999777221275676,
      0.04836026830075365,
      0.06370260190284176,
      0.05826474665229151,
      0.06557218993907865,
      0.0740009252399137,
      0.06766216410456315,
      0.10512407563541065,
      0.057174966932316204,
      0.033756431203858954,
      0.03899690944578147,
      0.025591681093306
    ],
    [
      0.012710378446111156,
      0.09897450277784343,
      0.018633807364357463,
      0.04871101441750021,
      0.26673189818077314,
      0.029696294488024546,
      0.040781048903761954,
      0.02548695010139668,
      0.11522021414932233,
      0.01133684370334814,
      0.0046302686019088985,
      0.009704433180247109,
      0.027551794103267645,
      0.005874127621956681,
      0.0008085714561590021,
      0.01937683228157478,
      0.04486910258564072,
      0.09420599905738425,
      0.12469591857942192
    ],
    [
      0.03323550536069864,
      0.013652773452980502,
      0.060503103388662396,
      0.02582714443849572,
      0.02343599610043097,
      0.17404350229836574,
      0.010783573996072408,
      0.022279245748145948,
      0.0407648567440388,
      0.05096411316267631,
      0.028823111121065687,
      0.08511414741366789,
      0.06123979871087953,
      0.08047190320919163,
      0.06798692384385263,
      0.06975322804017503,
      0.05868644916149941,
      0.07759673539577001,
      0.01483788841333078
    ],
    [
      0.030133887246677257,
      0.014246971045105295,
      0.07610466366915214,
      0.013386995374645511,
      0.02995233767728762,
      0.06428346180849731,
      0.06791089369491635,
      0.05484560439881289,
      0.07194521266997694,
      0.012027363619459903,
      0.08589058189743604,
      0.043304382105746914,
      0.09130327237013118,
      0.020099405405712045,
      0.09469018165763636,
      0.10399195324770023,
      0.05149568426978333,
      0.0474076910992277,
      0.026979456742094923
    ],
    [
      0.020501567696320982,
      0.04109530949789371,
      0.07640570978937089,
      0.040341752396960494,
      0.040860751003981476,
      0.03701080483434789,
      0.028875892919428357,
      0.19985968875057736,
      0.009799205680006827,
      0.053416115976749716,
      0.11006146966774072,
      0.08447640026924526,
      0.008534305007471404,
      0.05960357396943691,
      0.0040875374314878424,
      0.05729896165174027,
      0.025664351160439955,
      0.05324721761424223,
      0.04885938468255771
    ],
    [
      0.00913013132504467,
      0.018989161207546106,
      0.03052574152224522,
      0.040013183763199685,
      0.06980268751110179,
      0.012571996543098323,
      0.03919869732641017,
      0.03441302383270866,
      0.26986752628862065,
      0.03838410906710033,
      0.002770310304522766,
      0.013069724115055206,
      0.09123640604758844,
      0.026498753398638514,
      0.03871964996830424,
      0.05736240166137676,
      0.07180441490863704,
      0.05482678700094207,
      0.08081529420785943
    ],
    [
      0.017277718618909747,
      0.01280141547240289,
      0.015096503859076028,
      0.013076187128098932,
      0.01796978237277153,
      0.08173866402589958,
      0.05170224943464811,
      0.08389769256606501,
      0.04200554106281693,
      0.24167334561015935,
      0.06180661250251138,
      0.058164787712040616,
      0.07244665222041342,
      0.005288782717374396,
      0.10247200223827033,
      0.055722364717563255,
      0.035097800437170396,
      0.026230951303188744,
      0.005530946000619378
    ],
    [
      0.01967640894386512,
      0.011275601834729957,
      0.019586427923120927,
      0.05197662305454025,
      0.0069277004387936665,
      0.020702126382502975,
      0.03832682901989498,
      0.09566748626854418,
      0.015959500695078344,
      0.021547062393249,
      0.45447682347106266,
      0.12611821318706073,
      0.010312996036301782,
      0.05544420841100594,
      0.01719945825666708,
      0.016188929666364347,
      0.008410674989630388,
      0.00221904155158814,
      0.007983887475999643
    ],
    [
      0.0778304159802521,
      0.00025254412490174026,
      0.05184853002928442,
      0.03820294348818873,
      0.008512179896183452,
      0.0073233506951723565,
      0.051790978360486455,
      0.030126200994160184,
      0.009820666395875987,
      0.06406375406314316,
      0.08005387597826022,
      0.3747940376071384,
      0.0727963388872509,
      0.05461837536933293,
      0.03485516544043464,
      0.020874714881940745,
      0.011692026187978915,
      0.005715781251572499,
      0.004828120368442247
    ],
    [
      0.07157510255957339,
      0.035725206758736486,
      0.06440836694923728,
      0.0005869559347827665,
      0.052371098484192496,
      0.028039223001360292,
      0.07474687919839186,
      0.032340727562809465,
      0.11671293142253247,
      0.02603661162515908,
      0.07099237335861638,
      0.03196497787315712,
      0.1729215844860245,
      0.09135048329209915,
      0.04804137017635195,
      0.03993973507827517,
      0.011200618241304604,
      0.026601067303215188,
      0.0044446866941805566
    ],
    [
      0.031148439685968383,
      0.006654475164970327,
      0.01893504998921862,
      0.040199937304646334,
      0.008651485506183804,
      0.02774445222295388,
      0.023866958933405166,
      0.03509886205402502,
      0.018916960988954706,
      0.028475735853686998,
      0.013427236950436846,
      0.04344624687486558,
      0.03169277402125634,
      0.6219656566355776,
      0.01928793034840968,
      0.015998983823984098,
      0.005836542922178653,
      0.005255341383533948,
      0.003396929335743924
    ],
    [
      0.054976574802386914,
      0.002775841303673585,
      0.022920889877581212,
      0.08997689037891204,
      0.04575499652685482,
      0.07258072706222628,
      0.059392825412828754,
      0.05519300267612177,
      0.02984588115321818,
      0.08029819014949416,
      0.03407678684703146,
      0.06999335120217487,
      0.06715261864874826,
      0.08233833462100236,
      0.14412790392818658,
      0.025597391579332954,
      0.009864524523578048,
      0.03305947681208048,
      0.02007379249456728
    ],
    [
      0.026847707210846058,
      0.07373871943412011,
      0.04009157702549945,
      0.03581400575922368,
      0.06608046572754754,
      0.013328299065630171,
      0.030972807464411632,
      0.01616640901469659,
      0.0966409733019063,
      0.04906236672155122,
      0.019480600878729274,
      0.03526815989845456,
      0.08629105100835831,
      0.010818909780630714,
      0.015199771600167488,
      0.16370847626458745,
      0.0403793890035579,
      0.10077259229801788,
      0.07933771854206363
    ],
    [
      0.016673270970255227,
      0.09247130413642148,
      0.01990471759669688,
      0.01070694573971184,
      0.010467233278060529,
      0.019462591900643936,
      0.04173302214532924,
      0.03217014778476215,
      0.06229878931412008,
      0.03797711959228523,
      0.02876804133664757,
      0.01277966396436521,
      0.014693820347957073,
      0.023754739730590037,
      0.027906435025965372,
      0.10787883806683914,
      0.30543672366883384,
      0.009578155618674755,
      0.12533843978184045
    ],
    [
      0.01742479105040671,
      0.0170127156073306,
      0.011260702618065286,
      0.02266008618703458,
      0.1679347154689634,
      0.0469840522957461,
      0.030192192307792007,
      0.018098823801069884,
      0.15049521063116889,
      0.032195387072639095,
      0.01673471104816193,
      0.018975460923915815,
      0.037308366365052775,
      0.009337287556418127,
      0.026377988730228123,
      0.05517465485023664,
      0.12391376345268298,
      0.1178869184476384,
      0.08003217158544851
    ],
    [
      0.006028856524114001,
      0.1653033842340561,
      0.008113803531402713,
      0.006715520502341313,
      0.10101008102218037,
      0.020823288835334755,
      0.025392386309209355,
      0.004596248641376497,
      0.022940981692380836,
      0.015102991328725737,
      0.009035365798738185,
      0.014821604239383774,
      0.0010821097745144948,
      0.0008415810262934498,
      0.019760666388001055,
      0.07598467143376106,
      0.11893888169589838,
      0.10704427284676422,
      0.27646330417552367
    ]
  ]
}