{
  "poids_LS": 0.655,
  "poids_EM": 0.345,
  "mae_validation": 6.700532988275454,
  "matrice_de_transition": [
    [
      0.2743080945843268,
      0.0020249200744883733,
      0.007338439384251654,
      0.04878841396931115,
      0.004734784464552021,
      0.028825140504014007,
      0.11354732749798319,
      0.06631488289699959,
      0.07183921860191353,
      0.0588387518552769,
      0.011615772919160482,
      0.15180630956662167,
      0.017111771034109654,
      0.02781681816269049,
      0.0052101576926155664,
      0.04160551235037017,
      0.05673510027113924,
      0.004381689175145651,
      0.007156894995029882
    ],
    [
      0.004942175329598054,
      0.5808980875199613,
      0.0016956669054437258,
      0.008986755115564415,
      0.02963347055533683,
      0.0058902356535650595,
      0.04737273152395126,
      0.014258408314171037,
      0.05730844939002276,
      0.014228891213254817,
      0.0019658429283562194,
      0.030455511971610883,
      0.009577497464183354,
      0.00012478036998022482,
      0.02933615208929374,
      0.05381716828743838,
      0.06470960749576277,
      0.010142419021501651,
      0.03465614885100362
    ],
    [
      0.015958896313107866,
      0.013615642144676449,
      0.39782598001571395,
      0.01676221697945233,
      0.028417784514703733,
      0.012895024696852922,
      0.06780932811057014,
      0.1728869179133225,
      0.01616270000292238,
      0.022293175319123486,
      0.004753260107725148,
      0.08899126052844474,
      0.015434573655259291,
      0.023129466204198156,
      0.014126750166569153,
      0.024315622385877006,
      0.06054876280509396,
      0.0005997798076737479,
      0.0034728583287129875
    ],
    [
      0.015600073869544649,
      0.01193989094209746,
      0.01762488868261623,
      0.22211425909038637,
      0.008551266521747503,
      0.021962266168093256,
      0.10093195280290158,
      0.06526902503963358,
      0.08872422932313291,
      0.085740461859839,
      0.02258577257869727,
      0.10458512550035823,
      0.050724033959301265,
      0.02622859170345425,
      0.04906790738461638,
      0.059258600660650806,
      0.024054503647777496,
      0.015116779504263603,
      0.00992037076088828
    ],
    [
      0.004927056813380167,
      0.03836652073972582,
      0.007223217461464409,
      0.01888235952139053,
      0.4402944770881744,
      0.011511484941987041,
      0.08176793392497952,
      0.036663093365014505,
      0.09399600198263253,
      0.0351563572305497,
      0.0017948794018635616,
      0.03314186363704962,
      0.01068018984901948,
      0.0022770494714326457,
      0.00031343500266837717,
      0.0075112439743183134,
      0.03329610179429503,
      0.0641677297704182,
      0.0780290040296363
    ],
    [
      0.012883426235327,
      0.0052923672373913185,
      0.023453450189987107,
      0.010011645877843844,
      0.009084740061403015,
      0.42142047346376665,
      0.05091685560329006,
      0.011092582356578598,
      0.039407011577662986,
      0.062380300100726024,
      0.011173003749177146,
      0.08711161553382024,
      0.023739023095790377,
      0.031194164727158552,
      0.04147186962682821,
      0.048522666578900184,
      0.05700170231585736,
      0.03804200301631189,
      0.015801098652179414
    ],
    [
      0.011681113595622083,
      0.00552270225905767,
      0.029501246029053355,
      0.00518934090365472,
      0.01966620169336518,
      0.024918870026889403,
      0.37234714370468863,
      0.03821071250596983,
      0.04779563361752967,
      0.056017600188737096,
      0.037116254614860025,
      0.07582407288547,
      0.0764477440108943,
      0.007791342544910848,
      0.04575928812670901,
      0.08312000115555651,
      0.034255264715395375,
      0.01837713868453208,
      0.01045832873710421
    ],
    [
      0.007947236915989593,
      0.015930204243565536,
      0.029617943682396577,
      0.01668262919969022,
      0.01583927988356585,
      0.014346885020056203,
      0.015881825078997637,
      0.5599332473244727,
      0.004430344819094516,
      0.03643776713331455,
      0.042664277567832073,
      0.055595003962920886,
      0.01404406426475835,
      0.026352747454457016,
      0.014408334612449966,
      0.03823131005142527,
      0.04045455686061346,
      0.020640775367318617,
      0.03056156655708082
    ],
    [
      0.0035392082102701245,
      0.007360966984947647,
      0.011833012163117529,
      0.0155107285374201,
      0.027058345158797886,
      0.004873414390302158,
      0.09175130319416164,
      0.03908781351740752,
      0.4375931123766488,
      0.06915387991639944,
      0.0010738843315284878,
      0.05406909367017001,
      0.06293723611935444,
      0.010271988677000321,
      0.015009302515803328,
      0.0467430112817221,
      0.043535427383819235,
      0.021253080354297765,
      0.03734519121683154
    ],
    [
      0.011088716281006862,
      0.004962346447167412,
      0.005852015540877786,
      0.015313334729436794,
      0.006965814515287839,
      0.03168521245947792,
      0.0744414573936917,
      0.05740868529225287,
      0.023456878241259103,
      0.4715587196417034,
      0.023958743048726316,
      0.06151237166110825,
      0.03115480815686545,
      0.0061117308666337414,
      0.03972229300247557,
      0.04211023194433358,
      0.08038444463183712,
      0.01016817775235968,
      0.002144018393498523
    ],
    [
      0.021538255066699243,
      0.004370879362900938,
      0.00759249172300755,
      0.03047708586327313,
      0.024352763536927384,
      0.008024981575239917,
      0.038771966547913546,
      0.11759861732378349,
      0.00618654802224947,
      0.008352512950192029,
      0.531970803491841,
      0.10177134450161618,
      0.00399773441856642,
      0.021492417867187693,
      0.006667205728708026,
      0.0447674351737824,
      0.018111888852271482,
      0.0008601902643796721,
      0.003094877729460535
    ],
    [
      0.03017021743054716,
      9.789631807988807e-05,
      0.020098587483261935,
      0.01480900618362372,
      0.003299665240655383,
      0.002838826954870183,
      0.06285061097624642,
      0.06739782439447203,
      0.049954813375365226,
      0.07206440453080384,
      0.03103212046348289,
      0.48825664608950625,
      0.05163097446250585,
      0.02117229157575265,
      0.013511271996572977,
      0.025249149954845413,
      0.03775463618309102,
      0.005939481636752533,
      0.0018715747495646913
    ],
    [
      0.02774540492477845,
      0.013848535204229311,
      0.02496728831178299,
      0.0002275278623596117,
      0.02030115615398473,
      0.01086913700614528,
      0.08347333915748832,
      0.05299554055294112,
      0.09441289746742276,
      0.050232420005132124,
      0.02751951551541871,
      0.05578440226279446,
      0.43935074754857184,
      0.0354111423997463,
      0.018622778326788113,
      0.024765914877961967,
      0.006213956834489741,
      0.011535355240220176,
      0.0017229403477441484
    ],
    [
      0.012074395159167518,
      0.0025795437437244524,
      0.0073399912879555315,
      0.015688611058233253,
      0.007963872968697302,
      0.01716039572191593,
      0.053442176825988494,
      0.0351989865214103,
      0.02279020399899964,
      0.02443105175810381,
      0.005204940166180574,
      0.04652375602285936,
      0.012285401165543186,
      0.66931754295198,
      0.019253311281685195,
      0.02868636887451778,
      0.016705480382755666,
      0.002037182895864283,
      0.0013167872144175883
    ],
    [
      0.021311144164970208,
      0.0010760283705251535,
      0.008885064053669121,
      0.034878682225533315,
      0.017736487417713387,
      0.02813522565895288,
      0.12160110505340511,
      0.06822765194993675,
      0.05262898519185565,
      0.09828947852686327,
      0.013209540968793093,
      0.11256802673438457,
      0.043179989486039766,
      0.03191766903847844,
      0.2667947953053476,
      0.04646044033225745,
      0.012503081127124345,
      0.0128151904496267,
      0.00778141394452327
    ],
    [
      0.010407257289597628,
      0.028584110342439812,
      0.015541116936850912,
      0.013882957288687828,
      0.031312470569095384,
      0.00516658784004765,
      0.04828790744463675,
      0.03397408744865117,
      0.08053689726461669,
      0.059472741993604916,
      0.007551468879956852,
      0.07623710607026901,
      0.0988205890594693,
      0.0041938470497950514,
      0.006603348046708232,
      0.38198638473205465,
      0.020940233073312248,
      0.03906353296945637,
      0.03743735570074957
    ],
    [
      0.006463234252514666,
      0.05806392305429259,
      0.007715873675124072,
      0.006653788576505284,
      0.004057523012281889,
      0.007544487871597929,
      0.05566089589862133,
      0.059801088303593715,
      0.0348272700455735,
      0.014721467707121802,
      0.011151656473194842,
      0.035939520279835414,
      0.024357058189746504,
      0.016005077388951475,
      0.010817663015683206,
      0.07646947607597984,
      0.47320658556475464,
      0.003712880548812124,
      0.09283053006581524
    ],
    [
      0.00675455383414642,
      0.006594816724189952,
      0.004365103823856767,
      0.008783965993850482,
      0.06509828858066558,
      0.018212919148351017,
      0.07734647278568837,
      0.01127165790045,
      0.09821755992676048,
      0.05233157861734607,
      0.006487050911927937,
      0.04513372815241686,
      0.014462231905554165,
      0.003619510344903656,
      0.01094891790777823,
      0.044430179269108215,
      0.06828192959864829,
      0.38588984435757795,
      0.07176969021677948
    ],
    [
      0.002337028652605989,
      0.06831410809275812,
      0.0031452384475662196,
      0.002603207385739048,
      0.03915559320522722,
      0.008071949042910663,
      0.06268559223054349,
      0.013477463376086882,
      0.03485038769079324,
      0.02498585804183595,
      0.0035024732590614306,
      0.03942543626228034,
      0.0004194695193342704,
      0.0003262308472710564,
      0.021615251079452585,
      0.04065438489379556,
      0.09206426040297465,
      0.048446266594490736,
      0.4939198009752725
    ]
  ]
}