{
  "poids_LS": 0.605,
  "poids_EM": 0.395,
  "mae_validation": 6.834109993926081,
  "matrice_de_transition": [
    [
      0.26375982633494094,
      0.0023183867519504563,
      0.008401981323998272,
      0.05320060731257614,
      0.005420985111588546,
      0.033002697098798654,
      0.10797113048153234,
      0.06349784883169424,
      0.06940856001445032,
      0.057432192489915726,
      0.013299218269763453,
      0.15544317500448399,
      0.019591737850647287,
      0.031848241084819554,
      0.00596525301038594,
      0.04213901631717043,
      0.0540882999657205,
      0.005016716591833428,
      0.008194126153729865
    ],
    [
      0.0056584326237427,
      0.5658818443089786,
      0.0019414157323196283,
      0.010289183393182447,
      0.03392817643292188,
      0.006743892994661446,
      0.0453681823654844,
      0.015822548749891033,
      0.05759003386077873,
      0.01403118666428168,
      0.0022507477005817584,
      0.028357849264463764,
      0.01028652300541557,
      0.00014286448157156177,
      0.02924667364177788,
      0.055919277985197746,
      0.06785841261412733,
      0.010720789506367685,
      0.03796196467425415
    ],
    [
      0.018271779836746688,
      0.015588923614919413,
      0.38090349056755,
      0.017543521815219572,
      0.027388859630024825,
      0.013931540378802523,
      0.06571429490001485,
      0.17229094139600504,
      0.0151072083338878,
      0.02462497204508893,
      0.005442138384207053,
      0.09225337857705486,
      0.017671468387905568,
      0.026481562755531225,
      0.01617410526317338,
      0.024861775625344695,
      0.06108716294106624,
      0.0006867044174815375,
      0.00397617112997574
    ],
    [
      0.01786095414049315,
      0.013670309919213036,
      0.020179220375749016,
      0.21192155600621632,
      0.009790580510406563,
      0.025145203293903875,
      0.0954841742214254,
      0.060565424322353026,
      0.08502111363300638,
      0.08371863984543558,
      0.025859072952421517,
      0.10100595710024082,
      0.05285952857220149,
      0.03002983687786791,
      0.05421067511404705,
      0.05906744160300543,
      0.024944588744665704,
      0.017307617113577173,
      0.011358105653770642
    ],
    [
      0.005641123018217873,
      0.043926886064323774,
      0.00827006057182157,
      0.02161893336507032,
      0.42437130471134854,
      0.013179816092999659,
      0.07800766924413387,
      0.035637759120645894,
      0.09594317741076921,
      0.03297108076016423,
      0.0020550068514090056,
      0.030991640659361313,
      0.012228043450326652,
      0.0026070566412054936,
      0.00035886036537393913,
      0.008599830057552852,
      0.03435784498616161,
      0.0669235342921582,
      0.08231037233695608
    ],
    [
      0.014750589457838161,
      0.006059376981940785,
      0.026852500942159154,
      0.011462609048545853,
      0.01040136905580925,
      0.3987253384944638,
      0.047234903162260915,
      0.012118881750300374,
      0.03953158452870664,
      0.06133294350090495,
      0.012792279654854997,
      0.08692836157784295,
      0.02717946122561507,
      0.03571505816587719,
      0.043904443408206595,
      0.05047042451112723,
      0.05715626624665021,
      0.041670877546537415,
      0.01571273074035844
    ],
    [
      0.013374028609480356,
      0.006323093890805159,
      0.03377678893181472,
      0.005941419295488738,
      0.020609883893725037,
      0.028530300465569033,
      0.3444172125111315,
      0.039736849376872864,
      0.050011191328763374,
      0.05198179866861992,
      0.041590963539867,
      0.07284061501577063,
      0.07781063652091603,
      0.008920522623883436,
      0.05024836092771153,
      0.08503485914566145,
      0.03583695458277042,
      0.021040492117072967,
      0.011974028554075837
    ],
    [
      0.009099010382075043,
      0.018238929496256197,
      0.03391039928854101,
      0.018853190960907675,
      0.018134827692778296,
      0.016426143718615074,
      0.017073941394633488,
      0.5268989758956749,
      0.00492290086138005,
      0.03799541381619851,
      0.04884750620085122,
      0.058244673348822204,
      0.013538581764089824,
      0.029403281997115723,
      0.013461472485756193,
      0.03998063588631656,
      0.039097657255092955,
      0.023632192087219867,
      0.03224026546767503
    ],
    [
      0.00405213693639623,
      0.00842777379436035,
      0.01354794146212007,
      0.01775866020950997,
      0.03097984445717439,
      0.00557970633092566,
      0.08692996320629454,
      0.03865893372982046,
      0.4222054439282058,
      0.066330965159583,
      0.0012295197418949356,
      0.050307683619242045,
      0.06553349024121077,
      0.011760682688159791,
      0.017184563749977726,
      0.04771726727985555,
      0.04612891247783922,
      0.0243332369273844,
      0.04133327406004511
    ],
    [
      0.01165651466063098,
      0.005681527091684429,
      0.0067001337352079,
      0.015108091830231485,
      0.007975352850836804,
      0.03627727223621385,
      0.07235529152588954,
      0.05983886944581362,
      0.025158590426723124,
      0.45046831835440576,
      0.027431024649991004,
      0.0612052538676158,
      0.03494305073150288,
      0.006036231036426462,
      0.045479147060805365,
      0.04335905146481337,
      0.07622970663232641,
      0.011641826701977028,
      0.002454745696904106
    ],
    [
      0.02136744349579703,
      0.0050043401401329585,
      0.008692852842284007,
      0.03244952046797654,
      0.022754133894896767,
      0.009188022383245703,
      0.03873112824259074,
      0.11558658695174318,
      0.007083149184894321,
      0.009563022073408265,
      0.5248612640403935,
      0.1040050021791799,
      0.004577116218358657,
      0.024607261036345335,
      0.007633467428520784,
      0.04214555393456973,
      0.017221869231845696,
      0.0009848555200868711,
      0.0035434107337301785
    ],
    [
      0.034542712710336605,
      0.0001120841902653791,
      0.023011426248952076,
      0.016955238963859042,
      0.003777877594373555,
      0.003250251151228181,
      0.06183596578214001,
      0.06397840940361774,
      0.04627278154238457,
      0.07133039990074323,
      0.035529529226306505,
      0.4778472324672707,
      0.05357275101523475,
      0.02424073963020956,
      0.01546942735839515,
      0.02484782563623031,
      0.03536357104592477,
      0.005918958665635098,
      0.0021428174668929076
    ],
    [
      0.03176647810228257,
      0.01585556929179878,
      0.028585735893200816,
      0.0002605029148754975,
      0.023243352698040492,
      0.012444374253412714,
      0.08267274650069048,
      0.051100603581369405,
      0.09645877214220347,
      0.04801262107118964,
      0.031507851097363454,
      0.05359913397016718,
      0.41490770506576935,
      0.04054319202289794,
      0.021321731707482045,
      0.026158008474320975,
      0.006671448706674591,
      0.012917530658843573,
      0.0019726418474172135
    ],
    [
      0.013824307501075855,
      0.0029533906631048082,
      0.00840375814128242,
      0.017937356585427118,
      0.008026956687732761,
      0.018131410079809323,
      0.05072885408354966,
      0.035189800790457526,
      0.02243486060358267,
      0.024802123693478416,
      0.0059592793206994996,
      0.04624141573405259,
      0.014065894088085678,
      0.6649733331981816,
      0.019256487342852575,
      0.02752238859465231,
      0.015708330157014654,
      0.0023324267938156285,
      0.0015076259411447752
    ],
    [
      0.024399715783081834,
      0.001231974511180973,
      0.010172754496229864,
      0.03993356370749467,
      0.0203069928405704,
      0.03221279459503301,
      0.11589392343500361,
      0.06703181256701796,
      0.05053879216078799,
      0.09663890161150832,
      0.015123967196154412,
      0.10866209319931946,
      0.045379313262435036,
      0.03654341817448981,
      0.2555409520597365,
      0.044546399162264376,
      0.01226101171395496,
      0.01467246442783347,
      0.008909155095903456
    ],
    [
      0.011915555447510329,
      0.03272673502974993,
      0.01779345272480032,
      0.015894980084149836,
      0.034502194895558884,
      0.005915368686431368,
      0.046699366162047284,
      0.03234035548223332,
      0.08201433543317538,
      0.0585176616934165,
      0.008645884659660746,
      0.07247848715542365,
      0.09767109015569767,
      0.004801650970055205,
      0.00739201075803477,
      0.36196088854237873,
      0.02272364187425222,
      0.04472491455923266,
      0.041281425686191225
    ],
    [
      0.00739993486882114,
      0.06122056352054295,
      0.008834116236736257,
      0.007025637857533408,
      0.004645569825656078,
      0.008637891910959948,
      0.054383109315750494,
      0.05726613963214127,
      0.0373475929142475,
      0.01685501375163221,
      0.012767838570759315,
      0.033814762819700535,
      0.023470522607930956,
      0.016716055585432075,
      0.012385440264332947,
      0.07935106891917795,
      0.4578148551155876,
      0.004250979179074751,
      0.09581290710398269
    ],
    [
      0.007733474679674888,
      0.007550587263927626,
      0.004997727566444706,
      0.010057004543683887,
      0.07453282315757365,
      0.020852472648112037,
      0.07302039200789973,
      0.011898003395919714,
      0.10301367467028419,
      0.050484221594895885,
      0.007427203218004451,
      0.04273388712227914,
      0.01655820754404028,
      0.00414407706155636,
      0.012364428992406662,
      0.0454159109737989,
      0.07338576756690837,
      0.3613024199621706,
      0.07252771603041885
    ],
    [
      0.0026757284573314948,
      0.07721220682131757,
      0.0036010701066337882,
      0.0029804838184548524,
      0.044830316858158706,
      0.009241796730289022,
      0.059264197191888975,
      0.012662673033452901,
      0.03375778163589302,
      0.024079173022284555,
      0.004010078079215261,
      0.037168203966601754,
      0.00048026220329575893,
      0.0003735106802088907,
      0.02144510569491575,
      0.043895695585535514,
      0.09452982198948143,
      0.05382223047084611,
      0.47396966365419463
    ]
  ]
}