{
  "poids_LS": 0.335,
  "poids_EM": 0.665,
  "mae_validation": 7.566256333359326,
  "matrice_de_transition": [
    [
      0.20679917778825707,
      0.003903106810245705,
      0.014145107798630001,
      0.07702645136620713,
      0.00912646860558578,
      0.0555615027106357,
      0.0778596665926978,
      0.04828586487904535,
      0.05628300364214902,
      0.04983677191696541,
      0.022389823163019483,
      0.17508224836894043,
      0.03298355865995049,
      0.05361792486431646,
      0.01004276772634595,
      0.04501993773789183,
      0.03979557831645936,
      0.008445864641947416,
      0.013795174410709774
    ],
    [
      0.009526222012123785,
      0.4847941309696726,
      0.003268459397449501,
      0.017322296092319816,
      0.05711958817188115,
      0.011353642636581928,
      0.0345436169097634,
      0.024268907102779007,
      0.059110590002860994,
      0.012963582099826733,
      0.0037892334705996694,
      0.017030470645869347,
      0.014115260928069527,
      0.0002405186841647812,
      0.02876349002519223,
      0.06727067035309833,
      0.08486196025329595,
      0.01384399012464427,
      0.05581337011980704
    ],
    [
      0.03076135086439632,
      0.02624464355423142,
      0.2895220475474647,
      0.021762567928362658,
      0.021832665252758763,
      0.019528725061330358,
      0.054401115563016356,
      0.16907266820249067,
      0.009407553321101084,
      0.037216674365302335,
      0.009162081077209344,
      0.10986881603954951,
      0.02975069994419545,
      0.04458288413272978,
      0.027229822784836197,
      0.027811003118470203,
      0.06399452367531656,
      0.0011560973104436012,
      0.006694060256794599
    ],
    [
      0.03006970760361505,
      0.023014572395637138,
      0.03397261151866607,
      0.15688095935169827,
      0.016482876049165478,
      0.04233306377328121,
      0.06606616988145404,
      0.03516598044903811,
      0.06502428890632309,
      0.07280080096765713,
      0.04353489497053242,
      0.08167844773960692,
      0.0643911994818627,
      0.050556560819701675,
      0.08198162085297266,
      0.0580351826917204,
      0.029751048267862026,
      0.029138140203870427,
      0.019121874075335384
    ],
    [
      0.009497080524341481,
      0.07395285881715268,
      0.01392301336775024,
      0.03639643212094117,
      0.3383861738764893,
      0.02218880430846778,
      0.057702239967567376,
      0.030100954201055415,
      0.10645792472270729,
      0.02117058782008273,
      0.0034596950789544017,
      0.019380436579844475,
      0.020586452897385376,
      0.004389095357978869,
      0.0006041573239839735,
      0.014478194907019359,
      0.04009125822224112,
      0.08180487870955423,
      0.10542976119648291
    ],
    [
      0.024833270859398425,
      0.010201229602507904,
      0.045207375003888196,
      0.019297810170336688,
      0.017511165625602915,
      0.2761716096602285,
      0.02735235998070355,
      0.01766089847639796,
      0.040204278464342366,
      0.05567721786187115,
      0.021536369545515372,
      0.08593879021556565,
      0.04575782712666841,
      0.0601278827349578,
      0.05704034182764989,
      0.06098831734515331,
      0.057990911472931596,
      0.06126680000975519,
      0.01523554401652517
    ],
    [
      0.02251576968431503,
      0.010645208702241598,
      0.05686472060672604,
      0.010002642611392432,
      0.02570576777566827,
      0.048032024834439004,
      0.19359558406592325,
      0.047977988479749246,
      0.061975202969425325,
      0.030188470459987182,
      0.06575439173490466,
      0.05672994251939406,
      0.08517025607503338,
      0.015018095050335405,
      0.07448935405312508,
      0.09537509229222807,
      0.04437807986659564,
      0.03542260065279373,
      0.020158807565722612
    ],
    [
      0.015318587098936465,
      0.03070604586078575,
      0.05708965956172095,
      0.03057422447148194,
      0.030530785862525486,
      0.027654140690832975,
      0.023511369499067052,
      0.3485139101801672,
      0.0075827034897219285,
      0.0464067059037719,
      0.08223694081915459,
      0.07255288803268933,
      0.010808976260479778,
      0.045876168527472734,
      0.00834841700160982,
      0.0494269953947295,
      0.03177039938528223,
      0.03978584237468661,
      0.04130523958488377
    ],
    [
      0.0068219520574771975,
      0.014188530565188944,
      0.02280855967673379,
      0.02989749123879527,
      0.05215594066840752,
      0.009393682810292568,
      0.06089472727181215,
      0.036342982876850394,
      0.3391120343066139,
      0.05108722547277428,
      0.002069950957873752,
      0.029996069344231043,
      0.07955326249923496,
      0.019799630348420912,
      0.02893097441451946,
      0.05297824966977621,
      0.06013373198554711,
      0.04096608242205222,
      0.06286892141339838
    ],
    [
      0.014722625910601219,
      0.009565102572076316,
      0.011279971984590517,
      0.01399978017452282,
      0.0134268598628012,
      0.06107439503058788,
      0.061089995839757855,
      0.07296186387504165,
      0.03434783622822884,
      0.3365801514029987,
      0.046181345296820296,
      0.05954681778275661,
      0.055399560634545,
      0.005628531953307154,
      0.07656615897578625,
      0.05010267687540422,
      0.05379412143496859,
      0.019599531029910692,
      0.004132673135294255
    ],
    [
      0.020445061012925078,
      0.008425028337185867,
      0.014634802886376874,
      0.04310066733337493,
      0.01412153382793144,
      0.015468442746476943,
      0.0385106013938476,
      0.10472162294272555,
      0.011924795463176515,
      0.01609977133877594,
      0.48646975100257667,
      0.11606675363802399,
      0.007705777937236725,
      0.041427414149796574,
      0.012851280607509674,
      0.02798739524282134,
      0.012415763281546435,
      0.001658047900905745,
      0.00596548895678625
    ],
    [
      0.0581541872211996,
      0.00018869870006703063,
      0.03874075558367881,
      0.02854489597712978,
      0.006360224304451681,
      0.005471941811561368,
      0.056356881733965344,
      0.04551356845300453,
      0.026389809644288977,
      0.06736677489841592,
      0.059815536545553986,
      0.42163639890719856,
      0.06405834439997084,
      0.04081035912427685,
      0.026043466312234875,
      0.022680674315708728,
      0.022451819305227032,
      0.005808134621600953,
      0.003607528140465275
    ],
    [
      0.053480273260804845,
      0.026693553364673894,
      0.04812535283285707,
      0.0004385681984612806,
      0.03913121403594159,
      0.02095065538865685,
      0.07834954615398215,
      0.04086794393488216,
      0.1075064953860193,
      0.036025706827900246,
      0.053044863239865056,
      0.04179868518997988,
      0.2829152756586358,
      0.06825625998791679,
      0.035896079963229265,
      0.03367531389465963,
      0.009141904816472781,
      0.020381277919409906,
      0.0033210299456517644
    ],
    [
      0.02327383414738087,
      0.004972164027758728,
      0.01414809914924762,
      0.030080582432273965,
      0.008367608770524239,
      0.02337488761243363,
      0.03607691127437994,
      0.03514019784331252,
      0.020516006268331055,
      0.02680591214450128,
      0.010032710755101688,
      0.04471677817449604,
      0.02368055586981513,
      0.6415146005276704,
      0.019273638073156456,
      0.02123689508337874,
      0.010323718938013201,
      0.003926743842752893,
      0.0025381550654715837
    ],
    [
      0.04107800252088461,
      0.0020740836707223978,
      0.017126282886057873,
      0.06722992371008597,
      0.03418772212399827,
      0.05423166684986571,
      0.08507514269563551,
      0.0605742798992564,
      0.039251749793022636,
      0.08772578626859151,
      0.02546186882390553,
      0.08757005210996786,
      0.057255661654969536,
      0.06152246350895121,
      0.19477019853343658,
      0.03421057684430178,
      0.010953836882840282,
      0.02470174391015002,
      0.01499895731335645
    ],
    [
      0.02006036550023891,
      0.055096908341224576,
      0.029956065979727123,
      0.02675990317964466,
      0.05172670625846179,
      0.009958785256903442,
      0.0381212432360642,
      0.02351820286357692,
      0.08999250154339225,
      0.053360228072399075,
      0.01455572987006176,
      0.05218194501525869,
      0.09146379607533076,
      0.008083792139460028,
      0.01165078939919807,
      0.25382320911812895,
      0.032354049399328046,
      0.0752963751440246,
      0.06203940360757618
    ],
    [
      0.012458118196876098,
      0.07826642203829488,
      0.014872626069442053,
      0.009033623975085281,
      0.007821022617876688,
      0.01454227372351485,
      0.047483061768248,
      0.04357741680629812,
      0.05095733640508709,
      0.028376162391988403,
      0.021495221897607452,
      0.022341072534972178,
      0.01868323046612702,
      0.020555337846427327,
      0.020851437407041543,
      0.09491167027244768,
      0.37469951069008556,
      0.0071567117824929355,
      0.11191774311008691
    ],
    [
      0.01301964724552861,
      0.012711748178511067,
      0.008413895776419567,
      0.016931412712784265,
      0.12547930987287714,
      0.035106061546821526,
      0.04965955580784097,
      0.015280269071456172,
      0.1289126942853122,
      0.040508493673664915,
      0.01250402567081762,
      0.029774745559535513,
      0.02787647599186528,
      0.00697673733148096,
      0.020008188849400185,
      0.05073886217912858,
      0.10094649259551271,
      0.22853032822697122,
      0.0766210554240714
    ],
    [
      0.0045047074028492255,
      0.1252619399555386,
      0.006062561065598656,
      0.0050177765551201944,
      0.0754738245839887,
      0.01555897424213215,
      0.04078866398315464,
      0.008262805183229409,
      0.027857708939431833,
      0.019183073916707018,
      0.006751144108045947,
      0.024979149569937402,
      0.0008085426966877967,
      0.0006288217780731957,
      0.020526320618416825,
      0.06139877332093127,
      0.10784385455661795,
      0.08285243540316509,
      0.3662389221203741
    ]
  ]
}