{
  "poids_LS": 0.8675,
  "poids_EM": 0.13249999999999995,
  "mae_validation": 6.142300246984097,
  "matrice_de_transition": [
    [
      0.319138234644217,
      0.0007776866952745199,
      0.002818386140328533,
      0.030036592260434907,
      0.00181843171464679,
      0.01107052497617929,
      0.13724616481789925,
      0.07828727767454735,
      0.08216951759863214,
      0.06481662915806187,
      0.004461130179097865,
      0.13634963145570686,
      0.00657191206382472,
      0.010683270743641997,
      0.002001002592091485,
      0.039338120491469064,
      0.06798400156916884,
      0.0016828226542226047,
      0.002748662570554954
    ],
    [
      0.00189808182948331,
      0.6447171211666374,
      0.0006512343912211409,
      0.0034514349356877818,
      0.011380970575600374,
      0.002262191953905421,
      0.055892065447435385,
      0.007610811462361057,
      0.05611171538930987,
      0.015069135546390654,
      0.0007549976463976782,
      0.03937057847698613,
      0.006564138913946443,
      4.792289571704285e-05,
      0.029716435491236152,
      0.044883202071961066,
      0.05132718574271338,
      0.0076843444608210056,
      0.02060643160218885
    ],
    [
      0.006129141337642874,
      0.005229195896143852,
      0.4697465601704107,
      0.013441671427441572,
      0.03279071527458906,
      0.008489833048567125,
      0.07671321925543007,
      0.17541981811192175,
      0.02064853959631933,
      0.012383039233770345,
      0.0018255274326770489,
      0.07512725882185173,
      0.005927771041512624,
      0.008883055861032623,
      0.005425491006001195,
      0.021994471118139337,
      0.05826056222721176,
      0.00023035021599064224,
      0.0013337789233462919
    ],
    [
      0.005991332718013523,
      0.004585610289356269,
      0.0067689789868018825,
      0.2654332471981089,
      0.003284182069946504,
      0.008434783383398132,
      0.12408501177417534,
      0.08525932808807586,
      0.1044624710061707,
      0.0943332054210535,
      0.008674245990369239,
      0.11979659120085713,
      0.04164818185447533,
      0.010073299712196193,
      0.02721114453453604,
      0.060071026655643664,
      0.020271641986002616,
      0.005805719664680947,
      0.0038099974661382516
    ],
    [
      0.0018922754428199187,
      0.01473496811018455,
      0.002774134242446475,
      0.007251920685751433,
      0.507967959689684,
      0.004421077550183428,
      0.09774905881857353,
      0.04102076390358108,
      0.08572050641305164,
      0.04444378222968792,
      0.0006893377412954256,
      0.04228031129222491,
      0.004101812043464001,
      0.0008745189998980449,
      0.00012037721116973902,
      0.0028847531205715253,
      0.028783693228862078,
      0.052455560553023174,
      0.059833188723527234
    ],
    [
      0.004947982539654571,
      0.0020325758230560855,
      0.009007484493255915,
      0.003845052402360316,
      0.0034890668351765194,
      0.5178747970833038,
      0.06656515347766391,
      0.006730809933261053,
      0.03887757653572746,
      0.06683156564996559,
      0.004291081150046294,
      0.08789044484672368,
      0.009117161044035432,
      0.011980367612604367,
      0.03113343105597005,
      0.040244695366935215,
      0.05634480560998776,
      0.02261928626285345,
      0.01617666227741856
    ],
    [
      0.004486224786724421,
      0.0021210378241308435,
      0.01133018869231759,
      0.0019930077383601454,
      0.01565555234183579,
      0.009570290662501,
      0.49104935127730626,
      0.031724630804631934,
      0.03837951334478647,
      0.07316975664923507,
      0.018098741683580388,
      0.08850376883169231,
      0.07065545084330194,
      0.0029923272092773536,
      0.02668072872244836,
      0.07498185469761057,
      0.027533082779051452,
      0.007057886596233335,
      0.004016604514974804
    ],
    [
      0.003052199685126437,
      0.006118121919630241,
      0.01137500735628274,
      0.00745774171451603,
      0.00608320169441297,
      0.005510035551181004,
      0.010815330737545295,
      0.7003289008968632,
      0.0023369816393810005,
      0.02981776873105772,
      0.016385555877500717,
      0.04433390907284027,
      0.016192364892599592,
      0.013387975648157515,
      0.0184324986508985,
      0.03079667525313732,
      0.04622138018407561,
      0.007927254307738307,
      0.023427096187055428
    ],
    [
      0.001359261124234178,
      0.0028270380449436604,
      0.0045445626423567306,
      0.0059570189310381525,
      0.010391973140697735,
      0.0018716736426522777,
      0.11224199814259686,
      0.040910552614652484,
      0.5029907032825314,
      0.08115126763286928,
      0.0004124338374710858,
      0.07005508638661385,
      0.05190315610146503,
      0.003945039129572586,
      0.0057644422705621454,
      0.04260242328965491,
      0.03251311573423432,
      0.008162414918679575,
      0.020395839133173874
    ],
    [
      0.008675573167604362,
      0.0019058287079700923,
      0.002247513214974801,
      0.016185617051059354,
      0.002675276589204749,
      0.012168958408350212,
      0.08330766233185091,
      0.0470804026396197,
      0.016224601453037012,
      0.5611929251127183,
      0.009201546243351408,
      0.06281762228345113,
      0.015054777214656378,
      0.006432605145014679,
      0.015255663254573946,
      0.03680274898229449,
      0.09804208112975762,
      0.003905169716485963,
      0.0008234273540247948
    ],
    [
      0.02226420424303365,
      0.0016786710596648523,
      0.0029159569660826092,
      0.02209423879328366,
      0.031146939515557505,
      0.0030820581412153293,
      0.03894552934553547,
      0.12614974640495477,
      0.0023759930810088536,
      0.0032078491765230245,
      0.5621863461604931,
      0.09227829937197038,
      0.001535361769449422,
      0.008254334398267735,
      0.0025605935045038062,
      0.055910430440436226,
      0.021894472239081086,
      0.00033036292762407684,
      0.001188612461314553
    ],
    [
      0.01158711249144202,
      3.75978612915512e-05,
      0.007719022729078857,
      0.005687516867623601,
      0.001267262737353154,
      0.001090274120348693,
      0.0671628530511987,
      0.08193033810560281,
      0.06560344866553305,
      0.07518392420856145,
      0.011918133221482555,
      0.5324966539840076,
      0.043378424113408004,
      0.008131387344310797,
      0.005189111708828751,
      0.026954778308959624,
      0.04791666301604757,
      0.006026704264001627,
      0.0007187932009197726
    ],
    [
      0.010655843920385922,
      0.005318640332059081,
      0.009588886090757231,
      8.738388916709722e-05,
      0.007796820841747756,
      0.004174378705258694,
      0.08687585794887914,
      0.06104902268212089,
      0.08571793009960477,
      0.059666565474387666,
      0.010569089292153559,
      0.06507179250646039,
      0.5432336781004825,
      0.013599931501351834,
      0.007152226458838911,
      0.01884951709343617,
      0.00426961637770413,
      0.005661109711070746,
      0.000661708974133622
    ],
    [
      0.004637267706057089,
      0.0009906943363579416,
      0.002818982161316254,
      0.006131442567659344,
      0.007695767162796602,
      0.013033584700869025,
      0.06497379848135355,
      0.03523802587795961,
      0.024300413429521744,
      0.022853996032761746,
      0.001998998759475148,
      0.04772370225028813,
      0.004718306244737599,
      0.6877804344056232,
      0.01923981302172381,
      0.033633285063946056,
      0.02094336884215496,
      0.000782396329571065,
      0.0005057226258270446
    ],
    [
      0.008184714787995801,
      0.00041325727273792116,
      0.0034123796727859655,
      0.013395435927197575,
      0.006811839370571081,
      0.010805557680612336,
      0.1458566269316115,
      0.07330996932734167,
      0.0615123055738932,
      0.10530443041712187,
      0.005073229502507491,
      0.12916824425841128,
      0.03383286343635984,
      0.012258235210430122,
      0.31462362909919483,
      0.054595115304728006,
      0.013531876133094235,
      0.004921776042247934,
      0.002988514051157487
    ],
    [
      0.003996990118468653,
      0.010977955421371808,
      0.0059686898380659275,
      0.00533186040797431,
      0.01775614218162551,
      0.0019842692429168506,
      0.05503920789564194,
      0.04091744830592704,
      0.0742577850482423,
      0.06353183326940567,
      0.0029002018162153117,
      0.09221123645836181,
      0.10370595940049882,
      0.0016106803886894033,
      0.0032515315235704494,
      0.46709474353817715,
      0.013360745669317386,
      0.01500266121290715,
      0.02110005826262252
    ],
    [
      0.0024822566332121537,
      0.04464820107272856,
      0.0029633427882722876,
      0.005073429132135755,
      0.001558324055441595,
      0.0028975207043093485,
      0.06109148887582237,
      0.07057462015726657,
      0.024115897853709004,
      0.005653897017952574,
      0.004282882558545844,
      0.04496973948540867,
      0.028124834412462565,
      0.012983420053908915,
      0.004154609708921809,
      0.06422270649238791,
      0.5386214399737146,
      0.0014259613701959602,
      0.08015542765360359
    ],
    [
      0.002594140240650436,
      0.0025327919303048357,
      0.0016764529178580334,
      0.003373552157058518,
      0.02500151662880634,
      0.006994816774366692,
      0.09573231609129018,
      0.008609689544703716,
      0.07783407226678472,
      0.060182845962759336,
      0.002491403611102758,
      0.05533305253050213,
      0.005554335441988192,
      0.0013901017991296645,
      0.004932995798107401,
      0.04024081952417282,
      0.04659061823354303,
      0.4903863980380589,
      0.06854808050881221
    ],
    [
      0.0008975544825225897,
      0.030497188496380463,
      0.0012079538965290549,
      0.0009997825466968805,
      0.01503801768026842,
      0.003100096371552645,
      0.07722652114482513,
      0.016940322332281297,
      0.03949396342411918,
      0.02883926937492938,
      0.0013451527734076505,
      0.04901867351891433,
      0.00016110061249794438,
      0.00012529155728526075,
      0.02233836896373415,
      0.026878814453900748,
      0.08158562366032092,
      0.02559842011998044,
      0.5787078845898534
    ]
  ]
}