{
  "poids_LS": 0.055,
  "poids_EM": 0.945,
  "mae_validation": 8.339652146496373,
  "matrice_de_transition": [
    [
      0.14772887559169598,
      0.00554652020403337,
      0.02010094266121105,
      0.1017347340884911,
      0.012969192228990317,
      0.07895581964142968,
      0.04663296330057308,
      0.03251047411333537,
      0.042671315552355066,
      0.041960039470942845,
      0.03181711712639611,
      0.19544869482096933,
      0.04687137283256122,
      0.07619389322823918,
      0.014271301505860031,
      0.04800755995197328,
      0.024973496606114455,
      0.012002018175398957,
      0.019603668899429678
    ],
    [
      0.0135372628593338,
      0.40070316898816993,
      0.004644652827954554,
      0.02461589444698079,
      0.08116994108635742,
      0.016134123746721685,
      0.023318141622349017,
      0.03302809354281098,
      0.06068746303909445,
      0.011856436625577157,
      0.005384700195062687,
      0.005283559485845499,
      0.018085803958969925,
      0.000341789709076268,
      0.0282624107191034,
      0.07904248466055078,
      0.10249526891613749,
      0.017082864839894057,
      0.07432593873001003
    ],
    [
      0.04371349859677372,
      0.03729501978759201,
      0.19475610663774662,
      0.026137875008659186,
      0.01607068589855691,
      0.025333212880248108,
      0.042668929583906785,
      0.1657351997055128,
      0.0034967999745074514,
      0.05027473603070882,
      0.013019799425508013,
      0.12813667711176618,
      0.042277310447014584,
      0.06335462482019495,
      0.03869501132581986,
      0.030869461259489247,
      0.06700956443676134,
      0.0016428751253672225,
      0.009512611943866009
    ],
    [
      0.042730637120926646,
      0.03270491866748435,
      0.04827686900020967,
      0.09980182208034616,
      0.023423034385656204,
      0.06015751167782066,
      0.03555860982518743,
      0.008825816432267082,
      0.044286841041614455,
      0.061478597686997996,
      0.061865377063388176,
      0.06163510469894952,
      0.07634996931410393,
      0.07184353379641815,
      0.11078112013778438,
      0.056964691968906286,
      0.034735524810435986,
      0.04140683081602639,
      0.027173189475476596
    ],
    [
      0.013495851271432631,
      0.10509090463490116,
      0.019785334785750338,
      0.051721245645547975,
      0.24921640856626476,
      0.03153145875413842,
      0.03664475775483174,
      0.02435908243259121,
      0.11736210712027267,
      0.008933039585924129,
      0.0049164087964088865,
      0.007339187904789974,
      0.02925443306470553,
      0.006237135508706813,
      0.0008585393551351201,
      0.02057427697313277,
      0.046037020096693956,
      0.09723738403129824,
      0.12940542371747366
    ],
    [
      0.035289384905460915,
      0.014496484171984915,
      0.06424205921605164,
      0.027423203926267924,
      0.024884287994277825,
      0.1490788538321326,
      0.0067334263109403505,
      0.0234081750812399,
      0.040901886990186806,
      0.04981202090287312,
      0.030604314617311317,
      0.08491256806209287,
      0.06502428065368668,
      0.08544488599178213,
      0.07066275500336885,
      0.07189576176562479,
      0.05885646948537154,
      0.08158849737901806,
      0.014740683710327707
    ],
    [
      0.031996093761921356,
      0.01512740184002753,
      0.08080776086218963,
      0.014214281605662928,
      0.030990388097683463,
      0.06825603529104489,
      0.03718796938200355,
      0.05652435495680623,
      0.074382326152334,
      0.007587981947331011,
      0.09081276171494371,
      0.0400225784490776,
      0.0928024541311551,
      0.02134150349258189,
      0.09962816173873912,
      0.10609829703681566,
      0.05323554312389587,
      0.05033737987502267,
      0.028646726540763705
    ],
    [
      0.021768518509014973,
      0.043634907275853424,
      0.08112741095612976,
      0.04272937033429969,
      0.04338585359411516,
      0.03929798940276265,
      0.030187220866627784,
      0.16352199017889985,
      0.010341017326520912,
      0.055129527327922076,
      0.11686302116406178,
      0.0873910365937367,
      0.007978274256736024,
      0.06295916196636149,
      0.0030459890921246922,
      0.05922322007012068,
      0.0241717615943674,
      0.0565377760061336,
      0.050705953484211336
    ],
    [
      0.009694352923783385,
      0.020162648697900076,
      0.03241216375114801,
      0.04248590860249853,
      0.07411633673931595,
      0.013348917677784173,
      0.03389522333975634,
      0.033941256066362904,
      0.25294109099533335,
      0.035278902834602256,
      0.002941509255925858,
      0.008932173059034447,
      0.0940922855816304,
      0.028136316810913924,
      0.04111243732589607,
      0.05843408325932356,
      0.07465724851205899,
      0.058214959231337356,
      0.08520218533539435
    ],
    [
      0.017902296836496277,
      0.013592514181371605,
      0.016029433872839154,
      0.01285041993897309,
      0.019080274541875386,
      0.08678992978030908,
      0.04940746698006572,
      0.08657089513498181,
      0.04387742446682736,
      0.21847390419413198,
      0.06562612226390252,
      0.057826958139198935,
      0.0766137190525146,
      0.005205732904146388,
      0.10880454170243309,
      0.05709606619009102,
      0.030527588637708616,
      0.02785196514776782,
      0.005872746034365519
    ],
    [
      0.01948851621587268,
      0.011972408689685177,
      0.02079682515432503,
      0.05414630111971399,
      0.005169207832559988,
      0.02198147127130934,
      0.03828190688403989,
      0.09345425285929984,
      0.01694576197398768,
      0.02287862242878686,
      0.4466563300744703,
      0.12857523663238082,
      0.01095031601607324,
      0.058870535897079336,
      0.018262346126461115,
      0.013304860303230413,
      0.007431653407162019,
      0.002356173332866058,
      0.00847727378069625
    ],
    [
      0.08264016078802047,
      0.00026815078430578035,
      0.055052652671543564,
      0.04056379954644758,
      0.009038213485273441,
      0.007775917311166154,
      0.05067486864696939,
      0.02636484450422045,
      0.005770431379597255,
      0.06325634897007648,
      0.08500102561736618,
      0.36334368262267924,
      0.07493229309525269,
      0.05799366822923552,
      0.037009136338439025,
      0.020433258131464127,
      0.009061854537096042,
      0.0056932059833433215,
      0.005126487357503285
    ],
    [
      0.07599828305482792,
      0.0379329442550629,
      0.06838865928879688,
      0.0006232284925502407,
      0.055607514682653826,
      0.029771983973354465,
      0.07386622727591423,
      0.030256296894080575,
      0.11896339356479124,
      0.023594832797822346,
      0.0753795424987556,
      0.029561182751267116,
      0.14603423775494173,
      0.09699573787756595,
      0.05101021889511527,
      0.041471038034270075,
      0.011703859300707936,
      0.028121460263700916,
      0.004719358343820928
    ],
    [
      0.033073343262067546,
      0.007065706776288718,
      0.020105193527878196,
      0.042673557384559586,
      0.008720877597122808,
      0.02881256801663661,
      0.020882303916722442,
      0.03508875774997697,
      0.01852608325399604,
      0.028883914982599058,
      0.014257010020407662,
      0.04313567255717812,
      0.033651316236053073,
      0.6171870259063993,
      0.019291424015693805,
      0.014718605516132074,
      0.004739677673863542,
      0.005580109671280428,
      0.003606851935143829
    ],
    [
      0.0583740035823097,
      0.0029473820583949856,
      0.024337349364398027,
      0.09553726000906952,
      0.048582552491997534,
      0.07706605289191441,
      0.05311492563258711,
      0.05387757935491108,
      0.027546668819043756,
      0.07848255554260371,
      0.036182655697128904,
      0.06569682431360324,
      0.06957187480278307,
      0.08742665867061486,
      0.13174867635801438,
      0.02349194629234057,
      0.009598248169091723,
      0.03510247818810792,
      0.02131430776108548
    ],
    [
      0.028506835184550026,
      0.07829560659016123,
      0.0425691463922438,
      0.03802723083423188,
      0.06958916248665739,
      0.014151957996652259,
      0.02922541205356323,
      0.014369303851636952,
      0.09826615528732086,
      0.04801177839134396,
      0.020684458236403552,
      0.031133679092124656,
      0.08502660221420949,
      0.01148749409291688,
      0.016067300582626676,
      0.14168043045594397,
      0.04234113868459186,
      0.10700011204677179,
      0.08356619552604945
    ],
    [
      0.017703641648192346,
      0.09594360864929688,
      0.021134784414470285,
      0.011115979948842777,
      0.011114084772772133,
      0.020665336343942152,
      0.04032745690417132,
      0.02938170424616447,
      0.06507114446966149,
      0.04032402024124668,
      0.030545841643968483,
      0.010442430758216839,
      0.013718631207959974,
      0.024536815746718697,
      0.029630989999480085,
      0.11104859019435703,
      0.2885058201747501,
      0.010170064111963644,
      0.1286190545238246
    ],
    [
      0.018501603980488023,
      0.018064063201042042,
      0.011956588734912016,
      0.024060428591851323,
      0.17831270350356224,
      0.04988756114548322,
      0.025433503452224483,
      0.018787803846086568,
      0.15577093684904497,
      0.0301632943479439,
      0.01776887858484609,
      0.016335635790764334,
      0.0396139395673875,
      0.009914310944736101,
      0.02793505092331939,
      0.05625895972539639,
      0.12952798521776904,
      0.09084075161269038,
      0.08086599998045181
    ],
    [
      0.006401426309312057,
      0.17509129283547148,
      0.008615218356377036,
      0.007130524578328697,
      0.10725227704040499,
      0.022110121291450947,
      0.021628851766689397,
      0.0036999792644791182,
      0.021739115031990594,
      0.0141056378072192,
      0.009593731100907396,
      0.01233864871413733,
      0.001148981726872132,
      0.0008935888425250675,
      0.01957350646501053,
      0.079550113194675,
      0.12165099944105581,
      0.11295783311075511,
      0.254518153122338
    ]
  ]
}