{
  "poids_LS": 0.51,
  "poids_EM": 0.49,
  "mae_validation": 7.089829710457236,
  "matrice_de_transition": [
    [
      0.2437181166611077,
      0.002875973439128414,
      0.010422711009516843,
      0.061583774664779635,
      0.0067247663409579425,
      0.040940054628889465,
      0.09737635615027575,
      0.05814548410761407,
      0.06479030869827024,
      0.054759729695729495,
      0.01649776443590909,
      0.16235321933642238,
      0.024303674802068784,
      0.03950794463686476,
      0.007399934114149646,
      0.04315267385409092,
      0.049059379385424914,
      0.006223268683540201,
      0.010164865355259832
    ],
    [
      0.007019321482617526,
      0.5373509822081117,
      0.0024083385033838427,
      0.012763797120656705,
      0.04208811760033347,
      0.008365841942744577,
      0.04155953896439739,
      0.018794415577759023,
      0.05812504435521508,
      0.013655548021232717,
      0.0027920667678102825,
      0.024372290120884245,
      0.011633671533756775,
      0.00017722429359510192,
      0.029076664591497742,
      0.05991328641094054,
      0.07384114233901999,
      0.011819693427613149,
      0.044243014738430175
    ],
    [
      0.022666258531660446,
      0.019338158408381042,
      0.3487507606160385,
      0.019028001003177322,
      0.025433902349134917,
      0.01590092017450676,
      0.06173373179995983,
      0.1711585860131018,
      0.013101774162722105,
      0.029055385824423276,
      0.006751007109522674,
      0.09845140286941409,
      0.021921568379933486,
      0.032850546203064046,
      0.020064079946721408,
      0.0258994667803333,
      0.062110123199413586,
      0.0008518611761163376,
      0.004932465452374968
    ],
    [
      0.0221566266552953,
      0.016958105975732624,
      0.02503245059270131,
      0.19255542014629332,
      0.012145277088858772,
      0.031192783832944045,
      0.08513339491662066,
      0.051628582959520004,
      0.07798519382176596,
      0.07987717801806908,
      0.03207834366249757,
      0.09420553714001778,
      0.056916968336711914,
      0.03725220270925386,
      0.06398193379996531,
      0.05870423939347921,
      0.026635750428753296,
      0.021470208571272947,
      0.014089801950247123
    ],
    [
      0.006997848807409513,
      0.054491580181059866,
      0.010259062481500176,
      0.026818423668061916,
      0.39411727719537953,
      0.016349645279923625,
      0.07086316635052714,
      0.03368962405634554,
      0.0996428107242289,
      0.028819055466431848,
      0.0025492490055453484,
      0.026906217001753538,
      0.015168965292810276,
      0.0032340702637739032,
      0.00044516855451450676,
      0.010668143615698475,
      0.0363751570507081,
      0.0721595628834642,
      0.09044497212086366
    ],
    [
      0.018298199580609364,
      0.007516695496584771,
      0.03331069737128604,
      0.014219439072879664,
      0.012902964145181094,
      0.3556045820527884,
      0.04023919352430554,
      0.014068850598371745,
      0.03976827313568958,
      0.05934296596124491,
      0.015868903875642906,
      0.08658017906148613,
      0.03371629367228199,
      0.04430475569944258,
      0.04852633359282553,
      0.05417116458235863,
      0.05744993771515662,
      0.048565739153965885,
      0.015544831707898586
    ],
    [
      0.016590567135811075,
      0.007843837991125388,
      0.04190032044706129,
      0.007370368239973371,
      0.022402880074408764,
      0.035392018299060315,
      0.2913503432433731,
      0.04263650943158863,
      0.05422075098010739,
      0.04431377578039729,
      0.05009291049738025,
      0.06717204506334183,
      0.08040013228995732,
      0.01106596477393135,
      0.0587775992496163,
      0.08867308932686081,
      0.038842165330782996,
      0.026100863638900643,
      0.014853858206321922
    ],
    [
      0.011287379967637394,
      0.022625507476368444,
      0.042066064940215434,
      0.022977258307220843,
      0.022496368530281936,
      0.02037673524587693,
      0.019338962394341592,
      0.46413386018095926,
      0.005858757341722563,
      0.04095494251367804,
      0.06059564060358759,
      0.0632790451820347,
      0.012578165012819621,
      0.035199297628167266,
      0.011662434445038025,
      0.043304354972609996,
      0.036519548004604,
      0.02931588385503224,
      0.03542979339780403
    ],
    [
      0.005026701516035829,
      0.010454706732244485,
      0.016806307130224896,
      0.022029730386480723,
      0.038430693124089754,
      0.006921661018110312,
      0.07776941722934703,
      0.03784406213340506,
      0.3929688738761642,
      0.06096742712163179,
      0.0015252270215911857,
      0.04316100452247892,
      0.07046637307273779,
      0.014589201309362776,
      0.021317560094909073,
      0.049568353676309115,
      0.05105653415647718,
      0.030185534416249,
      0.04891063146215089
    ],
    [
      0.012735331581916804,
      0.007047970316266759,
      0.008311558304435116,
      0.014718130321741399,
      0.009893475688379831,
      0.045002185812012124,
      0.06839157637706543,
      0.06445621933757903,
      0.028391843579104764,
      0.4103965559085403,
      0.0340283596923939,
      0.06062173005998016,
      0.04214071162331399,
      0.0058927813590326315,
      0.05641716977163197,
      0.04573180855372497,
      0.06833570443325607,
      0.014441759706249982,
      0.003045127573374714
    ],
    [
      0.021042901511082825,
      0.006207915616873796,
      0.010783538968909274,
      0.03619714621691301,
      0.019716737575038598,
      0.011397799918456695,
      0.03865353546247741,
      0.1117637292448666,
      0.008786691393919537,
      0.011862989407519113,
      0.5113531390826431,
      0.10824895176655097,
      0.005677941637963903,
      0.030525463057744843,
      0.009469364658165023,
      0.03716397958006567,
      0.015530831953036697,
      0.0012217195059305488,
      0.0043956234418425
    ],
    [
      0.042850453741936544,
      0.00013904114741781205,
      0.02854581990376333,
      0.021033081246306155,
      0.004686481066438081,
      0.004031957124308376,
      0.05990813991333781,
      0.057481520920994573,
      0.039276921059721304,
      0.06993579110362806,
      0.04407460587567136,
      0.45806934658502313,
      0.05726212646541967,
      0.030070790933677677,
      0.019189922545857274,
      0.024085309430861603,
      0.030820547285308898,
      0.005879965020511973,
      0.002658178629816518
    ],
    [
      0.03940651713954041,
      0.01966893405818076,
      0.03546078629789468,
      0.0003231555146556804,
      0.028833526131746428,
      0.015437325023220833,
      0.08115162045277458,
      0.047500223335383146,
      0.10034593402428682,
      0.043795003096698926,
      0.03908568870305846,
      0.04944712421417535,
      0.36846592434844455,
      0.050294086306886046,
      0.02644974313080051,
      0.028802986307403092,
      0.007540683263825805,
      0.015543663954228022,
      0.0024470746967960367
    ],
    [
      0.01714914095070169,
      0.0036636998099274834,
      0.010424915162603509,
      0.02220997308709545,
      0.008146815753900132,
      0.019976337359806765,
      0.04557354087291587,
      0.03517234790164725,
      0.021759708152290433,
      0.025507160370690167,
      0.007392523714285454,
      0.04570496918531973,
      0.01744883064091641,
      0.6567193346659648,
      0.01926252185907061,
      0.025310826062907906,
      0.013813744728106734,
      0.002893390199923185,
      0.0018702195219264298
    ],
    [
      0.03026800185749392,
      0.0015282721784270297,
      0.012619366337095273,
      0.04953783852322124,
      0.025190953143998725,
      0.039960175573585256,
      0.10505027836004077,
      0.06475971773947221,
      0.04656742540175944,
      0.09350280547233387,
      0.018761377028140916,
      0.10124081948269575,
      0.04955802843758606,
      0.045332341532911415,
      0.23415864989307542,
      0.040909720939277534,
      0.01180107982893313,
      0.018201284986426328,
      0.011051863283525806
    ],
    [
      0.014781321947544458,
      0.04059772193563916,
      0.022072890721904194,
      0.01971782339552764,
      0.040562671115839534,
      0.007338052294560431,
      0.043681137725127314,
      0.029236264746039402,
      0.08482146795343687,
      0.05670300912305852,
      0.010725274641098138,
      0.06533711121721746,
      0.09548704223853152,
      0.005956478418549494,
      0.00889046990955519,
      0.3239124457819945,
      0.02611211859603816,
      0.055481539579807594,
      0.04858515865853037
    ],
    [
      0.00917966603980344,
      0.06721818040641862,
      0.010958777103799406,
      0.007732151491486846,
      0.005762858771067032,
      0.010715359585747784,
      0.05195531480829592,
      0.05244973715638164,
      0.04213620636472809,
      0.02090875123620198,
      0.015838584556131807,
      0.029777723645444263,
      0.021786105002481425,
      0.018066914158745218,
      0.015364217036767453,
      0.08482609532125433,
      0.42857056726217024,
      0.005273366576573742,
      0.10147942347650085
    ],
    [
      0.009593424286178974,
      0.009366551289429207,
      0.006199712677361786,
      0.012475777788367353,
      0.09245843885369895,
      0.025867624297657967,
      0.06480083853010127,
      0.013088059837312172,
      0.11212629268297923,
      0.04697424325224054,
      0.009213492599549825,
      0.0381741891650175,
      0.02054056125716389,
      0.005140753823196497,
      0.015053900053200679,
      0.047288801212711194,
      0.08308305970660249,
      0.31458631361089673,
      0.07396796507633363
    ],
    [
      0.0033192580863099556,
      0.09411859440558051,
      0.004467150258862167,
      0.0036973090406148797,
      0.055612291798728515,
      0.011464507336307899,
      0.05276354661844541,
      0.011114571382448339,
      0.0316818301315826,
      0.022356471485136906,
      0.004974527237507539,
      0.03287946260481245,
      0.000595768302822587,
      0.0004633423627907757,
      0.021121829464295756,
      0.05005418589984143,
      0.09921438900384427,
      0.0640365618359213,
      0.43606440274414665
    ]
  ]
}