{
  "poids_LS": 0.1075,
  "poids_EM": 0.8925,
  "mae_validation": 8.193733758702706,
  "matrice_de_transition": [
    [
      0.15880455725355117,
      0.005238380192698183,
      0.018984223624477107,
      0.09710193107806285,
      0.012248681549601967,
      0.0745693852169058,
      0.05248797016784647,
      0.03546835988190599,
      0.045223507069191426,
      0.043436926804572076,
      0.030049499508262988,
      0.1916299861112139,
      0.04426740767519671,
      0.07196089916000366,
      0.013478451422201141,
      0.047447380786833006,
      0.027752636926804124,
      0.011335239387876794,
      0.018514576182794694
    ],
    [
      0.012785192700481922,
      0.4164702243597017,
      0.004386616559734856,
      0.02324834475548186,
      0.07666049991489311,
      0.015237783538570481,
      0.025422918238739215,
      0.031385746085304984,
      0.06039179934480067,
      0.012064026401998953,
      0.005085550184225872,
      0.00748610532834997,
      0.017341327140676096,
      0.00032280139190536423,
      0.028356363088995057,
      0.07683526947790344,
      0.0991890235418547,
      0.016475575830784725,
      0.07085483211559697
    ],
    [
      0.041284970896952954,
      0.0352230742438369,
      0.21252472055831875,
      0.025317504931103584,
      0.017151057027469756,
      0.024244871414201032,
      0.044868714454989835,
      0.16636097504869612,
      0.004605066226993757,
      0.047826349468445106,
      0.012296477235202012,
      0.12471145316072554,
      0.03992857097773599,
      0.05983492344129523,
      0.03654528847438542,
      0.030296000358048178,
      0.06644424429399044,
      0.0015516042850690435,
      0.00898413350254012
    ],
    [
      0.04035671283643072,
      0.030887978741512997,
      0.04559482072242024,
      0.11050416031872468,
      0.022121754697564194,
      0.05681542769571951,
      0.04127877733573742,
      0.01376459718541165,
      0.04817511251624732,
      0.06360151080212159,
      0.058428411670977724,
      0.06539323151907278,
      0.07410769997055869,
      0.06785222636328382,
      0.10538121402188218,
      0.05716540897943393,
      0.033800935458703364,
      0.03910645132624715,
      0.025663567837950117
    ],
    [
      0.01274608175635304,
      0.09925252104407332,
      0.01868614951987532,
      0.0488478431096842,
      0.26593573956193184,
      0.029779711045575176,
      0.04059303566971967,
      0.02543568338917825,
      0.11531757292072917,
      0.011227579879828864,
      0.00464327497438617,
      0.009596922031362693,
      0.027629186783333,
      0.005890627980445323,
      0.0008108427242942801,
      0.019431261585736506,
      0.04492218974523404,
      0.09434378928347123,
      0.12490998699478789
    ],
    [
      0.033328863521824195,
      0.013691123940207975,
      0.060673055926270994,
      0.025899692597030816,
      0.023501827550151278,
      0.17290874554990057,
      0.01059947637402095,
      0.022330560717832036,
      0.040771085391590974,
      0.05091174533268525,
      0.028904074916349578,
      0.08510498471586903,
      0.06141182061737076,
      0.08069794788112757,
      0.06810855253292156,
      0.06985061593678639,
      0.05869417735803906,
      0.07777817912228129,
      0.014833470017739731
    ],
    [
      0.03021853299737017,
      0.01428699062669267,
      0.0763184408142902,
      0.01342459929423721,
      0.029999521787305614,
      0.06446403333043128,
      0.06651439713523849,
      0.05492191124235805,
      0.07205599055553863,
      0.011825573543454043,
      0.08611431734368638,
      0.043155209212261944,
      0.09137141699563225,
      0.020155864409660672,
      0.09491463529768648,
      0.10408769614720548,
      0.051574768763152076,
      0.04754085877085474,
      0.027055241732943502
    ],
    [
      0.020559156369625253,
      0.04121074576052824,
      0.07662033256967811,
      0.04045028048502136,
      0.040975528394442094,
      0.03711476776927583,
      0.028935498735210147,
      0.19820797517913746,
      0.009823833482121102,
      0.053493998310893916,
      0.11037063109939167,
      0.08460888373854032,
      0.008509030882437978,
      0.05975610069656984,
      0.004040194325153154,
      0.05738642794348483,
      0.02559650618016393,
      0.05339678845023729,
      0.048943319628087414
    ],
    [
      0.009155777761350976,
      0.01904250154801674,
      0.030611487987195346,
      0.04012558034680418,
      0.06999876247602062,
      0.012607311140129498,
      0.03895763032701681,
      0.03439157984332931,
      0.2690981428661985,
      0.038242963329259506,
      0.002778092075041088,
      0.01288165361250881,
      0.09136621875368126,
      0.026573188099196485,
      0.038828413030012957,
      0.057411114461283434,
      0.07193408916333803,
      0.05498079482959639,
      0.0810146983500201
    ],
    [
      0.01730610853789095,
      0.012837374504628738,
      0.015138909768792534,
      0.013065924983138664,
      0.018020259289548975,
      0.08196826701473636,
      0.051597941141258,
      0.08401920177374303,
      0.04209062667209013,
      0.24061882554579445,
      0.061980226582574606,
      0.058149431822365996,
      0.07263606434914528,
      0.005285007725864032,
      0.1027598449411868,
      0.05578480569358724,
      0.03489006353719486,
      0.02630463375066961,
      0.005546482365789657
    ],
    [
      0.01966786836532001,
      0.011307274873591556,
      0.01964144597908475,
      0.05207524478477542,
      0.006847768956692136,
      0.020760278422903265,
      0.03832478710462883,
      0.09556688474994215,
      0.016004330753210585,
      0.021607587849409814,
      0.45412134649849023,
      0.1262298960709389,
      0.010341965126291394,
      0.05559995056946382,
      0.017247771341657718,
      0.016057835604403714,
      0.008366174008609097,
      0.0022252748143734994,
      0.008006314126213124
    ],
    [
      0.07804904074424156,
      0.0002532535185110148,
      0.05199417196756892,
      0.038310255127200495,
      0.008536090513869362,
      0.007343921904990256,
      0.05174024610078114,
      0.029955230244617465,
      0.009636564804226953,
      0.06402705383164012,
      0.0802787464164014,
      0.3742735669260266,
      0.07289342771488734,
      0.05477179777205577,
      0.034953073208525746,
      0.020854648666009987,
      0.011572472931120603,
      0.005714755103016627,
      0.004841682504308658
    ],
    [
      0.0717761562184486,
      0.035825558463114957,
      0.06458928932830817,
      0.0005886046874085607,
      0.05251820831139528,
      0.02811798486372366,
      0.07470684956555196,
      0.032245980714230876,
      0.1168152251562715,
      0.025925621678461953,
      0.07119179013771362,
      0.03185571445852576,
      0.17169943236188434,
      0.09160708577325673,
      0.04817631784538664,
      0.040009339758093114,
      0.011223492834913846,
      0.026670176074146353,
      0.00445717176916421
    ],
    [
      0.031235935303063796,
      0.0066731675109393445,
      0.01898823833188496,
      0.040312374581006026,
      0.008654639692135575,
      0.02779300294084855,
      0.02373129279628322,
      0.03509840276747739,
      0.018899193819183858,
      0.028494289450455724,
      0.013464953908162791,
      0.04343212986042523,
      0.03178179866738346,
      0.6217484461478876,
      0.019288089151468055,
      0.015940784809990824,
      0.0057866854108916035,
      0.005270103578431514,
      0.003406471272080283
    ],
    [
      0.05513100338329249,
      0.0027836386107063754,
      0.02298527439970925,
      0.0902296344530101,
      0.04588352179799767,
      0.07278460550903028,
      0.05910746633190868,
      0.05513321070697583,
      0.0297413715016648,
      0.08021566130372641,
      0.03417250815839953,
      0.06979805452542161,
      0.06726258483756803,
      0.08256962207780293,
      0.14356521176590603,
      0.025501689520833298,
      0.009852421052919579,
      0.033152340510990815,
      0.020130179552136286
    ],
    [
      0.02692312211874169,
      0.07394585066848561,
      0.04020419381489692,
      0.035914606898996775,
      0.06623995194387071,
      0.013365738107949356,
      0.03089338040028216,
      0.016084722416375694,
      0.09671484521033423,
      0.04901461270654179,
      0.019535321667714465,
      0.03508022895271229,
      0.08623357606316973,
      0.01084929997664372,
      0.015239204735733813,
      0.16270720145510364,
      0.0404685594436049,
      0.1010556613775067,
      0.07952992204133572
    ],
    [
      0.01672010600107055,
      0.09262913615973399,
      0.019960629724777492,
      0.010725538203763246,
      0.010496635618729237,
      0.019517262102612034,
      0.0416691328161857,
      0.03204340035118953,
      0.06242480545755378,
      0.038083796894510746,
      0.02884885044152579,
      0.012673426091358464,
      0.014649493568866294,
      0.023790288640414065,
      0.027984823888397858,
      0.10802291770899904,
      0.3046671371463755,
      0.009605060550187885,
      0.1254875586337488
    ],
    [
      0.01747373709268313,
      0.017060504134317485,
      0.011292333805194682,
      0.02272373811452625,
      0.1684064421978088,
      0.04711602997073415,
      0.029975888268902573,
      0.01813014107584337,
      0.15073501636834508,
      0.032103019221516586,
      0.016781718663465752,
      0.01885546887240893,
      0.03741316514697708,
      0.009363515892250762,
      0.026448764284459542,
      0.05522394143547118,
      0.12416895535109598,
      0.11665754722786804,
      0.08007007287613048
    ],
    [
      0.006045791514350276,
      0.16574828917048406,
      0.00813659511435609,
      0.0067343843239771025,
      0.10129381720482694,
      0.020881781219703674,
      0.025221316557276628,
      0.004555509124244798,
      0.022886351389635826,
      0.015057657077748166,
      0.009060746039745875,
      0.014708742624599844,
      0.001085149408712569,
      0.0008439450179403415,
      0.01975215911877421,
      0.07614673696834806,
      0.1190621597752237,
      0.10731307104058198,
      0.27546579730946974
    ]
  ]
}