{
  "poids_LS": 0.59,
  "poids_EM": 0.41000000000000003,
  "mae_validation": 6.874305444208278,
  "matrice_de_transition": [
    [
      0.2605953458601251,
      0.0024064267551890815,
      0.008721043905922257,
      0.05452426531555564,
      0.005626845305699504,
      0.034255964077234045,
      0.10629827137659709,
      0.06265273861210263,
      0.06867936243821136,
      0.05701022468030737,
      0.013804251874944344,
      0.15653423463584265,
      0.020335727895608575,
      0.033057667961458266,
      0.0061917816057170515,
      0.042299067507210505,
      0.05329425987409488,
      0.005207224816839761,
      0.008505295501339862
    ],
    [
      0.005873309811986094,
      0.5613769713456839,
      0.002015140380382399,
      0.010679911876467857,
      0.0352165881961974,
      0.006999990196990362,
      0.04476681761794435,
      0.016291790880607032,
      0.05767450920200553,
      0.013971875299589737,
      0.0023362191322494202,
      0.02772855045231963,
      0.010499230667785232,
      0.00014828971504896285,
      0.029219830107523118,
      0.05654991089452556,
      0.0688030541496367,
      0.010894300651827494,
      0.03895370942122932
    ],
    [
      0.018965644893838333,
      0.016180908055992302,
      0.37582674373310077,
      0.01777791326594974,
      0.027080182164621158,
      0.014242495083387402,
      0.06508578493684827,
      0.1721121484408098,
      0.014790560833177428,
      0.025324511062878564,
      0.005648801867151625,
      0.0932320139916379,
      0.01834253680769945,
      0.027487191720931146,
      0.016788311792154648,
      0.025025621597185,
      0.06124868298185793,
      0.0007127818004238744,
      0.004127164970354566
    ],
    [
      0.0185392182217777,
      0.01418943561234771,
      0.020945519883688854,
      0.20886374508096534,
      0.01016237470700428,
      0.02610008443164706,
      0.09384984064698254,
      0.05915434410716886,
      0.08391017892596841,
      0.08311209324111454,
      0.02684106306453879,
      0.0999322065802056,
      0.05350017695607156,
      0.03117021043019201,
      0.055753505432876244,
      0.059010093885711816,
      0.025211614273732166,
      0.017964868396371243,
      0.01178942612163535
    ],
    [
      0.005855342879669185,
      0.04559499566170316,
      0.00858411350492872,
      0.022439905518174257,
      0.41959435299830083,
      0.013680315438303442,
      0.07687958983988018,
      0.03533015884733531,
      0.09652733003921021,
      0.03231549781904859,
      0.002133045086272639,
      0.030346573766054822,
      0.012692399530718802,
      0.002706058792137348,
      0.00037248797418560774,
      0.008926405882523214,
      0.03467636794372158,
      0.06775027564868019,
      0.08359478282915203
    ],
    [
      0.01531073842459151,
      0.006289479905305625,
      0.02787221616781077,
      0.011897897999756456,
      0.010796357754131122,
      0.3919167980036729,
      0.04613031742995217,
      0.012426771568416907,
      0.03956895641401974,
      0.06101873652095863,
      0.013278062426558351,
      0.08687338539104977,
      0.028211592664562482,
      0.037071326197492774,
      0.044634215542620106,
      0.05105475189079535,
      0.05720263542588807,
      0.04275953990560506,
      0.015686220366812147
    ],
    [
      0.01388190311363784,
      0.006563211380329406,
      0.035059451802643124,
      0.006167042813038944,
      0.020892988553832995,
      0.02961372959717292,
      0.3360382331530644,
      0.040194690438143776,
      0.05067585864213348,
      0.05077105821258476,
      0.0429333762173691,
      0.07194557765486082,
      0.07821950427392255,
      0.009259276647575213,
      0.051595082768012286,
      0.08560931654269292,
      0.03631146154298293,
      0.021839498146835234,
      0.012428738499167324
    ],
    [
      0.009444542421900678,
      0.018931547072063393,
      0.03519813597038434,
      0.019504359489272913,
      0.01882349203554203,
      0.017049921328182737,
      0.017431576289324242,
      0.5169886944670357,
      0.00507066767406571,
      0.0384627078210637,
      0.050702474790756964,
      0.0590395741645926,
      0.013386937013889265,
      0.03031844235991334,
      0.01317741384774806,
      0.040505433636783945,
      0.03869058737343681,
      0.02452961710319024,
      0.03274387514085329
    ],
    [
      0.004206015554234062,
      0.008747815837184161,
      0.014062420251820834,
      0.018433039711136932,
      0.032156294246687346,
      0.005791593913112711,
      0.0854835612099344,
      0.03853026979354435,
      0.4175891433936729,
      0.06548409073253808,
      0.0012762103650048697,
      0.04917926060396365,
      0.06631236647776767,
      0.01220729089150763,
      0.017837142120230045,
      0.048009544079295585,
      0.04690695800604522,
      0.025257283899310392,
      0.04252969891300919
    ],
    [
      0.011826854174518217,
      0.0058972812850395335,
      0.006954569193506935,
      0.015046518960469893,
      0.008278214351501492,
      0.03765489016923464,
      0.07172944176554888,
      0.06056792469188184,
      0.025669104082362334,
      0.4441411979682165,
      0.02847270913037041,
      0.06111311852956807,
      0.03607952350389411,
      0.006013581087364278,
      0.047206203278304305,
      0.043733697320957304,
      0.07498328523247319,
      0.01208392138686223,
      0.002547963887925781
    ],
    [
      0.021316200024526367,
      0.005194378373302565,
      0.009022961178066944,
      0.03304125084938756,
      0.02227454500228758,
      0.009536934625647439,
      0.038718876750993905,
      0.11498297784013109,
      0.007352129533687776,
      0.009926174810373136,
      0.5227284022049592,
      0.10467509948244902,
      0.004750930758296327,
      0.025541713987092624,
      0.007923345938464612,
      0.04135898956280593,
      0.01695486334571796,
      0.0010222550967990307,
      0.003677970635011071
    ],
    [
      0.03585446129427344,
      0.00011634055192102642,
      0.023885277878659114,
      0.01759910879792964,
      0.003921341300489007,
      0.00337367841013558,
      0.06153157222390808,
      0.06295258490636145,
      0.04516817199249036,
      0.07111019851172504,
      0.03687875185515359,
      0.47472440838060004,
      0.05415528398105342,
      0.025161274046546632,
      0.0160568739669418,
      0.024727428340645778,
      0.0346462515047749,
      0.005912801774299868,
      0.0022241902820913724
    ],
    [
      0.03297280005553381,
      0.016457679518069618,
      0.029671270167626163,
      0.0002703954306302632,
      0.02412601166125722,
      0.012916945427592945,
      0.08243256870365112,
      0.05053212248989789,
      0.09707253454463768,
      0.047346681391006895,
      0.032704351771946874,
      0.052943553482379,
      0.4075747923209285,
      0.04208280690984343,
      0.022131417721690225,
      0.026575636553228678,
      0.006808696268330046,
      0.013332183284430593,
      0.002047552297319133
    ],
    [
      0.014349281203648357,
      0.003065544738918915,
      0.008722888197280489,
      0.018611980243585274,
      0.008045881803443398,
      0.01842271438717734,
      0.049914857260818,
      0.03518704507117169,
      0.02232825758495758,
      0.024913445274090798,
      0.006185581067055176,
      0.046156713647410565,
      0.014600041964848426,
      0.6636700702720422,
      0.019257440161202795,
      0.027173194510692663,
      0.015409185089292352,
      0.0024209999632010325,
      0.0015648775591629313
    ],
    [
      0.02532628726851532,
      0.0012787583533777189,
      0.010559061628998088,
      0.041450028152083075,
      0.021078144467427506,
      0.03343606527585705,
      0.11418176894948315,
      0.0666730607521423,
      0.04991173425146769,
      0.09614372853690183,
      0.015698295064362808,
      0.10749031313879992,
      0.04603911039535362,
      0.037931142915293224,
      0.25216479908605316,
      0.04397218681126645,
      0.012188390890004145,
      0.0152296466212955,
      0.00924747744131751
    ],
    [
      0.01236804489488414,
      0.03396952243594297,
      0.018469153461185144,
      0.01649858692278844,
      0.03545911219349794,
      0.006140002940346484,
      0.04622280377727044,
      0.03185023589230796,
      0.08245756688374298,
      0.058231137603359975,
      0.008974209393571913,
      0.07135090148097004,
      0.09732624048456616,
      0.00498399214613325,
      0.007628609571432732,
      0.35595323968547593,
      0.023258664514534212,
      0.04642332903616554,
      0.04243464668182373
    ],
    [
      0.007680945053713082,
      0.06216755566041805,
      0.009169589005219912,
      0.007137192641841846,
      0.004821983869668334,
      0.008965913122768555,
      0.05399977334088925,
      0.056505655030705544,
      0.0381036897748497,
      0.01749507756498533,
      0.013252693200028656,
      0.03317733558166007,
      0.023204561933386297,
      0.016929349044376256,
      0.012855773438927869,
      0.08021554677213738,
      0.4531973359808375,
      0.0044124087681535395,
      0.09670762021543292
    ],
    [
      0.008027150933333428,
      0.00783731842584893,
      0.005187514689221087,
      0.010438916108633909,
      0.07736318353064607,
      0.02164433869804034,
      0.07172256777456312,
      0.01208590704456063,
      0.1044525090933413,
      0.049930014488160826,
      0.007709248909827405,
      0.042013934813237834,
      0.017187000235586114,
      0.004301447076552172,
      0.01278908231779519,
      0.0457116304852061,
      0.07491691895738639,
      0.3539261926435484,
      0.07275512377451065
    ],
    [
      0.002777338398749147,
      0.07988163643988541,
      0.0037378196043540584,
      0.0030936667482695935,
      0.046532733954038154,
      0.009592751036502528,
      0.05823777868029262,
      0.012418235930662706,
      0.033429999819422955,
      0.023807167516419134,
      0.004162359525261411,
      0.036491034277898175,
      0.0004985000084842056,
      0.00038769463009024095,
      0.021394062079554698,
      0.0448680887930575,
      0.09526949046543345,
      0.05543501963375272,
      0.46798462245787126
    ]
  ]
}