{
  "poids_LS": 0.4875,
  "poids_EM": 0.5125,
  "mae_validation": 7.150753351093099,
  "matrice_de_transition": [
    [
      0.23897139594888406,
      0.0030080334439863514,
      0.01090130488240282,
      0.06356926166924888,
      0.007033556632124379,
      0.04281995509654255,
      0.09486706749287287,
      0.05687781877822666,
      0.0636965123339118,
      0.05412677798131697,
      0.01725531484368043,
      0.1639898087834604,
      0.025419659869510714,
      0.04132208495182283,
      0.007739727007146313,
      0.04339275063915103,
      0.047868319247986485,
      0.0065090310210496995,
      0.010631619376674823
    ],
    [
      0.007341637264982616,
      0.5305936727631695,
      0.0025189254754779985,
      0.01334988984558482,
      0.044020735245246745,
      0.00874998774623795,
      0.0406574918430873,
      0.01949827877383302,
      0.05825175736705526,
      0.013566580974194803,
      0.002920273915311775,
      0.023428341902668043,
      0.011952733027311271,
      0.00018536214381120354,
      0.029036399290115603,
      0.060859235774932255,
      0.07525810464228404,
      0.012079960145802864,
      0.04573063185889291
    ],
    [
      0.023707056117297915,
      0.020226135069990377,
      0.3411356403643647,
      0.01937958817927258,
      0.02497088615102941,
      0.01636735223138408,
      0.060790966855209946,
      0.17089039658030894,
      0.012626802911656545,
      0.030104694351107724,
      0.007061002333939531,
      0.09991935599128862,
      0.02292817100962431,
      0.03435898965116393,
      0.020985389740193306,
      0.026145235738093756,
      0.06235240326060111,
      0.0008909772505298429,
      0.005158956212943206
    ],
    [
      0.023174022777222122,
      0.017736794515434633,
      0.026181899854611064,
      0.1879687037584168,
      0.012702968383755349,
      0.03262510553955882,
      0.08268189455495636,
      0.049511962636743755,
      0.07631879176120901,
      0.07896735811158755,
      0.03355132883067348,
      0.09259491135996495,
      0.05787794091251701,
      0.03896276303774001,
      0.0662961792782091,
      0.058618217817538794,
      0.02703628872235299,
      0.02245608549546405,
      0.014736782652044185
    ],
    [
      0.007319178599586479,
      0.056993744577128934,
      0.010730141881160898,
      0.028049881897717815,
      0.38695184962580786,
      0.017100394297879302,
      0.06917104724414659,
      0.033228223646379666,
      0.10051903966689041,
      0.02783568105475839,
      0.002666306357840798,
      0.0259386166617938,
      0.0158654994133985,
      0.003382573490171684,
      0.00046560996773200956,
      0.011158007353154016,
      0.03685294148704806,
      0.0733996749182472,
      0.09237158785915757
    ],
    [
      0.019138423030739385,
      0.00786184988163203,
      0.034840270209763456,
      0.014872372499695566,
      0.0134954471926639,
      0.34539177131660215,
      0.03858231492584243,
      0.014530685325546543,
      0.03982433096365921,
      0.05887165549132542,
      0.016597578033197936,
      0.08649771478129634,
      0.03526449083070309,
      0.046339157746865964,
      0.049620991794445804,
      0.0550476556518608,
      0.057519491484013405,
      0.05019873269256736,
      0.015505066147579145
    ],
    [
      0.017352378892047295,
      0.008204014225411756,
      0.043824314753303895,
      0.0077088035162986785,
      0.022827537064570698,
      0.037017161996466146,
      0.2787818742062724,
      0.04332327102349499,
      0.055217751950162555,
      0.042497665096344554,
      0.052106529513633384,
      0.06582948902197712,
      0.08101343391946711,
      0.011574095809469014,
      0.06079768201006742,
      0.08953477542240802,
      0.03955392577110176,
      0.027299372683544036,
      0.015535923123959152
    ],
    [
      0.011805678027375845,
      0.023664433840079237,
      0.04399766996298042,
      0.023954011099768698,
      0.02352936504442753,
      0.02131240166022842,
      0.01987541473637772,
      0.44926843803800026,
      0.006080407560751052,
      0.041655883520975816,
      0.0633780934884462,
      0.0644713964056903,
      0.012350697887518785,
      0.03657203817236368,
      0.011236346488025828,
      0.044091551598311074,
      0.03590894318211977,
      0.030662021378987797,
      0.03618520790757142
    ],
    [
      0.0052575194427925765,
      0.0109347697964802,
      0.01757802531477604,
      0.023041299638921164,
      0.040195367808359174,
      0.007239492391390888,
      0.07559981423480683,
      0.03765106622899089,
      0.3860444230743649,
      0.05969711548106439,
      0.001595262956256087,
      0.04146836999956133,
      0.07163468742757315,
      0.015259113614384536,
      0.02229642765028755,
      0.05000676887546917,
      0.05222360244878617,
      0.03157160487413799,
      0.05070526874159699
    ],
    [
      0.012990840852747657,
      0.007371601606299415,
      0.008693211491883667,
      0.014625771017099009,
      0.010347767939376864,
      0.047068612711543285,
      0.06745280173655445,
      0.06554980220668136,
      0.02915761406256357,
      0.40090587532925637,
      0.035590886412963006,
      0.06048352705290856,
      0.04384542078190083,
      0.005858806435439355,
      0.05900775409788037,
      0.046293777337940864,
      0.06646607233347625,
      0.015104901733577786,
      0.003184954859907226
    ],
    [
      0.02096603630417683,
      0.006492972966628204,
      0.01127870147258368,
      0.037084741789029534,
      0.018997354236124822,
      0.011921168282059297,
      0.03863515822508215,
      0.11085831557744846,
      0.009190161917109719,
      0.01240771851296642,
      0.5081538463294917,
      0.10925409772145464,
      0.005938663447870408,
      0.03192714248386578,
      0.009904182423080762,
      0.03598413302241997,
      0.015130323123845092,
      0.0012778188709987883,
      0.004597463293763838
    ],
    [
      0.04481807661784179,
      0.000145425689901283,
      0.02985659734832389,
      0.021998885997412048,
      0.004901676625611258,
      0.004217098012669475,
      0.059451549575989915,
      0.05594278417511014,
      0.03762000673488,
      0.06960548902010077,
      0.046098439818941975,
      0.45338511045501706,
      0.058135925914147665,
      0.031451592558183285,
      0.020071092458677248,
      0.023904713487484804,
      0.029744567973584084,
      0.005870729683509127,
      0.0027802378526142154
    ],
    [
      0.04121600006941726,
      0.02057209939758702,
      0.037089087709532696,
      0.000337994288287829,
      0.03015751457657152,
      0.016146181784491176,
      0.08079135375721555,
      0.04664750169817588,
      0.10126657762793813,
      0.04279609357642481,
      0.04088043971493359,
      0.04846375348249307,
      0.3574665552311834,
      0.05260350863730428,
      0.027664272152112777,
      0.029429428425764646,
      0.0077465546063089875,
      0.01616564289260855,
      0.002559440371648916
    ],
    [
      0.017936601504560442,
      0.003831930923648643,
      0.010903610246600607,
      0.023221908574332685,
      0.00817520342746609,
      0.020413293820858786,
      0.044352545638818394,
      0.035168214322718494,
      0.0215998036243528,
      0.025674142741608737,
      0.00773197633381897,
      0.04557791605535669,
      0.01825005245606053,
      0.6547644402767554,
      0.019263951086595933,
      0.02478703493696844,
      0.01336502712652328,
      0.00302624995400129,
      0.001956096948953664
    ],
    [
      0.03165785908564415,
      0.0015984479417221484,
      0.013198827036247607,
      0.05181253519010384,
      0.026347680584284376,
      0.04179508159482131,
      0.10248204663176008,
      0.06422159001715876,
      0.04562683853777899,
      0.09276004586042413,
      0.019622868830453506,
      0.09948314939191644,
      0.050547724136963935,
      0.047413928644116525,
      0.2290944204325504,
      0.040048402412780654,
      0.011692148593006905,
      0.019037058276619372,
      0.011559346801646888
    ],
    [
      0.015460056118605172,
      0.04246190304492871,
      0.023086441826481424,
      0.020623233653485545,
      0.04199804706274811,
      0.007675003675433103,
      0.042966294147962054,
      0.028501085361151368,
      0.08548631512928827,
      0.05627322298797373,
      0.011217761741964889,
      0.06364573270553704,
      0.09496976773183427,
      0.006229990182666562,
      0.009245368129652131,
      0.3149009724966404,
      0.026914652556461142,
      0.058029161295206924,
      0.050314990151979114
    ],
    [
      0.009601181317141352,
      0.06863866861623127,
      0.011461986256524889,
      0.0078994836679495,
      0.006027479837085416,
      0.01120739140346069,
      0.05138031084600403,
      0.051309010254228044,
      0.04327035165563139,
      0.02186884695623166,
      0.016565866500035817,
      0.028821582788383565,
      0.02138716399066443,
      0.01838685434716149,
      0.016069716798659834,
      0.08612281210069347,
      0.42164428856004504,
      0.005515510960191923,
      0.1028214931436762
    ],
    [
      0.010033938666666783,
      0.00979664803231116,
      0.006484393361526357,
      0.013048645135792384,
      0.09670397941330756,
      0.027055423372550423,
      0.06285410218009638,
      0.013369915310273543,
      0.1142845443175649,
      0.04614293259213796,
      0.009636561137284255,
      0.03709426070145553,
      0.021483750294482636,
      0.0053768088456902135,
      0.01569088004128347,
      0.04773238047982199,
      0.0853797867923195,
      0.3035219726329635,
      0.07430907669247133
    ],
    [
      0.003471672998436433,
      0.09812273883343225,
      0.004672274505442573,
      0.0038670834353369916,
      0.05816591744254768,
      0.011990938795628158,
      0.051223918851050876,
      0.010747915728263047,
      0.0311901574068775,
      0.021948463226338772,
      0.005202949406576763,
      0.031863708071757084,
      0.0006231250106052568,
      0.0004846182876128011,
      0.021045264041254178,
      0.0515127757111244,
      0.10032389171777231,
      0.06645574558028121,
      0.42708684094966165
    ]
  ]
}