{
  "poids_LS": 0.945,
  "poids_EM": 0.05500000000000005,
  "mae_validation": 5.9432387162121305,
  "matrice_de_transition": [
    [
      0.3354880504307651,
      0.00032281334520829167,
      0.0011698961337212794,
      0.023197692578374174,
      0.000754820711740178,
      0.004595312254263107,
      0.14588927019339806,
      0.08265368047577062,
      0.08593703840920011,
      0.06699679617437168,
      0.001851789885663267,
      0.1307124900270203,
      0.0027279634981913965,
      0.004434565214341967,
      0.00083060484954741,
      0.03851118934292866,
      0.07208654204256788,
      0.0006985301583565537,
      0.0011409542745699822
    ],
    [
      0.0007878830235591108,
      0.6679922981436603,
      0.0002703237095634928,
      0.0014326711053798357,
      0.004724176465343557,
      0.0009390230752060249,
      0.058999116643059,
      0.005186393786995068,
      0.05567525945963811,
      0.015375577597299017,
      0.0003133952494480932,
      0.04262195567306415,
      0.005465149325036512,
      1.9892522750470642e-05,
      0.029855127084885736,
      0.04162493204043405,
      0.04644653780924832,
      0.006787870209278653,
      0.015482417076150525
    ],
    [
      0.0025441718760027057,
      0.002170609617267262,
      0.4959764188150648,
      0.012230648932002354,
      0.03438554884584136,
      0.006883233741545249,
      0.07996052073179075,
      0.17634358171376385,
      0.022284551683322926,
      0.008768754308523911,
      0.0007577661041300967,
      0.07007097584650605,
      0.002460584205910904,
      0.003687306206466376,
      0.00225209060626465,
      0.021147933596964423,
      0.05742604201645472,
      9.56170707885686e-05,
      0.0005536440813890275
    ],
    [
      0.002486968298043352,
      0.0019034608748271333,
      0.002809764862446068,
      0.2812319369785724,
      0.0013632453875249656,
      0.0035012308383916817,
      0.13252906857546343,
      0.0925499091998607,
      0.11020230032586684,
      0.0974670295433788,
      0.00360063041109667,
      0.1253443022210391,
      0.03833816520447999,
      0.004181369691855029,
      0.019239854553918516,
      0.060367323194993994,
      0.018892010085825896,
      0.0024099213702449248,
      0.001581508382170597
    ],
    [
      0.0007854728253214766,
      0.0061164018570577456,
      0.001151527421392878,
      0.0030102312280477685,
      0.532648876873764,
      0.001835164266113878,
      0.10357746907388428,
      0.04261003198235242,
      0.08270238449943978,
      0.04783096075878538,
      0.0002861401944999884,
      0.045613156907641776,
      0.0017026389614378896,
      0.0003630078867501323,
      4.996789897611815e-05,
      0.0011974446915579931,
      0.027137991281468887,
      0.048184063544326174,
      0.05319706784718158
    ],
    [
      0.0020538795447622776,
      0.0008437107190044139,
      0.0037389558273892526,
      0.0015960594877722086,
      0.001448291893846859,
      0.5530522562857231,
      0.07227217976125909,
      0.0051400458729923045,
      0.03868448846160981,
      0.06845496837968826,
      0.0017812034962456339,
      0.08817448847848845,
      0.003784481942807165,
      0.004972982782590498,
      0.027362941694833557,
      0.03722567057198328,
      0.05610523151725884,
      0.016994530741003912,
      0.016313632540741075
    ],
    [
      0.0018622065152441019,
      0.0008804307949222381,
      0.0047030971930374955,
      0.0008272862310174199,
      0.014192844931278011,
      0.00397257348254759,
      0.5343407446273197,
      0.029359118654732237,
      0.034945398892374246,
      0.07942524900541668,
      0.011162942849819588,
      0.09312812852972631,
      0.06854296745276825,
      0.0012420980868698465,
      0.01972266588089448,
      0.07201382481294794,
      0.02508146348462014,
      0.0029296887757949727,
      0.0016672697986687887
    ],
    [
      0.0012669508126939943,
      0.0025395977779597255,
      0.004721701166758879,
      0.004093370984628977,
      0.002525102590133689,
      0.0022871845684147595,
      0.008967550448309738,
      0.7515320216114996,
      0.0015735197738384256,
      0.027403416372587586,
      0.006801551496321062,
      0.04022692152469323,
      0.016975862768635806,
      0.008659647107036527,
      0.019900134947273846,
      0.02808522020905583,
      0.04832457457263239,
      0.003290558391891377,
      0.02082511287563441
    ],
    [
      0.0005642215987387161,
      0.0011734874903539738,
      0.0018864222289027963,
      0.002472724839298859,
      0.0043136492282141595,
      0.0007769211346858521,
      0.11971507512379087,
      0.04157531628541241,
      0.5268415893776178,
      0.08552678550593475,
      0.00017119895140309244,
      0.0758852719655522,
      0.04787896221258772,
      0.0016375634122754153,
      0.002392787357591837,
      0.041092326492548056,
      0.028493213838503357,
      0.0033881722303952993,
      0.01421431072619285
    ],
    [
      0.0077954856791869805,
      0.0007910987089687185,
      0.0009329300137631262,
      0.016503743544827584,
      0.0011104921691038596,
      0.005051265754409528,
      0.08654121942694426,
      0.04331361720160055,
      0.013586947565567784,
      0.5938830471080296,
      0.0038195097613911554,
      0.06329365486336441,
      0.009183001223968371,
      0.006549629881835962,
      0.006332539464162778,
      0.034867078725550824,
      0.10448192502899922,
      0.001621013844579081,
      0.00034180003374614164
    ],
    [
      0.02252896217793208,
      0.0006968068549552226,
      0.0012103972312041034,
      0.019036965155993388,
      0.033624815460704956,
      0.0012793448888063648,
      0.03900882871878581,
      0.12926839348161723,
      0.0009862612789093366,
      0.001331560035537861,
      0.5732061323102368,
      0.08881612997174662,
      0.000637319979771459,
      0.0034263274860734036,
      0.001062887869794034,
      0.059974346361215854,
      0.023274002650741057,
      0.00013713178127791888,
      0.0004933863046966075
    ],
    [
      0.0048097448077683925,
      1.5606659404040142e-05,
      0.0032041226422591523,
      0.0023608560582588562,
      0.0005260335890899891,
      0.0004525666159937977,
      0.06873555310206367,
      0.08723043134142698,
      0.07131059800665308,
      0.0763216313851554,
      0.004947149639105973,
      0.5486312450984727,
      0.04036867045667821,
      0.0033752928599025994,
      0.00215397089800439,
      0.027576831002813038,
      0.05162281397865525,
      0.00605851486923365,
      0.00029836698906103804
    ],
    [
      0.004423180495254539,
      0.002207737496326414,
      0.00398029233955961,
      3.6272557767474366e-05,
      0.003236416198461337,
      0.0017327609719941768,
      0.0881167765669158,
      0.06398617498805703,
      0.08254682435369468,
      0.06310725382199851,
      0.004387169140139219,
      0.06845895836003268,
      0.5811203939488264,
      0.005645254585466807,
      0.0029688487187633254,
      0.01669177201907971,
      0.003560503975817613,
      0.003518737812204486,
      0.00027467164964037176
    ],
    [
      0.0019249035760991713,
      0.0004112316113183914,
      0.0011701435386595785,
      0.0026458870005088646,
      0.007597987398291641,
      0.011528512446134273,
      0.06917944873213376,
      0.03525226376093641,
      0.02485119569241804,
      0.02227883453293111,
      0.000829773069970817,
      0.048161329697938626,
      0.0019585422147967418,
      0.6945139595240107,
      0.019234890126914365,
      0.03543745449773754,
      0.022488951692053526,
      0.0003247682877464802,
      0.00020992259939990558
    ],
    [
      0.00339742877992279,
      0.00017154075472140145,
      0.0014164594868168177,
      0.00556036963015749,
      0.0028275559651427164,
      0.004485325829688145,
      0.15470275844013381,
      0.07516352037086584,
      0.06475210477204806,
      0.10786282463592206,
      0.0021058688500974515,
      0.13522244123776223,
      0.030423911582947168,
      0.00508832404961251,
      0.33206708612989205,
      0.057561879118217266,
      0.013907083723506781,
      0.002043001376027447,
      0.0012405152665182038
    ],
    [
      0.0016591279737039712,
      0.004556887156041134,
      0.0024775693667443504,
      0.0022132250750082068,
      0.012812069475607087,
      0.0008236589310220899,
      0.057501446883655605,
      0.043449732853874705,
      0.07196775588697635,
      0.06501220773469771,
      0.001203857357674282,
      0.09803709577637211,
      0.10548768270134487,
      0.0006685843122861682,
      0.0020291043210143183,
      0.4981342626321747,
      0.01059646202786044,
      0.00622751974875392,
      0.015141749785187956
    ],
    [
      0.0010303706779371217,
      0.03975540835004051,
      0.0012300668177734038,
      0.004497062746542164,
      0.0006468514947116063,
      0.0012027444432982216,
      0.06307205807927216,
      0.07450379059801784,
      0.020209397407264316,
      0.0023469006489614487,
      0.0017778003073209187,
      0.048263113548617724,
      0.02949896456427666,
      0.011881403849363984,
      0.0017245549735147156,
      0.05975623758543086,
      0.5624786221699235,
      0.0005919084932888899,
      0.07553274324444405
    ],
    [
      0.0010768129300813144,
      0.0010513475937114426,
      0.0006958861168467317,
      0.001400342404816745,
      0.01037798803459887,
      0.0029035088497371213,
      0.10243774129686259,
      0.007638854026725661,
      0.07040009441432299,
      0.06304624934755712,
      0.0010341675366841649,
      0.05905280612721557,
      0.0023055732023347245,
      0.0005770233883179746,
      0.002738953616933337,
      0.038712935381902264,
      0.038679669382739944,
      0.5284969058509402,
      0.0673731404976712
    ],
    [
      0.0003725697851980566,
      0.016705135467113337,
      0.0005014148249743253,
      0.00041500407598738485,
      0.006242196018224635,
      0.001286832456116194,
      0.08252968345473961,
      0.018203247363363966,
      0.041187502809214516,
      0.030244631155234045,
      0.0005583653021692141,
      0.05251738357721612,
      6.687195235763738e-05,
      5.2007816231617735e-05,
      0.022602094309766247,
      0.021854782881703824,
      0.07776400320123543,
      0.017265676111629637,
      0.6096305974375241
    ]
  ]
}