{
  "poids_LS": 0.275,
  "poids_EM": 0.725,
  "mae_validation": 7.730929369075955,
  "matrice_de_transition": [
    [
      0.19414125588899395,
      0.004255266823200205,
      0.01542135812632594,
      0.08232108337812512,
      0.00994990938202961,
      0.060574570624377266,
      0.07116823017295679,
      0.04490542400067892,
      0.05336621333719317,
      0.048148900678532,
      0.024409957583743043,
      0.1794464868943752,
      0.035959518839795646,
      0.05845563237087132,
      0.010948882107670395,
      0.04566014249805214,
      0.03661941794995688,
      0.009207897541972746,
      0.015039851801149752
    ],
    [
      0.01038573076509736,
      0.4667746391164935,
      0.0035633579897005833,
      0.018885210025461452,
      0.0622732352249832,
      0.012378031445897589,
      0.03213815791960317,
      0.026145875625642998,
      0.05944849136776816,
      0.012726336641058966,
      0.004131119197270316,
      0.014513275397292807,
      0.014966091577548182,
      0.0002622196180743855,
      0.02865611588817319,
      0.06979320199040957,
      0.08864052639533343,
      0.014538034706483509,
      0.05978034910770768
    ],
    [
      0.03353681109276291,
      0.028612581318522973,
      0.269215060209668,
      0.02270013373128334,
      0.020597955391144077,
      0.020772543879669876,
      0.05188707571035002,
      0.1683574963817097,
      0.008140963318259592,
      0.04001483043646087,
      0.009988735008987629,
      0.11378335769788164,
      0.03243497362337098,
      0.04860539999432946,
      0.029686648900761267,
      0.02846638700583143,
      0.0646406038384833,
      0.0012604068422129486,
      0.007298035618309901
    ],
    [
      0.03278276392875325,
      0.025091075168175825,
      0.03703780955042541,
      0.14464971565069423,
      0.017970052835556347,
      0.046152588324253944,
      0.05952883558368262,
      0.029521659588301462,
      0.06058055007817123,
      0.07037461455037303,
      0.04746285541900151,
      0.07738344565946605,
      0.06695379301734294,
      0.05511805502899806,
      0.08815294212828945,
      0.05780579182254594,
      0.030819150384127872,
      0.0317671453350467,
      0.020847155946794215
    ],
    [
      0.010353959970146728,
      0.08062529720667021,
      0.015179225100178832,
      0.039680320733356915,
      0.3192783670242983,
      0.024190801689682916,
      0.05318992235055259,
      0.028870553107813085,
      0.1087945352364713,
      0.01854825605562017,
      0.003771848018408934,
      0.01680016900661851,
      0.022443877218953977,
      0.004785103961706285,
      0.0006586677592306477,
      0.015784498206900803,
      0.041365350052481015,
      0.08511184413564223,
      0.11056740316526663
    ],
    [
      0.027073866726411815,
      0.011121641295967263,
      0.04928623590649465,
      0.021038965975179093,
      0.019091120418890394,
      0.2489374476970651,
      0.022934017051468577,
      0.01889245774886409,
      0.04035376600559474,
      0.05442038994208585,
      0.023479500632328787,
      0.0857188854683929,
      0.04988635288245804,
      0.06555295486142015,
      0.05995943036530396,
      0.06332562686382577,
      0.05817638818988301,
      0.0656214494460258,
      0.015129502522339999
    ],
    [
      0.024547267700944956,
      0.011605678660338582,
      0.06199537209003966,
      0.010905136681593253,
      0.026838186416100092,
      0.05236574136085455,
      0.16007966663365475,
      0.04980935272483288,
      0.06463387222290576,
      0.025345508635846573,
      0.07112404244491302,
      0.05314979307575482,
      0.08680572708705947,
      0.016373111145102506,
      0.07987624141432807,
      0.09767292188035398,
      0.04627610770744569,
      0.03861862477184279,
      0.02197764734608856
    ],
    [
      0.016700715258239,
      0.033476516164014536,
      0.06224060628909426,
      0.03317889858494289,
      0.03328544323358042,
      0.03014925112910362,
      0.024941909077830064,
      0.3088727844656099,
      0.008173770740464567,
      0.04827588192323265,
      0.08965681517877755,
      0.0757324912957709,
      0.010202397259677545,
      0.049536809978663186,
      0.007212182449577293,
      0.05152618639659903,
      0.03014211985865762,
      0.04337554243856811,
      0.043319678277596814
    ],
    [
      0.007437466528828524,
      0.015468698736484186,
      0.024866474835536837,
      0.03259500924530311,
      0.056861739826459326,
      0.010241233139040767,
      0.05510911928637162,
      0.03582832713174593,
      0.32064683216848233,
      0.04769972776459456,
      0.0022567134503134892,
      0.02548237728311749,
      0.08266876744546255,
      0.02158606316181227,
      0.03154128789552873,
      0.054147356867536356,
      0.06324591409837109,
      0.044662270309756176,
      0.06765462082525465
    ],
    [
      0.015403983966150158,
      0.010428119345496735,
      0.012297713817786651,
      0.013753488695476448,
      0.014638305865459953,
      0.066584866762671,
      0.05858659679839525,
      0.07587808485931453,
      0.03638989085078566,
      0.3112716698582415,
      0.05034808321833791,
      0.05917827643056568,
      0.05994545172410991,
      0.005537932157058418,
      0.083474383845782,
      0.05160126029997996,
      0.04880843583555573,
      0.021367909769451503,
      0.004505545899380954
    ],
    [
      0.02024008712784242,
      0.00918518126986429,
      0.01595523622950862,
      0.04546758885901901,
      0.012203178257494701,
      0.016864091716083884,
      0.03846159542746023,
      0.10230718649627718,
      0.013000716858350334,
      0.017552382286635422,
      0.47793830366083956,
      0.11874714285110045,
      0.008401036096987407,
      0.045165225952785736,
      0.014010794647284983,
      0.024841137755766143,
      0.01134773973703549,
      0.0018076462077543834,
      0.00650372856190982
    ],
    [
      0.06340118155694693,
      0.00020572414668961985,
      0.04223616210250697,
      0.031120375313412166,
      0.006934079128913487,
      0.005965650847190964,
      0.05513930750103764,
      0.04141027046397937,
      0.02197137144471218,
      0.06648596934234319,
      0.06521242706094231,
      0.40914510256051584,
      0.06638847626324551,
      0.044492496789625136,
      0.028393252746421474,
      0.0221990851333706,
      0.019582541140627532,
      0.005783507056260032,
      0.003933019401259134
    ],
    [
      0.058305561073809783,
      0.029101994269757247,
      0.052467489930558456,
      0.0004781382614803434,
      0.042661849888808494,
      0.022840940085377764,
      0.07738883496582473,
      0.03859401956899611,
      0.10996154499575614,
      0.03336194810716927,
      0.05783086593819874,
      0.039176363238827144,
      0.25358362467927276,
      0.07441471953569874,
      0.03913482402006198,
      0.035345826210290435,
      0.009690895063094599,
      0.02203988842175798,
      0.0036206717452594425
    ],
    [
      0.02537372895767087,
      0.0054207803310151546,
      0.015424619373239886,
      0.0327790770649066,
      0.008443309233366789,
      0.024540104841905695,
      0.032820923983453335,
      0.03512917496616919,
      0.020089594193830693,
      0.0272511984669508,
      0.010937917740524397,
      0.04437796982792792,
      0.025817147376866117,
      0.6363015488231123,
      0.019277449346557316,
      0.01984011874754017,
      0.009127138667123988,
      0.004281036520294508,
      0.0027671615375442077
    ],
    [
      0.04478428846261855,
      0.0022612190395093807,
      0.018671511417130762,
      0.07329578148843958,
      0.03727232863142668,
      0.059124749573161856,
      0.07822652475355371,
      0.059139272639753826,
      0.03674351815574145,
      0.08574509397016555,
      0.02775918029673911,
      0.08288293186788973,
      0.05989485018664386,
      0.06707336247216485,
      0.18126558663870324,
      0.0319137274403101,
      0.01066335358703702,
      0.02693047268399814,
      0.01635224669501267
    ],
    [
      0.021870323289734147,
      0.060068057965996714,
      0.032658868925266406,
      0.029174330534199062,
      0.05555437545021799,
      0.010857322272563903,
      0.036214993696956854,
      0.021557724503875497,
      0.09176542734566265,
      0.05221413171217298,
      0.01586902880570643,
      0.04767160231744426,
      0.09008439739080476,
      0.008813156843772211,
      0.012597184652789915,
      0.2297926136905179,
      0.034494139960456,
      0.08209003305175613,
      0.06665228759010616
    ],
    [
      0.013582158936443864,
      0.0820543905977953,
      0.016214517143376673,
      0.009479843112319029,
      0.008526678793925711,
      0.015854358570749273,
      0.045949717868802996,
      0.040535478400555186,
      0.05398172384749589,
      0.03093641764540089,
      0.023434640414684814,
      0.01979136358281032,
      0.01761938776794837,
      0.021408511682204052,
      0.02273277010542123,
      0.0983695816842854,
      0.3562294341510851,
      0.0078024301388080865,
      0.11549659555588784
    ],
    [
      0.014194352260162768,
      0.013858672826196275,
      0.00917304426752509,
      0.01845905897258435,
      0.1368007513651668,
      0.038273525746534746,
      0.04446825887449458,
      0.016031883666019826,
      0.13466803197754068,
      0.0382916652467247,
      0.013632208438109434,
      0.026894936323370262,
      0.03039164675804861,
      0.007606217391464204,
      0.0217068021509543,
      0.0519217402247574,
      0.10707109815742477,
      0.1990254189524825,
      0.07753068640043861
    ],
    [
      0.004911147168519832,
      0.13593965842980993,
      0.006609559056479737,
      0.005470508274379159,
      0.08228349296750648,
      0.016962791466986177,
      0.03668298993676923,
      0.007285056772068632,
      0.026546581673551565,
      0.01809505189324534,
      0.007360269892230543,
      0.0222704708151231,
      0.0008814939174415828,
      0.0006855575775985967,
      0.02032214615697262,
      0.06528834615101921,
      0.11080252846042604,
      0.0893035920547915,
      0.34229875733508064
    ]
  ]
}