{
  "poids_LS": 0.9025,
  "poids_EM": 0.09750000000000003,
  "mae_validation": 6.052005154616846,
  "matrice_de_transition": [
    [
      0.32652202241878703,
      0.0005722600210510622,
      0.002073906782505903,
      0.02694805692014942,
      0.0013380912617212237,
      0.00814623535983005,
      0.14114950272941484,
      0.08025920152026109,
      0.08387097860985639,
      0.06580122071381468,
      0.0032827184336757897,
      0.13380382564920326,
      0.004835935292248382,
      0.007861274698151663,
      0.001472435869652226,
      0.038964667714708884,
      0.06983676178296194,
      0.0012383034625411628,
      0.0020226007594649673
    ],
    [
      0.0013967017235820593,
      0.6552284914143253,
      0.0004792102124080097,
      0.002539735141355162,
      0.008374676461290847,
      0.0016646318151379523,
      0.05729524985836218,
      0.006515913157357063,
      0.05591460625978069,
      0.01520752873067185,
      0.0005555643058398013,
      0.0408389423719891,
      0.006067821035083894,
      3.526401760310703e-05,
      0.029779070404497253,
      0.04341172528352951,
      0.0491230221598582,
      0.0072794851214147815,
      0.01829236052591348
    ],
    [
      0.004510122871095703,
      0.0038478988669737803,
      0.48159230278412546,
      0.012894758042404506,
      0.033510962693864284,
      0.007764272071202408,
      0.07817974250281876,
      0.17583700167404398,
      0.021387383764643535,
      0.010750781525594538,
      0.0013433126391397161,
      0.07284377618782464,
      0.004361944728660236,
      0.006536588275099482,
      0.00399234243837824,
      0.02161216385051196,
      0.05788368213203116,
      0.0001695029891251897,
      0.0009814599624623664
    ],
    [
      0.004408716528349576,
      0.0033743170053753707,
      0.004980946801608936,
      0.2725681393570279,
      0.002416662277885165,
      0.006206727395330705,
      0.12789845678120867,
      0.08855184859017223,
      0.10705465198925929,
      0.09574848083113591,
      0.006382935728762275,
      0.12230200908093929,
      0.04015333562544518,
      0.007412428090106639,
      0.02361120712393458,
      0.06020483799599542,
      0.01964858241818087,
      0.004272133338161455,
      0.0028035830411206023
    ],
    [
      0.001392429099433526,
      0.010842712382965997,
      0.002041344065196464,
      0.0053363189951755865,
      0.519114180353462,
      0.0032532457444746,
      0.10038124409516548,
      0.04173849787463911,
      0.08435748361335597,
      0.04597347575895774,
      0.0005072485266136154,
      0.04378546737660672,
      0.0030183145225489844,
      0.0006435139810570524,
      8.857945727584576e-05,
      0.0021227428623073505,
      0.028040472994555476,
      0.05052649738780517,
      0.056836230908403396
    ],
    [
      0.0036409682838967625,
      0.00149566900187146,
      0.00662814896673549,
      0.0028293781828689136,
      0.0025674265390921575,
      0.5337613915618157,
      0.06914252018638431,
      0.006012400357655812,
      0.038790375469996904,
      0.06756471526984034,
      0.003157588016071804,
      0.08801872261590776,
      0.006708854353158152,
      0.008815742205501333,
      0.029430629409005184,
      0.03888126481437628,
      0.05623661085843276,
      0.020079074091695598,
      0.016238519815693245
    ],
    [
      0.003301184277023633,
      0.001560763681907603,
      0.008337308660384648,
      0.0014665528640763344,
      0.014994974801583889,
      0.007042289355425269,
      0.5106003031127962,
      0.030656334994999816,
      0.036828622946922886,
      0.07599481771331709,
      0.014966445436075513,
      0.09059218934048187,
      0.06970142608628672,
      0.0022019011539965447,
      0.02353837776174661,
      0.07364145410453712,
      0.026425899871888925,
      0.0051935391934547215,
      0.002955614643094669
    ],
    [
      0.002245958258866625,
      0.004502014242746784,
      0.008370288431981645,
      0.005938348481663814,
      0.004476318227964264,
      0.004054554462189799,
      0.009980849316600206,
      0.7234528908970215,
      0.0019921924097811286,
      0.028727416053038947,
      0.01205729583438733,
      0.04247914050270935,
      0.01654620264306756,
      0.011252601468296427,
      0.01909530213958414,
      0.02957214716871342,
      0.04717120990793996,
      0.005833262603807437,
      0.022252006949639486
    ],
    [
      0.0010002110159459052,
      0.0020802732783547703,
      0.0033441121330549553,
      0.004383466760575248,
      0.007646923631834187,
      0.001377269284215828,
      0.11561693613410383,
      0.041210768465963415,
      0.5137620711964414,
      0.08312730796264078,
      0.0003034890502145728,
      0.07268807342226344,
      0.0500857782161656,
      0.002902953321760962,
      0.004241759406640073,
      0.041920444090961496,
      0.03069767616842034,
      0.006006305317518936,
      0.017604181142924384
    ],
    [
      0.008278114301867479,
      0.001402402256808182,
      0.0016538304789437228,
      0.01632928708050307,
      0.0019685997543204773,
      0.008954516564635069,
      0.08476797843931241,
      0.04537927373212718,
      0.015033402923212199,
      0.5759562060138267,
      0.006770949122466135,
      0.06303260473889584,
      0.012403007412410183,
      0.006485455026159774,
      0.0112258654137431,
      0.03592857531795864,
      0.10095039772941512,
      0.002873615451753824,
      0.0006059182416408871
    ],
    [
      0.022383772342665198,
      0.0012352485156024394,
      0.002145704182589091,
      0.02071353456999128,
      0.032265980264978934,
      0.002267929575611282,
      0.03897411615926143,
      0.12755816766538297,
      0.0017483722671574593,
      0.002360492790271661,
      0.5671630237765064,
      0.09071473899767578,
      0.0011297945095948584,
      0.006073944179857394,
      0.0018842103146348775,
      0.05774574730788509,
      0.022517485973379138,
      0.00024309724862903786,
      0.0008746393583258038
    ],
    [
      0.008526365795589418,
      2.7666350761707507e-05,
      0.005680035593095767,
      0.004185153921458879,
      0.0009325140897504347,
      0.0008022771828980955,
      0.06787310468707321,
      0.08432392859920082,
      0.06818087094861952,
      0.07569772744960387,
      0.008769947087506037,
      0.5397832435195724,
      0.04201918052649778,
      0.005983473706190969,
      0.0038184029555532344,
      0.027235705331990195,
      0.04959040861206394,
      0.006041070343783831,
      0.0005289232987900216
    ],
    [
      0.007841092696133043,
      0.003913716470760459,
      0.00705597278376476,
      6.430135240597725e-05,
      0.0057372832609087305,
      0.0030717126321714934,
      0.08743627280863762,
      0.06237547856222108,
      0.08428581782725826,
      0.061220424728147406,
      0.007777254384792247,
      0.06660148031129948,
      0.5603438078384443,
      0.010007496765145696,
      0.005262959092353164,
      0.01787505157598487,
      0.003949372067174736,
      0.004693586918034371,
      0.0004869179243624769
    ],
    [
      0.0034123290667212565,
      0.0007290014927916934,
      0.0020743453639874335,
      0.004557320698623645,
      0.00765160855947178,
      0.012353874650343655,
      0.06687312440106075,
      0.03524445588962655,
      0.02454915380631362,
      0.022594245677999523,
      0.0014709613513119021,
      0.047921340452452874,
      0.0034719611989578584,
      0.6908213812332821,
      0.01923758977890664,
      0.03444807125985189,
      0.021641374000173668,
      0.0005757256010051236,
      0.00037213551711801426
    ],
    [
      0.006022714655317669,
      0.00030409497427884784,
      0.002510996362993448,
      0.009857018889824636,
      0.005012485574571176,
      0.007951259425356252,
      0.14985165406449255,
      0.07414705689538484,
      0.06297544069564055,
      0.10645983425787035,
      0.003733131143354571,
      0.13190239773295687,
      0.03229333679288315,
      0.009020210815222172,
      0.3225013193711226,
      0.05593494412372316,
      0.013701324722312802,
      0.0036216842575031993,
      0.00219909524519136
    ],
    [
      0.0029411814079297657,
      0.008078118140254734,
      0.004392054786501346,
      0.00392344445115091,
      0.015523335153101062,
      0.0014601226504482496,
      0.05615118679345457,
      0.042061060682419535,
      0.07322357833025124,
      0.06420038947953756,
      0.0021341107704225897,
      0.09484226969875356,
      0.10451060863313898,
      0.0011852176445072977,
      0.0026994676256418748,
      0.48111259087095026,
      0.012112359508659413,
      0.01103969410006376,
      0.018409209272813365
    ],
    [
      0.0018265662017976237,
      0.04243855274635332,
      0.0021805729951437603,
      0.004813134635416069,
      0.001146691286079665,
      0.002132137876755937,
      0.06198593948383195,
      0.07234908422728327,
      0.022351671845637213,
      0.004160414786795293,
      0.003151555090250718,
      0.04645706970750308,
      0.028745409319733448,
      0.012485735316372495,
      0.003057165634866994,
      0.06220559150214924,
      0.5493956512881315,
      0.0010492923290121223,
      0.07806776372688638
    ],
    [
      0.001908895648780511,
      0.0018637525524884653,
      0.0012336162980464782,
      0.0024824251721751373,
      0.018397342424970715,
      0.005147129324533985,
      0.09876057263574223,
      0.008171247697874917,
      0.07447679194631814,
      0.06147599587847446,
      0.0018332969968492005,
      0.057012941251598524,
      0.004087152495047918,
      0.0010229050974727726,
      0.0039421380388675025,
      0.039550807330889344,
      0.043017931655760996,
      0.507597595114844,
      0.06801746243926465
    ],
    [
      0.0006604646192147363,
      0.024268519386388864,
      0.0008888717351817581,
      0.0007356890437958182,
      0.011065711123216393,
      0.002281202990387797,
      0.07962149767188327,
      0.017510675572125083,
      0.04025878766254933,
      0.029473948888615358,
      0.0009898293992999698,
      0.05059873612588933,
      0.00011854573372490256,
      9.219567422877683e-05,
      0.022457470732909934,
      0.024609896969682785,
      0.07985973054976618,
      0.021835245406531693,
      0.5926729807146079
    ]
  ]
}