{
  "poids_LS": 0.45,
  "poids_EM": 0.55,
  "mae_validation": 7.252516896989402,
  "matrice_de_transition": [
    [
      0.23106019476184464,
      0.0032281334520829143,
      0.011698961337212783,
      0.06687840667669764,
      0.0075482071174017736,
      0.045953122542631036,
      0.09068491973053475,
      0.054765043229247655,
      0.06187351839331439,
      0.0530718584572961,
      0.018517898856632655,
      0.16671745786185713,
      0.027279634981913943,
      0.04434565214341963,
      0.008306048495474094,
      0.043792878614251234,
      0.045883219018922436,
      0.006985301583565532,
      0.011409542745699813
    ],
    [
      0.007878830235591102,
      0.5193314903549326,
      0.0027032370956349256,
      0.014326711053798345,
      0.04724176465343553,
      0.009390230752060242,
      0.03915407997423716,
      0.020671384100623018,
      0.058462945720122256,
      0.01341830256246495,
      0.00313395249448093,
      0.02185509487230771,
      0.012484502183235434,
      0.00019892522750470626,
      0.02896929045447871,
      0.06243581804825179,
      0.07761970848105748,
      0.01251373800945239,
      0.048209993726330815
    ],
    [
      0.025441718760027033,
      0.021706096172672603,
      0.3284437732782418,
      0.019965566806098012,
      0.024199192487520234,
      0.01714473899284628,
      0.0592196919472935,
      0.17044341419232084,
      0.011835184159880613,
      0.03185354189558181,
      0.007577661041300961,
      0.10236594452774624,
      0.02460584205910902,
      0.03687306206466373,
      0.022520906062646482,
      0.026554850667694526,
      0.06275620336258032,
      0.0009561707078856852,
      0.00553644081389027
    ],
    [
      0.024869682980433502,
      0.019034608748271318,
      0.02809764862446066,
      0.1803241764452893,
      0.013632453875249645,
      0.03501230838391679,
      0.07859606061884924,
      0.045984262098783354,
      0.07354145499361411,
      0.07745099160078499,
      0.03600630411096667,
      0.08991053505987692,
      0.05947956187219218,
      0.04181369691855026,
      0.07015325507528211,
      0.05847484852430476,
      0.02770385254501915,
      0.02409921370244923,
      0.015815083821705957
    ],
    [
      0.00785472825321476,
      0.061164018570577405,
      0.01151527421392877,
      0.03010231228047766,
      0.3750094703431886,
      0.018351642661138767,
      0.06635084873351235,
      0.03245922296310321,
      0.10197942123799292,
      0.026196723701969297,
      0.0028614019449998813,
      0.024325949428527574,
      0.01702638961437888,
      0.00363007886750132,
      0.000499678989761181,
      0.011974446915579922,
      0.037649248880948,
      0.07546652830955222,
      0.09558261408964741
    ],
    [
      0.020538795447622757,
      0.00843710719004413,
      0.037389558273892495,
      0.015960594877722074,
      0.014482918938468576,
      0.328370420089625,
      0.03582085059507058,
      0.015300409870837878,
      0.03991776067694196,
      0.05808613804145962,
      0.017812034962456324,
      0.0863602743143134,
      0.03784481942807162,
      0.049729827825904946,
      0.051445422130479604,
      0.05650847410103109,
      0.05763541443210805,
      0.05292038859023651,
      0.015438790213713416
    ],
    [
      0.018622065152441004,
      0.008804307949222373,
      0.04703097193037492,
      0.008272862310174193,
      0.023535298714840596,
      0.03972573482547587,
      0.25783442581110455,
      0.04446787367667227,
      0.05687942023358783,
      0.03947081395625668,
      0.05546256120738862,
      0.0635918956197026,
      0.08203560330198341,
      0.012420980868698455,
      0.0641644866108193,
      0.09097091891498674,
      0.04074019317163305,
      0.029296887757949704,
      0.016672697986687874
    ],
    [
      0.012669508126939934,
      0.025395977779597238,
      0.04721701166758875,
      0.025581932420681793,
      0.02525102590133687,
      0.022871845684147574,
      0.020769501973104607,
      0.424492734466402,
      0.006449824592465202,
      0.04282411853313879,
      0.06801551496321057,
      0.06645864844511629,
      0.01197158601201739,
      0.03885993907935772,
      0.010526199893005498,
      0.04540354597447954,
      0.034891268477979395,
      0.03290558391891374,
      0.03744423209051708
    ],
    [
      0.005642215987387156,
      0.011734874903539728,
      0.018864222289027947,
      0.02472724839298857,
      0.04313649228214156,
      0.007769211346858515,
      0.0719838092439065,
      0.03732940638830061,
      0.3745036717380327,
      0.05757992941345207,
      0.001711989514030923,
      0.03864731246136536,
      0.07358187801896539,
      0.01637563412275414,
      0.02392787357591835,
      0.05073746087406927,
      0.054168716269301156,
      0.03388172230395296,
      0.05369633087400717
    ],
    [
      0.013416689637465748,
      0.007910987089687179,
      0.009329300137631254,
      0.014471838842695029,
      0.011104921691038586,
      0.050512657544095244,
      0.06588817733570283,
      0.06737244032185194,
      0.030433898201661595,
      0.38508807436378323,
      0.03819509761391152,
      0.060253188707789236,
      0.046686602712878916,
      0.005802181562783896,
      0.06332539464162773,
      0.04723039197830071,
      0.06335001883384321,
      0.0162101384457908,
      0.003418000337461414
    ],
    [
      0.020837927626000168,
      0.006968068549552221,
      0.012103972312041024,
      0.0385640677425571,
      0.01779838200460186,
      0.012793448888063637,
      0.03860452949609005,
      0.10934929279841824,
      0.009862612789093358,
      0.013315600355378598,
      0.5028216917409061,
      0.11092934097962745,
      0.006373199797714585,
      0.03426327486073401,
      0.010628878697940332,
      0.034017722093010475,
      0.014462808408525752,
      0.0013713178127791876,
      0.004933863046966071
    ],
    [
      0.04809744807768388,
      0.0001560665940404013,
      0.032041226422591496,
      0.02360856058258854,
      0.0052603358908998865,
      0.004525666159937974,
      0.05869056568041011,
      0.05337822293196942,
      0.03485848286014451,
      0.06905498554755532,
      0.04947149639105969,
      0.4455780502383404,
      0.05959225832869436,
      0.03375292859902597,
      0.02153970898004388,
      0.023603720248523478,
      0.0279512691207094,
      0.005855337455171052,
      0.002983669890610378
    ],
    [
      0.04423180495254536,
      0.02207737496326412,
      0.039802923395596074,
      0.0003627255776747433,
      0.032364161984613345,
      0.017327609719941753,
      0.08019090926461718,
      0.0452262989694971,
      0.10280098363402368,
      0.04113124437596795,
      0.04387169140139215,
      0.046824802263022616,
      0.33913427336908153,
      0.05645254585466802,
      0.029688487187633228,
      0.030473498623033904,
      0.008089673510447625,
      0.017202274456576096,
      0.002746716496403715
    ],
    [
      0.019249035760991698,
      0.004112316113183911,
      0.011701435386595776,
      0.024908467719728086,
      0.008222516216742684,
      0.021141554589278834,
      0.04231755358198926,
      0.03516132502450391,
      0.021333296077790078,
      0.02595244669313969,
      0.008297730699708164,
      0.04536616083875161,
      0.0195854221479674,
      0.6515062829614067,
      0.01926633313247147,
      0.023914049727069335,
      0.012617164457217523,
      0.0032476828774647996,
      0.002099225993999054
    ],
    [
      0.03397428779922787,
      0.0017154075472140132,
      0.014164594868168165,
      0.05560369630157486,
      0.02827555965142714,
      0.044853258296881415,
      0.09820166041795897,
      0.06332471047996965,
      0.044059193764478255,
      0.09152211317390793,
      0.0210586885009745,
      0.09655369924061763,
      0.0521972169692604,
      0.05088324049612506,
      0.2206540379983421,
      0.03861287153528585,
      0.011510596533129868,
      0.02043001376027445,
      0.012405152665182028
    ],
    [
      0.0165912797370397,
      0.045568871560411305,
      0.024775693667443484,
      0.02213225075008205,
      0.04439034030759574,
      0.008236589310220893,
      0.04177488818601996,
      0.02727578638633798,
      0.0865943937557073,
      0.05555691276283242,
      0.01203857357674281,
      0.06082676851940303,
      0.09410764355400555,
      0.006685843122861678,
      0.009836865163147034,
      0.2998818503543835,
      0.02825220915716612,
      0.062275197487539145,
      0.053198042641060365
    ],
    [
      0.01030370677937121,
      0.07100614896591906,
      0.01230066817773403,
      0.008178370628720595,
      0.006468514947116057,
      0.012027444432982207,
      0.050421970908850915,
      0.04940779875063872,
      0.0451605938071369,
      0.02346900648961447,
      0.017778003073209172,
      0.027228014693282405,
      0.020722262304302776,
      0.018920087994521946,
      0.017245549735147143,
      0.08828400673309206,
      0.4101004907231698,
      0.005919084932888894,
      0.1050582759223018
    ],
    [
      0.010768129300813136,
      0.010513475937114417,
      0.0069588611684673115,
      0.01400342404816744,
      0.10377988034598863,
      0.02903508849737119,
      0.059609541596754884,
      0.01383967443187583,
      0.1178816303752077,
      0.04475741482530033,
      0.01034167536684164,
      0.035294379928852246,
      0.023055732023347226,
      0.005770233883179742,
      0.016752513354754795,
      0.04847167925834002,
      0.08920766526851456,
      0.285081404336408,
      0.07487759605270086
    ],
    [
      0.0037256978519805625,
      0.10479631287985186,
      0.005014148249743249,
      0.004150040759873845,
      0.0624219601822463,
      0.012868324561161928,
      0.04865787257206,
      0.010136822971287563,
      0.030370702865702336,
      0.021268449461675228,
      0.005583653021692137,
      0.030170783849998144,
      0.0006687195235763732,
      0.0005200781623161769,
      0.020917655002851553,
      0.053943758729929375,
      0.1021730629076524,
      0.07048771848754774,
      0.4121242379588532
    ]
  ]
}