{
  "poids_LS": 0.8625,
  "poids_EM": 0.13749999999999996,
  "mae_validation": 6.155240402858946,
  "matrice_de_transition": [
    [
      0.31808340781927835,
      0.0008070333630207282,
      0.002924740334303195,
      0.030477811594761407,
      0.0018870517793504425,
      0.011488280635657754,
      0.1366885451162542,
      0.07800557426801681,
      0.08192645173988583,
      0.06467597322152575,
      0.004629474714158162,
      0.1367133179994931,
      0.006819908745478483,
      0.011086413035854902,
      0.0020765121238685226,
      0.03939147088814909,
      0.06771932153862698,
      0.0017463253958913824,
      0.0028523856864249523
    ],
    [
      0.0019697075588977746,
      0.6432154968455391,
      0.0006758092739087312,
      0.003581677763449585,
      0.01181044116335888,
      0.0023475576880150595,
      0.0556916105315887,
      0.007767225505933057,
      0.05613987383638547,
      0.01504936509149334,
      0.0007834881236202322,
      0.039160812206271406,
      0.006635041468069664,
      4.9731306876176545e-05,
      0.029707487646484565,
      0.045093413041737,
      0.05164206625454984,
      0.007742181509307609,
      0.0209370131845139
    ],
    [
      0.0063604296900067565,
      0.005426524043168148,
      0.4680543112255943,
      0.013519801911018295,
      0.03268782278612117,
      0.008593484616762086,
      0.07650371593437454,
      0.17536022046019,
      0.020542990429415875,
      0.01261621890636689,
      0.0018944152603252394,
      0.07545347062671273,
      0.006151460514777252,
      0.00921826551616593,
      0.005630226515661618,
      0.022049086442086106,
      0.05831440224080899,
      0.00023904267697142121,
      0.0013841102034725672
    ],
    [
      0.006217420745108373,
      0.004758652187067827,
      0.0070244121561151614,
      0.2644139768896919,
      0.00340811346881241,
      0.008753077095979195,
      0.12354023391602773,
      0.0847889680163478,
      0.10409215943715805,
      0.09413102321961317,
      0.009001576027741664,
      0.11943867436084539,
      0.04186173131576535,
      0.01045342422963756,
      0.027725421307479105,
      0.060051910749879124,
      0.020360650495691437,
      0.0060248034256123045,
      0.003953770955426488
    ],
    [
      0.001963682063303689,
      0.015291004642644344,
      0.0028788185534821915,
      0.007525578070119413,
      0.5063756424520015,
      0.004587910665284689,
      0.09737303235048896,
      0.040918230479144224,
      0.0859152239558653,
      0.04422525458264937,
      0.00071535048624997,
      0.042065288994456086,
      0.004256597403594718,
      0.0009075197168753297,
      0.00012491974744029523,
      0.0029936117288949793,
      0.028889867548048738,
      0.05273114100519717,
      0.06026132555425921
    ],
    [
      0.0051346988619056875,
      0.0021092767975110322,
      0.00934738956847312,
      0.003990148719430517,
      0.0036207297346171428,
      0.5156052835863735,
      0.066196958233561,
      0.0068334398726332315,
      0.03889003383083183,
      0.06672682998998349,
      0.004453008740614079,
      0.08787211945112595,
      0.009461204857017902,
      0.012432456956476231,
      0.03137668843410789,
      0.04043947116015792,
      0.05636026200306704,
      0.022982173715876002,
      0.016167825486236465
    ],
    [
      0.004655516288110249,
      0.0022010769873055925,
      0.011757742982593725,
      0.0020682155775435473,
      0.015749920561871772,
      0.009931433706368963,
      0.48825635815795054,
      0.03187724449172224,
      0.03860106911590984,
      0.07276617649722336,
      0.018546212576081085,
      0.08820542304472237,
      0.07079174009430411,
      0.0031052452171746125,
      0.02712963600254861,
      0.07517334049662107,
      0.027691251765788953,
      0.0073242219394874224,
      0.004168174496671967
    ],
    [
      0.003167377031734982,
      0.006348994444899307,
      0.011804252916897184,
      0.007674797890637776,
      0.006312756475334215,
      0.005717961421036892,
      0.01093454236910888,
      0.6970254737539834,
      0.0023862372436095542,
      0.029973533399346115,
      0.017003878740802635,
      0.0445988760114304,
      0.01614181664253274,
      0.013693029102423386,
      0.01833781243822912,
      0.030971607836626447,
      0.04608569022352356,
      0.008226395979728431,
      0.02359496607811485
    ],
    [
      0.0014105539968467884,
      0.002933718725884931,
      0.004716055572256985,
      0.00618181209824714,
      0.010784123070535386,
      0.0019423028367146278,
      0.11175986414381014,
      0.04086766463589378,
      0.501451936437687,
      0.08086897615718763,
      0.00042799737850773053,
      0.06967894538152107,
      0.05216278151365066,
      0.004093908530688533,
      0.005981968393979585,
      0.042699848889468255,
      0.03277246424363632,
      0.008470430575988237,
      0.020794647417495232
    ],
    [
      0.008732353005566773,
      0.001977746772421794,
      0.0023323250344078126,
      0.016165092761138825,
      0.0027762304227596456,
      0.012628164386023806,
      0.0830990457450707,
      0.04732342105497577,
      0.016394772671583416,
      0.5590838849839885,
      0.009548774403477877,
      0.06278691050410189,
      0.015433601472120119,
      0.006425055161993952,
      0.015831348660406926,
      0.03692763093434247,
      0.09762660732980656,
      0.004052534611447698,
      0.0008545000843653531
    ],
    [
      0.022247123085943427,
      0.0017420171373880545,
      0.0030259930780102548,
      0.022291482253754,
      0.030987076551354444,
      0.003198362222015908,
      0.038941445515003184,
      0.12594854336775074,
      0.0024656531972733387,
      0.0033289000888446483,
      0.5614753922153484,
      0.09250166513972675,
      0.0015932999494286456,
      0.008565818715183499,
      0.002657219674485082,
      0.05564824231651496,
      0.021805470277038507,
      0.00034282945319479675,
      0.0012334657617415173
    ],
    [
      0.012024362019420965,
      3.90166485101003e-05,
      0.00801030660564787,
      0.005902140145647133,
      0.0013150839727249712,
      0.001131416539984493,
      0.06706138853178807,
      0.08158839660651739,
      0.06523524548223499,
      0.07511052374555538,
      0.012367874097764917,
      0.531455712621784,
      0.0435726017686809,
      0.008438232149756489,
      0.0053849272450109675,
      0.02691464587709811,
      0.047677556502330944,
      0.006024651966889885,
      0.0007459174726525942
    ],
    [
      0.011057951238136335,
      0.005519343740816029,
      0.009950730848899015,
      9.06813944186858e-05,
      0.008091040496153333,
      0.0043319024299854365,
      0.08679579868319935,
      0.06085952898496372,
      0.08592251756708283,
      0.05944458558099343,
      0.010967922850348033,
      0.06485326567719767,
      0.5407893738522023,
      0.014113136463666999,
      0.007422121796908304,
      0.018988726453072074,
      0.004315365564922615,
      0.005799327252933085,
      0.0006866791241009285
    ],
    [
      0.004812258940247923,
      0.0010280790282959772,
      0.002925358846648943,
      0.006356317120378731,
      0.007702075534700147,
      0.013130686136658364,
      0.06470246620710968,
      0.035237107304864325,
      0.024264879089980047,
      0.022891103226299208,
      0.0020744326749270402,
      0.04769546822140745,
      0.004896355536991848,
      0.6873460134302433,
      0.019240130627840548,
      0.03351688703595951,
      0.02084365381958086,
      0.0008119207193661996,
      0.0005248064984997633
    ],
    [
      0.008493571949806964,
      0.0004288518868035031,
      0.00354114871704204,
      0.01390092407539371,
      0.007068889912856782,
      0.011213314574220349,
      0.14528590876977135,
      0.07319038538904979,
      0.061303286270786427,
      0.10513937272558638,
      0.0052646721252436225,
      0.12877765090490478,
      0.034052795813999365,
      0.01272081012403126,
      0.3134982447746337,
      0.0544037111877287,
      0.013507669191777295,
      0.005107503440068611,
      0.003101288166295506
    ],
    [
      0.004147819934259923,
      0.011392217890102821,
      0.006193923416860868,
      0.00553306268752051,
      0.018075114614271855,
      0.0020591473275552224,
      0.054880353767383004,
      0.040754075109285255,
      0.07440552886509817,
      0.06343632523938683,
      0.0030096433941857012,
      0.09183537456687726,
      0.10359100951012165,
      0.0016714607807154188,
      0.003330397794703103,
      0.46509219391920953,
      0.013539086549411383,
      0.01556879937188478,
      0.021484465261166683
    ],
    [
      0.002575926694842801,
      0.0449638651193536,
      0.003075167044433506,
      0.005110614060238568,
      0.0016171287367790137,
      0.0030068611082455505,
      0.060963710217535286,
      0.07032112529012133,
      0.024367930140576408,
      0.005867251622403615,
      0.004444500768302291,
      0.044757263739395176,
      0.02803618085428101,
      0.013054517873556975,
      0.004311387433786784,
      0.06451086577670773,
      0.5370822669287979,
      0.001479771233222223,
      0.08045366535742034
    ],
    [
      0.0026920323252032827,
      0.0026283689842786034,
      0.0017397152921168272,
      0.003500856012041858,
      0.025944970086497144,
      0.007258772124342794,
      0.09529970801351131,
      0.008672324094250687,
      0.07831368374113709,
      0.05999811026051432,
      0.002585418841710409,
      0.05509306842748836,
      0.005763933005836804,
      0.001442558470794935,
      0.005074546906570244,
      0.04033939269464189,
      0.04710100203036904,
      0.4879276555985182,
      0.06862388309017614
    ],
    [
      0.0009314244629951403,
      0.03138699836923641,
      0.0012535370624358118,
      0.0010375101899684608,
      0.015605490045561568,
      0.003217081140290481,
      0.07688438164095968,
      0.0168588432980179,
      0.03938470281862915,
      0.02874860087297424,
      0.0013959132554230336,
      0.04879295028934646,
      0.00016717988089409326,
      0.00013001954057904416,
      0.022321354425280462,
      0.027202945523074742,
      0.08183217981897159,
      0.026136016507615975,
      0.5767128708577457
    ]
  ]
}