{
  "poids_LS": 0.2375,
  "poids_EM": 0.7625,
  "mae_validation": 7.834154161474006,
  "matrice_de_transition": [
    [
      0.18623005470195453,
      0.004475366831296766,
      0.016219014581135904,
      0.08563022838557387,
      0.010464559867307002,
      0.06370773807046574,
      0.06698608241061865,
      0.0427926484516999,
      0.051543219396595764,
      0.04709398115451112,
      0.02567254159669527,
      0.1821741359727719,
      0.03781949395219887,
      0.06147919956246811,
      0.011515203595998173,
      0.04606027047315234,
      0.03463431772089283,
      0.009684168104488577,
      0.015817775170174738
    ],
    [
      0.010922923735705845,
      0.45551245670825646,
      0.00374766960985751,
      0.019862031233674974,
      0.06549426463317198,
      0.013018274451719878,
      0.03063474605075303,
      0.027318980952432993,
      0.05965967972083514,
      0.012578058229329113,
      0.00434479777643947,
      0.01294002836693247,
      0.015497860733472342,
      0.0002757827017678882,
      0.028589007052536294,
      0.07136978426372909,
      0.09100213023410683,
      0.014971812570133034,
      0.06225971097514558
    ],
    [
      0.03527147373549202,
      0.030092542421205196,
      0.256523193123545,
      0.023286112358108766,
      0.0198262617276349,
      0.021549930641132073,
      0.05031580080243356,
      0.1679105139937216,
      0.007349344566483658,
      0.04176367798093494,
      0.010505393716349058,
      0.11622994623433923,
      0.03411264467285568,
      0.051119472407829256,
      0.031222165223214433,
      0.028876001935432192,
      0.06504440394046251,
      0.0013256002995687907,
      0.007675520219256965
    ],
    [
      0.03447842413196462,
      0.026388889401012503,
      0.038953558320275,
      0.13700518833756672,
      0.01889953832705064,
      0.04853979116861191,
      0.055443001647575485,
      0.025993959050341055,
      0.05780321331057632,
      0.06885824803957047,
      0.049917830699294695,
      0.07469906935937799,
      0.06855541397701811,
      0.057968988909808304,
      0.09201001792536244,
      0.05766242252931191,
      0.031486714206794025,
      0.033410273542031875,
      0.021925457116455983
    ],
    [
      0.010889509623775006,
      0.08479557120011866,
      0.0159643574329467,
      0.041732751116116754,
      0.3073359877416789,
      0.025442050052942377,
      0.05036972383991835,
      0.028101552424536626,
      0.1102549168075738,
      0.01690929870283107,
      0.003966943605568016,
      0.015187501773352282,
      0.023604767419934357,
      0.00503260933903592,
      0.0006927367812598191,
      0.016600937769326706,
      0.042161657446380944,
      0.08717869752694722,
      0.11377842939575646
    ],
    [
      0.028474239143295183,
      0.011696898604379363,
      0.05183552397062368,
      0.0221271883532056,
      0.02007859216469507,
      0.23191609647008793,
      0.02017255272069672,
      0.01966218229415542,
      0.04044719571887748,
      0.05363487249222004,
      0.024693957561587175,
      0.08558144500140993,
      0.052466681479826555,
      0.06894362494045912,
      0.06178386070133774,
      0.06478644531299606,
      0.05829231113797764,
      0.06834310534369493,
      0.015063226588474268
    ],
    [
      0.02581695396133866,
      0.0122059723841492,
      0.06520202926711068,
      0.011469195475468765,
      0.027545948066369987,
      0.05507431418986426,
      0.13913221823848693,
      0.05095395537801015,
      0.06629554050633102,
      0.022318657495758693,
      0.07448007413866825,
      0.05091219967348029,
      0.08782789646957576,
      0.01721999620433195,
      0.08324304601507995,
      0.09910906537293267,
      0.04746237510797697,
      0.04061613984624845,
      0.023114422208817275
    ],
    [
      0.017564545357803087,
      0.03520806010353253,
      0.06545994799370258,
      0.034806819905855976,
      0.035007104090489745,
      0.03170869515302277,
      0.025835996314556946,
      0.2840970808940116,
      0.008543187772178716,
      0.04944411693539562,
      0.0942942366535419,
      0.0777197433351969,
      0.009823285384176147,
      0.05182471088565721,
      0.006502035854556963,
      0.052838180772767494,
      0.029124445154517238,
      0.04561910497849404,
      0.04457870246054247
    ],
    [
      0.007822163073423103,
      0.016268803843543712,
      0.026152671809788742,
      0.03428095799937051,
      0.059802864300241704,
      0.010770952094508394,
      0.05149311429547129,
      0.03550666729105564,
      0.30910608083215013,
      0.045582541696982226,
      0.002373440008088325,
      0.022661319744921513,
      0.08461595803685479,
      0.02270258367018187,
      0.033172733821159525,
      0.054878048866136446,
      0.06519102791888608,
      0.04697238773957115,
      0.07064568295766482
    ],
    [
      0.015829832750868245,
      0.010967504828884497,
      0.012933802463534236,
      0.013599556521072465,
      0.015395459617121675,
      0.07002891159522294,
      0.05702197239754363,
      0.07770072297448509,
      0.03766617498988368,
      0.29545386889276826,
      0.05295229441928643,
      0.05894793808544635,
      0.06278663365508798,
      0.005481307284402958,
      0.08779202438952934,
      0.0525378749403398,
      0.045692382335922696,
      0.022473146481664513,
      0.004738591376935141
    ],
    [
      0.020111978449665762,
      0.009660276852788304,
      0.01678050706896596,
      0.04694691481254656,
      0.011004206025971738,
      0.01773637232208822,
      0.03843096669846813,
      0.10079816371724695,
      0.013673167730333972,
      0.0184602641290476,
      0.4726061490722539,
      0.12042238610927324,
      0.008835572446831582,
      0.047501358329653964,
      0.01473549092214455,
      0.02287472682635664,
      0.010680225021716148,
      0.0019011451495347825,
      0.006840128315112053
    ],
    [
      0.066680553016789,
      0.00021636505082873813,
      0.04442079117677457,
      0.03273004989858866,
      0.007292738394202115,
      0.0062742189944594625,
      0.054378323605457815,
      0.038845709220838645,
      0.01920984756997668,
      0.06593546586979772,
      0.06858548363306001,
      0.4013380423438391,
      0.06784480867779219,
      0.04679383283046781,
      0.029861869267788103,
      0.021898091894409267,
      0.017789242287752846,
      0.005768114827921956,
      0.004136451439255296
    ],
    [
      0.06132136595693788,
      0.030607269835434346,
      0.05518132561662182,
      0.0005028695508672577,
      0.04486849729685031,
      0.024022368020828338,
      0.07678839047322635,
      0.03717281684031733,
      0.11149595100184166,
      0.0316970989067124,
      0.06082211762465729,
      0.03753741201935668,
      0.23525134281717086,
      0.07826375675306246,
      0.04115903905558242,
      0.03638989640755969,
      0.010034013967233236,
      0.023076519985725526,
      0.003807947870014241
    ],
    [
      0.026686163214102124,
      0.005701165520550421,
      0.01622244451323505,
      0.03446563621030199,
      0.008490622022643382,
      0.025268365610325735,
      0.030785931926624197,
      0.035122285667954604,
      0.01982308664726797,
      0.027529502418481754,
      0.01150367210641359,
      0.044166214611322835,
      0.027152517068772985,
      0.6330433915077635,
      0.019279831392432854,
      0.01896713353764106,
      0.00837927599781823,
      0.004502469443758017,
      0.0029102905825895975
    ],
    [
      0.04710071717620227,
      0.002378178645001245,
      0.01963727924905132,
      0.0770869425999106,
      0.03920020769856944,
      0.06218292627522195,
      0.07394613853975258,
      0.058242393102564724,
      0.0351758733824407,
      0.08450716128364932,
      0.029194999967260098,
      0.07995348171659089,
      0.06154434301894031,
      0.07054267432417337,
      0.17282520420449488,
      0.030478196562815286,
      0.01048180152715998,
      0.028323428167653215,
      0.017198052558547807
    ],
    [
      0.02300154690816867,
      0.0631750264814793,
      0.034348120766228465,
      0.030683347630795565,
      0.05794666869506561,
      0.011418907907351691,
      0.03502358773501475,
      0.020332425529062108,
      0.09287350597208166,
      0.051497821487031664,
      0.016689840640484347,
      0.04485263813131023,
      0.08922227321297602,
      0.009269009783967325,
      0.013188681686284818,
      0.21477349154826092,
      0.035831696561160975,
      0.08633606924408835,
      0.06953534007918741
    ],
    [
      0.01428468439867372,
      0.08442187094748307,
      0.01705319906458581,
      0.009758730073090123,
      0.008967713903956351,
      0.016674411600270785,
      0.04499137793164987,
      0.03863426689696586,
      0.055871965999001384,
      0.03253657717878369,
      0.02464677698785817,
      0.018197795487709157,
      0.016954486081586707,
      0.021941745329564503,
      0.023908603041908536,
      0.10053077631668397,
      0.3446856363142098,
      0.008206004111505056,
      0.11773337833451343
    ],
    [
      0.014928542894309118,
      0.014575500730999532,
      0.009647512074466045,
      0.0194138378849594,
      0.14387665229784785,
      0.04025319087135551,
      0.04122369829115308,
      0.01650164278762211,
      0.13826511803518343,
      0.036906147479887054,
      0.014337322667666819,
      0.025095055550766975,
      0.03196362848691319,
      0.007999642428953731,
      0.022768435464425623,
      0.0526610390032754,
      0.1108989766336198,
      0.180584850655927,
      0.07809920576066813
    ],
    [
      0.005165172022063961,
      0.14261323247622948,
      0.006951432800780413,
      0.0057534655989160115,
      0.08653953570720509,
      0.017840177232519943,
      0.03411694365777834,
      0.0066739640150931465,
      0.025727127132376397,
      0.017415038128581792,
      0.007740973507345916,
      0.02057754659336416,
      0.0009270884304126991,
      0.0007210174523019725,
      0.02019453711856999,
      0.06771932916982416,
      0.11265169965030612,
      0.09333556496205803,
      0.3273361543442722
    ]
  ]
}