{
  "poids_LS": 0.4475,
  "poids_EM": 0.5525,
  "mae_validation": 7.259312745061509,
  "matrice_de_transition": [
    [
      0.23053278134937533,
      0.003242806785956018,
      0.011752138434200114,
      0.06709901634386088,
      0.007582517149753599,
      0.04616200037237026,
      0.09040610987971219,
      0.054624191525982385,
      0.06175198546394123,
      0.05300153048902804,
      0.018602071124162803,
      0.16689930113375023,
      0.027403633322740824,
      0.04454722328952608,
      0.00834380326136261,
      0.04381955381259124,
      0.045750879003651504,
      0.00701705295439992,
      0.011461404303634811
    ],
    [
      0.007914643100298333,
      0.5185806781943835,
      0.0027155245369787206,
      0.014391832467679245,
      0.04745649994731478,
      0.00943291361911506,
      0.03905385251631382,
      0.020749591122409018,
      0.05847702494366005,
      0.013408417335016293,
      0.0031481977330922064,
      0.021750211736950353,
      0.012519953460297042,
      0.0001998294330842731,
      0.028964816532102915,
      0.06254092353313975,
      0.0777771487369757,
      0.012542656533695691,
      0.04837528451749334
    ],
    [
      0.02555736293620897,
      0.02180476024618475,
      0.3275976488058336,
      0.02000463204788637,
      0.02414774624328629,
      0.01719656477694376,
      0.05911494028676573,
      0.170413615366455,
      0.011782409576428884,
      0.03197013173188008,
      0.007612104955125055,
      0.10252905043017674,
      0.02471768679574133,
      0.03704066689223038,
      0.02262327381747669,
      0.026582158329667906,
      0.06278312336937894,
      0.0009605169383760746,
      0.005561606453953408
    ],
    [
      0.024982726993980922,
      0.019121129697127093,
      0.028225365209117295,
      0.1798145412910808,
      0.013694419574682596,
      0.03517145524020732,
      0.07832367168977544,
      0.045749082062919326,
      0.07335629920910779,
      0.07734990050006482,
      0.036169969129652875,
      0.08973157663987105,
      0.05958633660283719,
      0.042003759177270936,
      0.07041039346175365,
      0.058465290571422496,
      0.02774835679986356,
      0.024208755582914902,
      0.015886970566350075
    ],
    [
      0.007890431563456644,
      0.061442036836807296,
      0.011567616369446627,
      0.03023914097266165,
      0.3742133117243473,
      0.018435059218689393,
      0.06616283549947008,
      0.03240795625088478,
      0.10207678000939974,
      0.02608745987845002,
      0.0028744083174771532,
      0.024218438279643158,
      0.017103782294444238,
      0.003646579225989962,
      0.0005019502578964591,
      0.012028876219741648,
      0.03770233604054132,
      0.0756043185356392,
      0.09579668250501339
    ],
    [
      0.020632153608748312,
      0.008475457677271604,
      0.03755951081150109,
      0.016033143036257174,
      0.014548750388188886,
      0.3272356633411599,
      0.03563675297301912,
      0.015351724840523965,
      0.03992398932449415,
      0.05803377021146856,
      0.017892998757740215,
      0.08635111161651451,
      0.03801684133456285,
      0.04995587249784087,
      0.051567050819548516,
      0.05660586199764244,
      0.057643142628647684,
      0.05310183231674778,
      0.015434371818122366
    ],
    [
      0.018706710903133916,
      0.008844327530809748,
      0.04724474907551299,
      0.008310466229765893,
      0.023582482824858586,
      0.039906306347409846,
      0.25643792925142667,
      0.04454418052021742,
      0.0569901981191495,
      0.039269023880250824,
      0.055686296653638966,
      0.06344272272621763,
      0.08210374792748448,
      0.012477439872647083,
      0.06438894025086943,
      0.09106666181449197,
      0.0408192776650018,
      0.029430055429576742,
      0.016748482977536453
    ],
    [
      0.012727096800244204,
      0.025511414042231766,
      0.04743163444789597,
      0.02569046050874266,
      0.025365803291797488,
      0.022975808619075517,
      0.0208291077888864,
      0.4228410208949621,
      0.006474452394579478,
      0.042902000867282984,
      0.06832467639486152,
      0.06659113191441136,
      0.011946311886983963,
      0.03901246580649065,
      0.010478856786670808,
      0.0454910122662241,
      0.034823423497703364,
      0.0330551547549088,
      0.03752816703604679
    ],
    [
      0.005667862423693461,
      0.011788215244010362,
      0.018949968753978072,
      0.02483964497659306,
      0.04333256724706038,
      0.007804525943889689,
      0.07174274224451314,
      0.03730796239892126,
      0.3737342883156105,
      0.057438783675611255,
      0.0017197712845492452,
      0.03845924195881896,
      0.0737116907250582,
      0.01645006882331211,
      0.02403663663762707,
      0.050786173673975935,
      0.05429839052400216,
      0.03403573013260729,
      0.053895735016167845
    ],
    [
      0.01344507955644695,
      0.00794694612191303,
      0.009371706047347758,
      0.014461576697734763,
      0.011155398607816034,
      0.050742260532932036,
      0.06578386904231272,
      0.06749394952952997,
      0.03051898381093479,
      0.3840335542994183,
      0.03836871169397476,
      0.06023783281811461,
      0.046876014841610775,
      0.005798406571273532,
      0.06361323734454422,
      0.047292832954324696,
      0.06314228193386767,
      0.016283820893271662,
      0.0034335367026316925
    ],
    [
      0.02082938704745506,
      0.006999741588413821,
      0.012158990368004845,
      0.038662689472792264,
      0.017718450522500328,
      0.012851600928463925,
      0.03860248758082391,
      0.10924869127981623,
      0.0099074428472256,
      0.013376125811539408,
      0.5024662147683336,
      0.11104102386350562,
      0.006402168887704196,
      0.03441901701919189,
      0.010677191782930969,
      0.03388662803104984,
      0.01441830742750446,
      0.0013775510755645473,
      0.004956289697179553
    ],
    [
      0.04831607284167335,
      0.00015677598764967583,
      0.032186868360876,
      0.023715872221600307,
      0.005284246508585795,
      0.004546237369755873,
      0.058639833420704786,
      0.053207252182426695,
      0.034674381268495466,
      0.0690182853160523,
      0.049696366829200866,
      0.44505757955722863,
      0.0596893471563308,
      0.03390635100174881,
      0.021637616748134986,
      0.023583654032592723,
      0.027831715863851088,
      0.00585431130661518,
      0.0029972320264767885
    ],
    [
      0.04443285861142056,
      0.022177726667642592,
      0.03998384577466696,
      0.0003643743303005376,
      0.03251127181181613,
      0.017406371582305125,
      0.08015087963177728,
      0.04513155212091851,
      0.1029032773677627,
      0.041020254429270826,
      0.044071108180489385,
      0.046715538848391254,
      0.3379121212449414,
      0.0567091483358256,
      0.029823434856667923,
      0.030543103302851853,
      0.008112548104056868,
      0.017271383227507268,
      0.002759201571387368
    ],
    [
      0.019336531378087114,
      0.004131008459152928,
      0.01175462372926212,
      0.02502090499608778,
      0.008225670402694455,
      0.0211901053071735,
      0.04218188744486732,
      0.03516086573795627,
      0.02131552890801923,
      0.025971000289908418,
      0.00833544765743411,
      0.04535204382431127,
      0.019674446794094524,
      0.6512890724737167,
      0.019266491935529838,
      0.023855850713076058,
      0.012567306945930473,
      0.003262445072362366,
      0.0021087679303354134
    ],
    [
      0.03412871638013345,
      0.001723204854246804,
      0.0142289793902962,
      0.055856440375672924,
      0.02840408492256999,
      0.045057136743685416,
      0.09791630133703888,
      0.0632649185108237,
      0.04395468411292487,
      0.09143958432814017,
      0.021154409812342564,
      0.09635840256386435,
      0.05230718315808015,
      0.05111452795292562,
      0.22009134583606155,
      0.0385171694767862,
      0.011498493062471398,
      0.02052287745918479,
      0.012461539722751035
    ],
    [
      0.016666694644935334,
      0.0457760027947768,
      0.024888310456840954,
      0.02223285188985515,
      0.044549826523918916,
      0.008274028352540078,
      0.04169546112189049,
      0.02719409978801709,
      0.08666826566413521,
      0.055509158747823,
      0.012093294365728003,
      0.06063883757366076,
      0.09405016860881696,
      0.006716233318874685,
      0.009876298298713362,
      0.29888057554489966,
      0.028341379597213116,
      0.06255826656702795,
      0.05339024614033244
    ],
    [
      0.010350541810186532,
      0.07116398098923157,
      0.012356580305814636,
      0.008196963092772,
      0.006497917287784766,
      0.012082114634950307,
      0.05035808157970737,
      0.0492810513170661,
      0.04528660995057059,
      0.02357568379183999,
      0.017858812178087394,
      0.02712177682027566,
      0.020677935525211993,
      0.01895563690434597,
      0.01732393859757963,
      0.08842808637525196,
      0.4093309042007114,
      0.005945989864402024,
      0.10520739477421015
    ],
    [
      0.010817075343089557,
      0.0105612644641013,
      0.0069904923555967075,
      0.014067075975659107,
      0.10425160707483402,
      0.029167066172359236,
      0.05939323755786545,
      0.013870991706649315,
      0.11812143611238388,
      0.04466504697417782,
      0.010388682982145465,
      0.035174387877345364,
      0.02316053080527153,
      0.005796462219012376,
      0.01682328890898622,
      0.04852096584357454,
      0.08946285716692756,
      0.28385203311663765,
      0.07491549734338282
    ],
    [
      0.0037426328422168376,
      0.10524121781627983,
      0.005036939832696628,
      0.004168904581509635,
      0.06270569636489287,
      0.012926816945530845,
      0.04848680282012728,
      0.010096083454155864,
      0.030316072562957326,
      0.021223115210697658,
      0.005609033262699827,
      0.030057922235214217,
      0.0006717591577744477,
      0.0005224421539630686,
      0.020909147733624713,
      0.054105824264516364,
      0.10229634098697774,
      0.0707565166813655,
      0.4111267310927993
    ]
  ]
}