{
  "poids_LS": 0.555,
  "poids_EM": 0.44499999999999995,
  "mae_validation": 6.968369925230146,
  "matrice_de_transition": [
    [
      0.253211558085555,
      0.0026118534294125393,
      0.009465523263744887,
      0.05761280065584114,
      0.00610718575862507,
      0.037180253693583284,
      0.1023949334650815,
      0.060680814766388896,
      0.06697790142698712,
      0.05602563312455455,
      0.014982663620366418,
      0.1590800404423463,
      0.022071704667184913,
      0.0358796640069486,
      0.00672034832815631,
      0.042672520283970686,
      0.05144149966030177,
      0.005651744008521202,
      0.009231357312429847
    ],
    [
      0.0063746899178873445,
      0.5508656010979961,
      0.0021871645591955303,
      0.011591611670800478,
      0.038222882310506925,
      0.00759755033575783,
      0.043363633207017555,
      0.017386689185611027,
      0.0578716183315347,
      0.01383348211530854,
      0.002535652472807297,
      0.026260186557316652,
      0.010995548546647782,
      0.00016094859316289866,
      0.02915719519426202,
      0.05802138768295711,
      0.07100721773249188,
      0.011299159991233718,
      0.04126778049750469
    ],
    [
      0.020584663360385506,
      0.017562205085162375,
      0.363981001119386,
      0.01832482665098681,
      0.026359934745345925,
      0.014968056060752119,
      0.06361926168945958,
      0.17169496487868752,
      0.014051716664853225,
      0.026956768771054372,
      0.006131016660688958,
      0.09551549662566497,
      0.019908363120551838,
      0.029833659306864286,
      0.018221460359777602,
      0.025407928864812378,
      0.06162556307703852,
      0.000773629027289327,
      0.004479483931238491
    ],
    [
      0.020121834411441646,
      0.015400728896328608,
      0.0227335520688818,
      0.20172885292204634,
      0.011029894499065619,
      0.028328140419714487,
      0.09003639563994924,
      0.05586182360507249,
      0.08131799794287985,
      0.08169681783103216,
      0.029132373326145752,
      0.09742678870012343,
      0.054995023185101716,
      0.033831082052281566,
      0.05935344284347771,
      0.05887628254536005,
      0.02583467384155391,
      0.019498454722890735,
      0.012795840546652998
    ],
    [
      0.006355189223055577,
      0.04948725138892171,
      0.00931690368217873,
      0.024355507208750102,
      0.40844813233452276,
      0.014848147244012271,
      0.07424740456328822,
      0.03461242487627729,
      0.09789035283890588,
      0.03078580428977877,
      0.002315134300954449,
      0.028841417681673014,
      0.013775897051633821,
      0.00293706381097834,
      0.000404285728079501,
      0.009688416140787389,
      0.035419588178028184,
      0.0696793388138982,
      0.08659174064427586
    ],
    [
      0.016617752680349318,
      0.006826386726490251,
      0.030251551694331195,
      0.012913572219247858,
      0.011717998050215483,
      0.376030203525161,
      0.043552950721231776,
      0.013145181144022147,
      0.03965615747975029,
      0.060285586901083876,
      0.014411555560532842,
      0.08674510762186567,
      0.03061989935543976,
      0.04023595160459581,
      0.04633701718958498,
      0.05241818244335428,
      0.05731083017744306,
      0.045299752076762914,
      0.015624362828537464
    ],
    [
      0.015066943623338627,
      0.007123485522552647,
      0.03805233183457606,
      0.006693497687322755,
      0.021553566094084896,
      0.03214173090424865,
      0.3164872813175745,
      0.0412629862477759,
      0.052226749039997064,
      0.04794599714850275,
      0.04606567246487397,
      0.06985715714607127,
      0.07917352903093777,
      0.01004970270285602,
      0.054737433728714036,
      0.08694971713576638,
      0.03741864445014546,
      0.023703845549613845,
      0.01348972837104746
    ],
    [
      0.01025078384816049,
      0.02054765474894685,
      0.03820285489468544,
      0.02102375272212513,
      0.020430375501990734,
      0.018505402417173942,
      0.018266057710269328,
      0.49386470446687725,
      0.005415456903665582,
      0.03955306049908247,
      0.05503073483387035,
      0.06089434273472352,
      0.013033099263421296,
      0.03245381653977443,
      0.012514610359062421,
      0.04172996172120784,
      0.03774075764957245,
      0.026623608807121113,
      0.03391896437826924
    ],
    [
      0.004565065662522335,
      0.009494580603773051,
      0.015262870761122609,
      0.02000659188159984,
      0.034901343755550894,
      0.006285998271549161,
      0.08210862321842743,
      0.038230053942233416,
      0.4068177754797629,
      0.06350805040276658,
      0.0013851551522613829,
      0.04654627356831409,
      0.0681297443630671,
      0.013249376699319255,
      0.019359824984152115,
      0.04869152327798901,
      0.0487223975718592,
      0.02741339350047103,
      0.045321356903258676
    ],
    [
      0.012224313040255098,
      0.006400707736201444,
      0.007548251929538013,
      0.014902848931026176,
      0.008984891186385765,
      0.04086933201294978,
      0.07026912565808738,
      0.06226905359937436,
      0.026860302612187144,
      0.4293779170671082,
      0.03090330625125568,
      0.060898136074123366,
      0.03873129330614031,
      0.005960731206219183,
      0.051236001119135156,
      0.04460787098529316,
      0.0720749686328157,
      0.01311547565159437,
      0.002765473000309689
    ],
    [
      0.021196631924894817,
      0.0056378009173649775,
      0.009793213961560463,
      0.03442195507267994,
      0.021155504252866154,
      0.010351063191251486,
      0.03869028993726793,
      0.11357455657970288,
      0.00797975034753917,
      0.010773531196624499,
      0.5177517245889459,
      0.10623865985674362,
      0.00515649801815089,
      0.027722104205502966,
      0.00859972912833354,
      0.03952367269535707,
      0.016331849611419907,
      0.0011095207757940697,
      0.0039919437379998205
    ],
    [
      0.038915207990126044,
      0.0001262720624508701,
      0.025924265014642206,
      0.01910147174409436,
      0.004256089948091726,
      0.003661675347586178,
      0.06082132058803359,
      0.060558994412763446,
      0.0425907497094039,
      0.07059639527068261,
      0.0400269379891301,
      0.4674378188450351,
      0.05551452756796365,
      0.02730918768466646,
      0.017427582720217317,
      0.0244465013176152,
      0.032972505908758526,
      0.0058984356945176635,
      0.0024140601842211236
    ],
    [
      0.035787551279786695,
      0.01786260337936824,
      0.03220418347461863,
      0.0002934779673913832,
      0.026185549242096245,
      0.014019611500680144,
      0.08187215384389264,
      0.049205666609797694,
      0.09850464681698418,
      0.04579282213724717,
      0.03549618667930819,
      0.0514138656775399,
      0.39046466258296686,
      0.045675241646049566,
      0.02402068508817597,
      0.027550102070679983,
      0.00712894057885944,
      0.014299706077466966,
      0.0022223433470902783
    ],
    [
      0.01557421984298419,
      0.0033272375824851632,
      0.009467524994609308,
      0.020186102112620976,
      0.00809004040676822,
      0.01910242443770271,
      0.04801553134111082,
      0.03518061505950475,
      0.022079517208165707,
      0.02517319562885302,
      0.006713618475218422,
      0.04595907544524583,
      0.01584638701062817,
      0.6606291234443833,
      0.019259663404019963,
      0.026358408314786832,
      0.014711179931273646,
      0.0026276706917669735,
      0.0016984646678719617
    ],
    [
      0.027488287401193454,
      0.0013879206518367922,
      0.011460444938790604,
      0.044988445189456015,
      0.02287749826342741,
      0.03629036353111314,
      0.11018674181660212,
      0.06583597318409914,
      0.048448599129720334,
      0.09498832469615334,
      0.01703839342351573,
      0.10475615966425436,
      0.047578637038830314,
      0.04116916731050118,
      0.24428710881412544,
      0.04263235799227131,
      0.012018942300785575,
      0.016529738406040235,
      0.010036896247283638
    ],
    [
      0.013423853605423027,
      0.03686935971706005,
      0.020045788512749727,
      0.017907002879611836,
      0.037691919222022384,
      0.006664149532815085,
      0.04511082487945783,
      0.03070662351581547,
      0.08349177360173406,
      0.05756258139322809,
      0.009740300439364635,
      0.06871986824057828,
      0.096521591251926,
      0.005409454890315356,
      0.008180673469361306,
      0.34193539235270287,
      0.024507050675192186,
      0.050386296149008934,
      0.045125495671632876
    ],
    [
      0.008336635485127612,
      0.06437720398679331,
      0.009952358798348439,
      0.007397487138561533,
      0.0052336166390302636,
      0.009731295950321966,
      0.05310532273287966,
      0.05473119096068883,
      0.039867915782921495,
      0.018988559796142612,
      0.014384020668323783,
      0.031690005359565655,
      0.022583987026115415,
      0.017427033781912675,
      0.013953217512982685,
      0.08223266176237604,
      0.4424231246664206,
      0.004789077809337377,
      0.09879528414215014
    ],
    [
      0.008712395525203354,
      0.0085063578036653,
      0.005630351309032642,
      0.011330043093517289,
      0.08396735773448169,
      0.02349202614787305,
      0.06869431123011108,
      0.012524348891389429,
      0.1078097894138079,
      0.048636864572445704,
      0.008367355524080963,
      0.040334046092141446,
      0.018654183182526388,
      0.004668643778209063,
      0.013779940077035091,
      0.04640164267848958,
      0.07848960553516843,
      0.3367149955667633,
      0.0732857418440582
    ],
    [
      0.0030144282620570002,
      0.086110305549877,
      0.0040569017657013555,
      0.003357760251170656,
      0.05050504051109018,
      0.010411644417667378,
      0.05584280215323447,
      0.011847882690818922,
      0.0326651755809928,
      0.02317248800273316,
      0.004517682899369092,
      0.03491097167092318,
      0.0005410548872572474,
      0.00042079051314672486,
      0.021274960310378913,
      0.04713700627727546,
      0.09699538357598818,
      0.05919819434720147,
      0.45401952633311676
    ]
  ]
}