{
  "poids_LS": 0.3225,
  "poids_EM": 0.6775,
  "mae_validation": 7.60051983257998,
  "matrice_de_transition": [
    [
      0.20416211072591056,
      0.003976473479611226,
      0.014410993283566655,
      0.07812949970202338,
      0.009298018767344911,
      0.05660589185933186,
      0.07646561733858509,
      0.047581606362719006,
      0.055675338995283215,
      0.04948513207562511,
      0.022810684500670225,
      0.175991464728406,
      0.0336035503640849,
      0.05462578059484872,
      0.010231541555788542,
      0.045153313729591894,
      0.03913387824010467,
      0.008604621496119359,
      0.014054482200384768
    ],
    [
      0.009705286335659946,
      0.48104007016692696,
      0.0033298966041684763,
      0.017647903161724324,
      0.05819326464127741,
      0.011567056971856024,
      0.034042479620146684,
      0.024659942211709005,
      0.05918098612054999,
      0.012914155962583449,
      0.003860459663656054,
      0.016506054969082567,
      0.014292517313377578,
      0.0002450397120626154,
      0.02874112041331326,
      0.06779619777753818,
      0.0856491615328871,
      0.013988582745860777,
      0.05663982407561967
    ],
    [
      0.03133957174530603,
      0.026737963921792157,
      0.2852914251854237,
      0.021957894137304465,
      0.021575434031589034,
      0.019787853981817757,
      0.05387735726037753,
      0.16892367407316128,
      0.00914368040384244,
      0.03779962354679369,
      0.00933430064632982,
      0.11068434555170203,
      0.030309923627357016,
      0.04542090827056305,
      0.027741661558987253,
      0.027947541428337122,
      0.06412912370930964,
      0.0011778284628955484,
      0.006819888457110288
    ],
    [
      0.030634927671352175,
      0.02344717713991603,
      0.03461119444194926,
      0.15433278358065577,
      0.016792704546330244,
      0.04312879805473386,
      0.06470422523608499,
      0.033990080269717976,
      0.06409850998379144,
      0.07229534546405628,
      0.044353220063963486,
      0.08078365563957757,
      0.06492507313508775,
      0.05150687211330508,
      0.08326731278533031,
      0.057987392927309055,
      0.029973569542084074,
      0.029685849606198817,
      0.01948130779855597
    ],
    [
      0.009675597075550909,
      0.07534295014830215,
      0.01418472414533953,
      0.03708057558186112,
      0.33440538078228277,
      0.022605887096220932,
      0.05676217379735596,
      0.029844620639963265,
      0.10694471857974144,
      0.020624268702486362,
      0.0035247269413407624,
      0.0188428808354224,
      0.020973416297712166,
      0.00447159715042208,
      0.0006155136646603639,
      0.014750341427827994,
      0.040356694020207765,
      0.08249382983998922,
      0.10650010327331284
    ],
    [
      0.025300061665026213,
      0.01039298203864527,
      0.046057137691931205,
      0.01966055096301219,
      0.01784032287420447,
      0.2704978259179028,
      0.026431871870446263,
      0.0179174733248284,
      0.04023542170210327,
      0.055415378711915875,
      0.021941188521934833,
      0.08589297672657131,
      0.04661793665912458,
      0.06125810609463745,
      0.05764848527299449,
      0.06147525682821007,
      0.05802955245562981,
      0.06217401864231157,
      0.015213452038569927
    ],
    [
      0.022938998437779596,
      0.01084530661017847,
      0.05793360633241638,
      0.010190662209350936,
      0.02594168832575823,
      0.04893488244410891,
      0.18661310126753397,
      0.048359522697475,
      0.06252909239723375,
      0.029179520079957888,
      0.0668730689661564,
      0.05598407805196921,
      0.08551097920253882,
      0.01530039007007855,
      0.0756116222533757,
      0.0958538067897543,
      0.0447735023334394,
      0.036088439010928945,
      0.020537732519965515
    ],
    [
      0.015606530465457825,
      0.031283227173958414,
      0.05816277346325705,
      0.031116864911786304,
      0.031104672814828593,
      0.02817395536547269,
      0.023809398577976013,
      0.3402553423229677,
      0.00770584250029331,
      0.04679611757449288,
      0.08378274797740937,
      0.07321530537916465,
      0.010682605635312644,
      0.04663880216313741,
      0.008111701469936377,
      0.049864326853452316,
      0.031431174483902105,
      0.04053369655466192,
      0.041724914312532314
    ],
    [
      0.006950184239008723,
      0.014455232267542119,
      0.023237292001484423,
      0.030459474156817736,
      0.05313631549300164,
      0.009570255795448441,
      0.059689392274845376,
      0.036235762929953626,
      0.33526511719450314,
      0.050381496783570165,
      0.002108859810465364,
      0.029055716831499052,
      0.08020232602969904,
      0.020171803851210778,
      0.029474789723063055,
      0.05322181366930957,
      0.0607821032590521,
      0.04173612156532387,
      0.06386594212420177
    ],
    [
      0.014864575505507245,
      0.00974489773320557,
      0.011492001533173044,
      0.01394846944972149,
      0.01367924444668844,
      0.06222240997477186,
      0.06056845437280731,
      0.07356940991343183,
      0.034773264274594845,
      0.33130755108117427,
      0.047049415697136464,
      0.059470038334383496,
      0.056346621278204355,
      0.005609656995755333,
      0.0780053724903687,
      0.050414881755524166,
      0.05275543693509091,
      0.019967943267315026,
      0.00421035496114565
    ],
    [
      0.020402358120199526,
      0.008583393531493871,
      0.014909893166195988,
      0.043593775984550776,
      0.013721876417423786,
      0.01575920294847839,
      0.038500391817516896,
      0.10421861534971547,
      0.012148945753837726,
      0.016402398619579997,
      0.4846923661397147,
      0.11662516805741494,
      0.007850623387184784,
      0.04220612494208598,
      0.013092846032462862,
      0.027331924933018174,
      0.012193258376439989,
      0.0016892142148325444,
      0.00607762220785366
    ],
    [
      0.05924731104114696,
      0.00019224566811340337,
      0.03946896527510134,
      0.02908145417218861,
      0.006479777392881224,
      0.005574797860650867,
      0.056103220435438736,
      0.04465871470529095,
      0.02546930168604381,
      0.06718327374090076,
      0.060939888736259884,
      0.4190340455016397,
      0.06454378853815305,
      0.04157747113789108,
      0.026533005152690414,
      0.022580343236054953,
      0.02185405302093547,
      0.005803003878821595,
      0.0036753388197973288
    ],
    [
      0.05448554155518087,
      0.027195311886566258,
      0.04902996472821152,
      0.000446811961590252,
      0.03986676317195552,
      0.021344464700473704,
      0.07814939798978268,
      0.04039420969198924,
      0.10801796405471446,
      0.03547075709441462,
      0.05404194713535124,
      0.041252368116823056,
      0.27680451503793513,
      0.06953927239370469,
      0.036570818308402746,
      0.03402333729374937,
      0.009256277784518992,
      0.020726821774065755,
      0.0033834553205700306
    ],
    [
      0.023711312232857953,
      0.005065625757603816,
      0.01441404086257934,
      0.03064276881407243,
      0.008383379700283102,
      0.023617641201906972,
      0.035398580588770226,
      0.035137901410574324,
      0.020427170419476812,
      0.02689868012834493,
      0.01022129554373142,
      0.04464619310229434,
      0.02412567910045075,
      0.6404285480892207,
      0.0192744320884483,
      0.020945900013412372,
      0.010074431381577948,
      0.00400055481724073,
      0.00258586474715338
    ],
    [
      0.04185014542541251,
      0.0021130702058863526,
      0.017448205496698056,
      0.0684936440805763,
      0.034830348479712524,
      0.05525105908388574,
      0.08364834729103512,
      0.06027532005352669,
      0.038729201535255726,
      0.08731314203975277,
      0.02594047538074586,
      0.08659356872620158,
      0.05780549259906835,
      0.06267890079295405,
      0.19195673772203378,
      0.03373206655180351,
      0.010893319529547935,
      0.02516606240470171,
      0.015280892601201496
    ],
    [
      0.02043744003971708,
      0.056132564513052104,
      0.03051914992671447,
      0.02726290887851016,
      0.052524137340077666,
      0.010145980468499372,
      0.03772410791541684,
      0.02310976987197246,
      0.0903618610855319,
      0.053121457997351976,
      0.014829333814987732,
      0.05124229028654735,
      0.09117642134938783,
      0.008235743119525065,
      0.011847955077029704,
      0.24881683507070995,
      0.03279990159956304,
      0.07671172054146867,
      0.0630004211039366
    ],
    [
      0.012692293350952715,
      0.07905558215485747,
      0.015152186709845097,
      0.009126586295342312,
      0.007968034321220233,
      0.014815624733355353,
      0.047163615122530284,
      0.042943679638435005,
      0.05158741712225559,
      0.028909548903116002,
      0.021899267421998568,
      0.021809883169938458,
      0.018461596570673137,
      0.020733082395547477,
      0.021243381719203976,
      0.0956320684832472,
      0.3708515780777938,
      0.0072912364400585915,
      0.11266333736962877
    ],
    [
      0.013264377456910725,
      0.012950690813445485,
      0.00857205171206655,
      0.017249672350242617,
      0.12783794351710415,
      0.035765949921761776,
      0.0485780356133938,
      0.015436855445323599,
      0.13011172297119314,
      0.040046654418052365,
      0.012739063747336748,
      0.029174785302001086,
      0.028400469901486806,
      0.007107879010644136,
      0.02036206662055729,
      0.050985295105301254,
      0.10222245208757771,
      0.22238347212811943,
      0.07681056187748123
    ],
    [
      0.004589382354030602,
      0.12748646463767846,
      0.006176518980365547,
      0.005112095663299145,
      0.07689250549722157,
      0.01585143616397674,
      0.039933315223491014,
      0.008059107597570914,
      0.027584557425706775,
      0.018956402661819166,
      0.006878045313084404,
      0.024414841496017754,
      0.0008237408676781688,
      0.0006406417363076542,
      0.020483784272282615,
      0.062209100993866256,
      0.10846024495324463,
      0.08419642637225391,
      0.3612513877901046
    ]
  ]
}