{
  "poids_LS": 0.3675,
  "poids_EM": 0.6325000000000001,
  "mae_validation": 7.477323497186211,
  "matrice_de_transition": [
    [
      0.2136555521503579,
      0.003712353469895351,
      0.013453805537794702,
      0.07415852569308488,
      0.008680438185012039,
      0.052846090924025695,
      0.08148419465339085,
      0.05011693702149382,
      0.0578629317240001,
      0.05075103550445016,
      0.021295583685127555,
      0.17271828583432994,
      0.031371580229201036,
      0.05099749996493257,
      0.009551955769795208,
      0.04467316015947166,
      0.04151599851498153,
      0.008033096821100361,
      0.013120974157554786
    ],
    [
      0.009060654770929768,
      0.4945546890568113,
      0.0031087226599801647,
      0.016475717711868097,
      0.05432802935145087,
      0.010798765364869279,
      0.03584657386276685,
      0.023252215819561012,
      0.05892756009686961,
      0.013092090056659272,
      0.003604045368653069,
      0.01839395140551497,
      0.013654394326268587,
      0.00022876401163041222,
      0.02882165101607754,
      0.06590429904955475,
      0.082815236926359,
      0.013468049309481348,
      0.053664589834694194
    ],
    [
      0.02925797657403109,
      0.024962010598573493,
      0.30052166568877126,
      0.02125471978511395,
      0.02250146642780005,
      0.01885498986806312,
      0.05576288714987728,
      0.16946005293874702,
      0.010093622905973558,
      0.035701006493424794,
      0.008714310197496106,
      0.10774843930795293,
      0.02829671836797537,
      0.04240402137436329,
      0.025899041972043454,
      0.02745600351281621,
      0.06364456358693459,
      0.001099596314068538,
      0.006366906935973812
    ],
    [
      0.02860013542749853,
      0.021889800060512013,
      0.03231229591812976,
      0.16350621635640877,
      0.01567732195653709,
      0.04026415464150431,
      0.06960722595941354,
      0.03822332091527046,
      0.06743131410490533,
      0.07411498527701935,
      0.04140724972761167,
      0.08400490719968322,
      0.06300312798347754,
      0.0480857514563328,
      0.07863882182884273,
      0.0581594360791899,
      0.029172492954884686,
      0.027714095757816613,
      0.01818734639496185
    ],
    [
      0.009032937491196975,
      0.07033862135616402,
      0.013242565346018085,
      0.03461765912254931,
      0.348736235921426,
      0.02110438906030958,
      0.06014641201011704,
      0.030767421459895007,
      0.10519226069441845,
      0.022591017525833278,
      0.0032906122367498633,
      0.020778081515341874,
      0.019580348056535715,
      0.004174590697626518,
      0.0005746308382253583,
      0.01377061395291691,
      0.03940112514752785,
      0.08001360577042324,
      0.10264687179672505
    ],
    [
      0.02361961476476617,
      0.009702673268550751,
      0.04299799201497637,
      0.018354684109380386,
      0.016655356779238864,
      0.2909234473902753,
      0.02974562906737249,
      0.016993803870478805,
      0.04012330604616399,
      0.05635799965175485,
      0.020483840206824772,
      0.08605790528695087,
      0.043521542342282366,
      0.057189301999790686,
      0.055459168869753946,
      0.059722274689205726,
      0.05789044491791624,
      0.05890803156510861,
      0.015292983159208805
    ],
    [
      0.021415374925307155,
      0.01012495414160573,
      0.05408561771993116,
      0.009513791656700321,
      0.025092374345434362,
      0.04568459504929725,
      0.21175003934173534,
      0.04698599951366227,
      0.06053509045712342,
      0.03281174144806334,
      0.06284583093365013,
      0.05866919013469865,
      0.08428437594351927,
      0.014284127999003225,
      0.07157145673247345,
      0.09413043459865987,
      0.04334998145280187,
      0.03369142092164216,
      0.019173602684691055
    ],
    [
      0.014569934345980924,
      0.02920537444653682,
      0.05429956341772707,
      0.029163359326690598,
      0.0290386797865374,
      0.026302622536769713,
      0.022736493893903753,
      0.36998618660888577,
      0.007262542062236332,
      0.04539423555989732,
      0.07821784220769215,
      0.07083060293185348,
      0.01113753988591432,
      0.043893321074744585,
      0.008963877383960771,
      0.04828993360205015,
      0.03265238412887056,
      0.0378414215067508,
      0.04021408529299753
    ],
    [
      0.00648854838549523,
      0.013495106139070687,
      0.02169385563238214,
      0.028436335651936855,
      0.0496069661244628,
      0.008934593048887291,
      0.06402859826392578,
      0.03662175473878197,
      0.34911401879810183,
      0.05292212006470496,
      0.0019687879411355615,
      0.03244098587733422,
      0.07786569732002833,
      0.01883197924116726,
      0.027517054612306104,
      0.052344983270989465,
      0.05844796667443413,
      0.03896398064954591,
      0.06027666756530956
    ],
    [
      0.01435355696384554,
      0.009097635153140255,
      0.010728695158275943,
      0.01413318805900627,
      0.012770659944694375,
      0.05808955617570953,
      0.06244600365382926,
      0.07138224417522716,
      0.033241723307677225,
      0.3502889122397421,
      0.04392436225599825,
      0.0597464443485267,
      0.052937202961030674,
      0.005677606842941885,
      0.07282420383787189,
      0.04929094418709236,
      0.05649470113465054,
      0.01864165921265942,
      0.003930700388080626
    ],
    [
      0.020556088534011516,
      0.008013278831985054,
      0.013919568158847179,
      0.04181858484031772,
      0.015160643095251341,
      0.014712466221273183,
      0.03853714629230742,
      0.10602944268455175,
      0.011342004707457363,
      0.015312940408685388,
      0.49109095164601757,
      0.11461487614760758,
      0.007329179767371773,
      0.03940276608984411,
      0.012223210502631383,
      0.02969161804830957,
      0.012994276034823199,
      0.0015770154846960658,
      0.005673942504010982
    ],
    [
      0.055312065289336465,
      0.00017947658314646149,
      0.036847410385980224,
      0.027149844669976823,
      0.00604938627453487,
      0.00520451608392867,
      0.05701640111013452,
      0.04773618819705982,
      0.028783130335726406,
      0.06784387790795532,
      0.05689222084971864,
      0.4284025177616517,
      0.06279618964069704,
      0.03881586788887986,
      0.024770665327050464,
      0.022941535122808547,
      0.02400601164438509,
      0.005821474552827286,
      0.0034312203742019346
    ],
    [
      0.050866575695427164,
      0.02538898120775374,
      0.045773361904935486,
      0.00041713441432595483,
      0.03721878628230534,
      0.01992675117793302,
      0.07886993138090073,
      0.04209965296640378,
      0.10617667684741185,
      0.03746857613496286,
      0.05045244511160098,
      0.04321910958018761,
      0.2988032532724574,
      0.06492042773286823,
      0.03414176026577821,
      0.03277045305702627,
      0.008844535099552627,
      0.0194828638973047,
      0.0031587239708642727
    ],
    [
      0.022136391125140452,
      0.004729163530161497,
      0.013456650694585143,
      0.028618897839597958,
      0.00832660435315119,
      0.022743728279802925,
      0.03784057105696518,
      0.035146168568431835,
      0.020746979475352083,
      0.026564715386507787,
      0.009542390304664389,
      0.04490029936222044,
      0.022523235470162512,
      0.6443383368676393,
      0.019271573633397654,
      0.021993482265291298,
      0.010971866584744857,
      0.0037348353090845194,
      0.0024141098930989123
    ],
    [
      0.03907043096911205,
      0.001972718679296115,
      0.016289284098393392,
      0.0639442507468111,
      0.032516893599141214,
      0.051581247041413626,
      0.08878481074759649,
      0.06135157549815362,
      0.04061037526321662,
      0.08879866126357223,
      0.024217491776120675,
      0.09010890890776019,
      0.0558261012003126,
      0.05851572657054382,
      0.20208519664308378,
      0.03545470360479728,
      0.011111182001400382,
      0.02349451582431562,
      0.014265925564959332
    ],
    [
      0.019079971697595656,
      0.052404202294473,
      0.028492047717560007,
      0.02545208836259436,
      0.049653385446260516,
      0.009472077706754027,
      0.03915379506974735,
      0.024580128641748526,
      0.0890321667338291,
      0.053981030267521546,
      0.013844359613254231,
      0.05462504730990818,
      0.09221097036278232,
      0.0076887195912909295,
      0.011138158636835822,
      0.26683978164141825,
      0.031194833678717067,
      0.07161647711067001,
      0.05954075811703911
    ],
    [
      0.01184926279627689,
      0.07621460573523214,
      0.014145768404394134,
      0.008791921942417,
      0.007438792189183466,
      0.013831561097929539,
      0.048313623047114035,
      0.045225133442742205,
      0.049319126540448996,
      0.02698935746305664,
      0.020444703534190548,
      0.02372216488405985,
      0.019259478594307128,
      0.020093202018714937,
      0.019832382195419215,
      0.09303863492436892,
      0.3847041354820442,
      0.006806947672822228,
      0.10997919803527809
    ],
    [
      0.012383348695935107,
      0.01209049732768158,
      0.008002690343737408,
      0.016103937655392555,
      0.11934686239788692,
      0.03339035177197687,
      0.0524715083134036,
      0.014873144499400859,
      0.12579521970202182,
      0.04170927573825753,
      0.011892926671867888,
      0.03133464222912503,
      0.026514091826849308,
      0.006635768965656703,
      0.019088106644391704,
      0.050098136571079636,
      0.09762899791614367,
      0.24451215408398597,
      0.07612833864520581
    ],
    [
      0.004284552529777647,
      0.11947817578197495,
      0.005766270487204737,
      0.004772546873854922,
      0.07178525420958325,
      0.014798573245336219,
      0.043012570758280064,
      0.008792418905941495,
      0.02856790287511697,
      0.019772419179415426,
      0.0064212009749459575,
      0.02644635056212848,
      0.0007690274521128293,
      0.0005980898866636034,
      0.02063691511836577,
      0.0592919213713003,
      0.10624123952538855,
      0.0793580588835341,
      0.37920651137907474
    ]
  ]
}