{
  "poids_LS": 0.02,
  "poids_EM": 0.98,
  "mae_validation": 8.437066240231259,
  "matrice_de_transition": [
    [
      0.14034508781712585,
      0.005751946878256828,
      0.020845422019033687,
      0.1048232694287766,
      0.013449532681915885,
      0.08188010925777893,
      0.042729625389057495,
      0.030538550267621624,
      0.04096985454113082,
      0.04097544791519003,
      0.03299552887181818,
      0.19799450062747298,
      0.04860734960413757,
      0.07901588927372952,
      0.014799868228299292,
      0.048381012728733463,
      0.02312073639232134,
      0.012446537367080401,
      0.020329730710519665
    ],
    [
      0.014038642965235052,
      0.39019179874048215,
      0.0048166770067676855,
      0.02552759424131341,
      0.08417623520066694,
      0.016731683885489155,
      0.021914957211422222,
      0.03412299184781497,
      0.06088457216862363,
      0.01171804344129596,
      0.005584133535620565,
      0.0038151955908425194,
      0.018582121837832474,
      0.00035444858719020384,
      0.0281997758058423,
      0.08051396144898233,
      0.10469943249899268,
      0.017487724179300283,
      0.07664000980628541
    ],
    [
      0.04533251706332089,
      0.038676316816762084,
      0.18291036402403185,
      0.026684788393696254,
      0.015350438479281681,
      0.02605877385761283,
      0.041202406336518095,
      0.16531801614339056,
      0.002757955806183247,
      0.05190699373888463,
      0.013502014219045348,
      0.13042015974579327,
      0.04384313675986697,
      0.06570109240612809,
      0.040128159893442816,
      0.031251768527116634,
      0.06738644453194195,
      0.0017037223522326753,
      0.009864930904749936
    ],
    [
      0.0443132533105906,
      0.03391621195146525,
      0.05006490118540262,
      0.09266692992142717,
      0.024290554177717544,
      0.06238556766588809,
      0.031745164818154106,
      0.005533295930170703,
      0.04169466005852587,
      0.060063322276915604,
      0.06415668732499515,
      0.05912968681886735,
      0.07784481554313409,
      0.07450440541850772,
      0.11438105754838584,
      0.05683088062855453,
      0.03535858437825773,
      0.04294041714254589,
      0.028179603900494246
    ],
    [
      0.013995697614819025,
      0.10898316036211973,
      0.020518124963000352,
      0.05363684733612383,
      0.23807018790248669,
      0.03269929055984725,
      0.03401257247823978,
      0.023641348461533186,
      0.11872512991996836,
      0.007403346056654303,
      0.005098498011090697,
      0.005834031820408162,
      0.03033793058562055,
      0.0064681405275478065,
      0.0008903371090290135,
      0.02133628723139695,
      0.046780240331000554,
      0.09916644719651625,
      0.13240238153259754
    ],
    [
      0.03659639916121873,
      0.015033390993169542,
      0.06662139474257207,
      0.02843887814575933,
      0.025805928290362188,
      0.1331922593536206,
      0.004156059602219951,
      0.02412658465684514,
      0.04098908805591736,
      0.04907887128299837,
      0.03173780775128581,
      0.08478429029290878,
      0.06743258734456398,
      0.08860951139888516,
      0.07236555665033373,
      0.07325919231818373,
      0.05896466423692654,
      0.08412870955017593,
      0.014678826172053024
    ],
    [
      0.03318113427162215,
      0.015687675982250775,
      0.08380064089412258,
      0.014740736479946741,
      0.03165096563793536,
      0.07078403659812063,
      0.01763701754651359,
      0.05759265076643835,
      0.0759332165501976,
      0.00476292088324899,
      0.09394505796244859,
      0.037934157940288045,
      0.09375647888817029,
      0.0221319295478627,
      0.10277051269944087,
      0.1074386976298891,
      0.0543427260310584,
      0.052201727277801285,
      0.029707716412643845
    ],
    [
      0.022574759935274788,
      0.04525101495273689,
      0.08413212988043087,
      0.04424876356715191,
      0.04499273706056387,
      0.04075347049175386,
      0.031021702287572873,
      0.14039800017874143,
      0.010685806556120786,
      0.056219880005940845,
      0.12119128120717518,
      0.08924580516386764,
      0.007624436506268055,
      0.06509453614622258,
      0.0023831856034390517,
      0.060447748154544574,
      0.023221931870503046,
      0.05863176771006448,
      0.05188104272162728
    ],
    [
      0.010053403032071659,
      0.02090941346448897,
      0.03361261426044979,
      0.044059460772961447,
      0.07686138624817951,
      0.013843322036220624,
      0.03052028534824937,
      0.033641040215051966,
      0.24216972308142332,
      0.033302862504830756,
      0.0030504540431823715,
      0.006299186023384872,
      0.09590966346692982,
      0.029178402618725553,
      0.042635120189818146,
      0.059116062458016976,
      0.07647268807787298,
      0.060371068832498,
      0.08799384332564385
    ],
    [
      0.018299755702233158,
      0.014095940632533518,
      0.016623116608870232,
      0.012706749909529375,
      0.019786951376759662,
      0.09000437162402425,
      0.04794715087260421,
      0.08827202404247435,
      0.045068622996652166,
      0.20371062329302364,
      0.0680567193847878,
      0.05761197568375422,
      0.07926548885476078,
      0.005152883023001292,
      0.11283433954326394,
      0.05797023985442687,
      0.02761927203805112,
      0.028883519412499965,
      0.006090255146749428
    ],
    [
      0.019368948116241135,
      0.012415831233747591,
      0.02156707793781855,
      0.05552700534300638,
      0.004050167083138557,
      0.02279559983691339,
      0.03825332007031393,
      0.09204583159887163,
      0.017573382787839074,
      0.023725978815038226,
      0.44167965245845703,
      0.1301387970066754,
      0.011355883275927806,
      0.061050926115489686,
      0.018938729316330047,
      0.011469543435781548,
      0.006808639672863968,
      0.0024434390118610975,
      0.008791246883685
    ],
    [
      0.08570090748387309,
      0.0002780822948356241,
      0.05709163980752666,
      0.04206616249261231,
      0.009372962132876162,
      0.008063914248616752,
      0.0499646170110949,
      0.02397125401062244,
      0.00319300909651079,
      0.06274254572903405,
      0.08814921175134272,
      0.35605709308711436,
      0.07629153668216292,
      0.060141581867355354,
      0.03837984509171455,
      0.020152331108433553,
      0.007388108941079669,
      0.005678839903561117,
      0.005316357259633036
    ],
    [
      0.07881303427908082,
      0.03933786811636152,
      0.07092157259578936,
      0.0006463110293113608,
      0.057667052263492856,
      0.030874650046441666,
      0.07330581241615575,
      0.028929841013980377,
      0.12039550583713773,
      0.02204097354406261,
      0.07817137740611692,
      0.028031494946428023,
      0.12892410801697995,
      0.10058817261377209,
      0.05289948626160102,
      0.04244550355172138,
      0.012024103611237333,
      0.029088983056737298,
      0.004894149393592073
    ],
    [
      0.03429828190140338,
      0.007327399619854967,
      0.020849830325207017,
      0.04424767925359529,
      0.008765036200447628,
      0.02949227806716198,
      0.01898297799701526,
      0.03508232773831003,
      0.018277342877204165,
      0.029143665337361284,
      0.014785047428570909,
      0.042938034355013394,
      0.03489766128183282,
      0.6141460790787404,
      0.019293647258510974,
      0.013903819320226241,
      0.004041672515844834,
      0.00578678039984637,
      0.0037404390438528596
    ],
    [
      0.06053600371498784,
      0.0030565443568540593,
      0.025238732674190547,
      0.09907567704644248,
      0.05038190628799745,
      0.07992035114717051,
      0.049119898499706056,
      0.05304049178686792,
      0.026083533697296397,
      0.07732715170185522,
      0.03752275405628183,
      0.06296267083905767,
      0.07111140144625976,
      0.09066468306582283,
      0.1238709860860866,
      0.02215211747334542,
      0.009428799579873153,
      0.036402569972852655,
      0.02210372656705161
    ],
    [
      0.029562643895088916,
      0.08119544387127832,
      0.04414578144380839,
      0.03943564679105528,
      0.07182196951518184,
      0.014676104589120862,
      0.028113433155750607,
      0.013225691475144455,
      0.09930036200531193,
      0.04734322218121207,
      0.021450549282196276,
      0.028502645851732906,
      0.08422195298156934,
      0.011912956837098988,
      0.016619364480555253,
      0.12766258312317083,
      0.04358952484524984,
      0.11096307915961519,
      0.08625704451585862
    ],
    [
      0.01835933207960688,
      0.09815325697567213,
      0.021917554207598812,
      0.011376274445562464,
      0.011525717542134065,
      0.02143071917149557,
      0.03943300629616174,
      0.02760724017614776,
      0.06683537047773327,
      0.04181750247240396,
      0.03167716911226361,
      0.008955100536122423,
      0.013098056300689092,
      0.02503450048425512,
      0.030728434073534906,
      0.11306570518459572,
      0.27773160886033316,
      0.010546733153147483,
      0.13070671845054185
    ],
    [
      0.01918684857235795,
      0.018733102578858414,
      0.012399425354723572,
      0.024951555576734705,
      0.1849168777073979,
      0.05173524859531593,
      0.022405246907772423,
      0.019226245692915367,
      0.15912821716951156,
      0.028870144432228774,
      0.01842698519909965,
      0.014655747069667938,
      0.04108112251432778,
      0.010281507646392993,
      0.028925908682559294,
      0.056948971918679876,
      0.1331006717955511,
      0.07362955453590528,
      0.08139661804999936
    ],
    [
      0.006638516172619911,
      0.1813199619454631,
      0.008934300517724335,
      0.007394618081229759,
      0.11122458359745703,
      0.022929014672615797,
      0.019233875239631246,
      0.0031296260246353323,
      0.02097429079356044,
      0.013470958293533224,
      0.009949054475015078,
      0.010758586107162321,
      0.001191536605645174,
      0.0009266847255815514,
      0.019454404695834746,
      0.08181903067889298,
      0.12337689255161055,
      0.11672100782420387,
      0.24055305699758345
    ]
  ]
}