{
  "poids_LS": 0.84,
  "poids_EM": 0.16000000000000003,
  "mae_validation": 6.213595187106466,
  "matrice_de_transition": [
    [
      0.31333668710705465,
      0.000939093367878666,
      0.003403334207189174,
      0.03246329859923067,
      0.0021958420705168796,
      0.013368181103310848,
      0.1341792564588513,
      0.07673790893862939,
      0.08083265537552739,
      0.06404302150711323,
      0.0053870251219295005,
      0.13834990744653114,
      0.007935893812920421,
      0.012900553350812985,
      0.002416305016865191,
      0.03963154767320921,
      0.06652826140118853,
      0.0020320877334008823,
      0.003319139707839946
    ],
    [
      0.0022920233412628663,
      0.636458187400597,
      0.0007863962460028875,
      0.004167770488377701,
      0.013743058808272158,
      0.0027317034915084345,
      0.054789563410278616,
      0.008471088702007058,
      0.05626658684822566,
      0.014960398044455429,
      0.0009116952711217251,
      0.03821686398805521,
      0.006954102961624162,
      5.786915709227819e-05,
      0.02966722234510243,
      0.04603936240572872,
      0.0530590285578139,
      0.008002448227497325,
      0.02242463030497665
    ],
    [
      0.0074012272756442295,
      0.006314500704777485,
      0.46043919097392055,
      0.013871389087113554,
      0.032224806588015666,
      0.009059916673639406,
      0.07556095098962466,
      0.17509203102739712,
      0.020068019178350313,
      0.013665527433051342,
      0.002204410484742098,
      0.07692142374858729,
      0.007158063144468079,
      0.010726708964265814,
      0.006551536309133522,
      0.022294855399846568,
      0.05855668230199652,
      0.00027815875138492664,
      0.0016106009640408062
    ],
    [
      0.007234816867035201,
      0.005537340726769838,
      0.00817386141802492,
      0.2598272605018154,
      0.003965804763708988,
      0.010185398802593977,
      0.12108873355436345,
      0.08267234769357157,
      0.1024257573766011,
      0.09322120331313162,
      0.010474561195917578,
      0.11782804858079257,
      0.04282270389157045,
      0.012163984558123713,
      0.030039666785722917,
      0.0599658891739387,
      0.020761188789291132,
      0.007010680349803412,
      0.004600751657223552
    ],
    [
      0.0022850118554806577,
      0.01779316903871343,
      0.0033498979531429154,
      0.00875703629977532,
      0.4992102148824298,
      0.005338659683240369,
      0.0956809132441084,
      0.04045683006917835,
      0.08679145289852683,
      0.04324188017097591,
      0.0008324078385454201,
      0.04109768865449634,
      0.004953131524182948,
      0.0010560229432731115,
      0.00014536116065779815,
      0.003483475466350523,
      0.029367651984388697,
      0.05397125303998018,
      0.062187941292553124
    ],
    [
      0.005974922312035712,
      0.002454431182558293,
      0.010876962406950545,
      0.004643082146246422,
      0.00421321278209995,
      0.5053924728501872,
      0.06454007963509789,
      0.007295274599808032,
      0.038946091658801474,
      0.066255519520064,
      0.005181682898169113,
      0.08778965517093616,
      0.011009402015439018,
      0.014466859003899622,
      0.03247134663572817,
      0.041315962229660094,
      0.056429815771923825,
      0.024615167254477488,
      0.016128059925917024
    ],
    [
      0.005417328044346474,
      0.0025612532215919634,
      0.013681737288836343,
      0.0024066508538688565,
      0.01617457755203371,
      0.011556577403774798,
      0.4756878891208498,
      0.03256400608362861,
      0.039598070085965005,
      0.07095006581317063,
      0.02055983159233423,
      0.08686286700335766,
      0.0714050417238139,
      0.0036133762527122784,
      0.029149718762999745,
      0.07603502659216829,
      0.028403012206107726,
      0.008522730984130823,
      0.0048502394143092
    ],
    [
      0.0036856750914734354,
      0.007387920808610106,
      0.013735857939662184,
      0.008651550683185634,
      0.007345752989479817,
      0.006653627835388387,
      0.011470994711145013,
      0.6821600516110243,
      0.0026078874626380448,
      0.0306744744066439,
      0.019786331625661256,
      0.045791227235085996,
      0.0159143495172319,
      0.01506576964661981,
      0.017911724481216924,
      0.031758804462327525,
      0.045475085401039325,
      0.009572533503683998,
      0.024350380587882248
    ],
    [
      0.0016413719236035365,
      0.0034137817901206484,
      0.0054877737568081305,
      0.0071933813506875844,
      0.01254879775480482,
      0.0022601342099952044,
      0.10959026114926994,
      0.0406746687314796,
      0.49452748563588766,
      0.07959866451662025,
      0.0004980333131726322,
      0.06798631085860347,
      0.053331095868486014,
      0.0047638208357102954,
      0.006960835949358066,
      0.043138264088628316,
      0.03393953253594532,
      0.009856501033877228,
      0.022589284696941343
    ],
    [
      0.008987862276397626,
      0.0023013780624544524,
      0.002713978221856365,
      0.016072733456496437,
      0.00323052267375668,
      0.014694591285554982,
      0.08216027110455972,
      0.04841700392407811,
      0.017160543155042226,
      0.5495932044047046,
      0.01111130112404699,
      0.06264870749703029,
      0.01713831063070697,
      0.0063910802384006754,
      0.018421932986655343,
      0.03748959971855838,
      0.09575697523002674,
      0.004715676638775505,
      0.000994327370897866
    ],
    [
      0.022170257879037432,
      0.002027074487142464,
      0.003521155581684662,
      0.023179077825870538,
      0.030267693212440664,
      0.0037217305856185132,
      0.03892306827760792,
      0.1250431297003326,
      0.002869123720463523,
      0.003873629194291956,
      0.558276099462197,
      0.09350681109463041,
      0.0018540217593351522,
      0.00996749814130444,
      0.0030920374394008245,
      0.05446839575886926,
      0.021404961447846902,
      0.00039892881826303643,
      0.0014353056136628573
    ],
    [
      0.013991984895326222,
      4.540119099357129e-05,
      0.009321084050208437,
      0.006867944896753031,
      0.001530279531898149,
      0.0013165574283455924,
      0.06660479819444018,
      0.08004965986063295,
      0.06357833115739368,
      0.0747802216620281,
      0.014391708041035548,
      0.5267714764917779,
      0.04444640121740891,
      0.009819033774262102,
      0.006266097157830948,
      0.026734049933721315,
      0.04660157719060613,
      0.006015416629887038,
      0.0008679766954502919
    ],
    [
      0.012867434168013198,
      0.0064225090802222905,
      0.011579032260537041,
      0.00010552016805083444,
      0.009415028940978428,
      0.0050407591912557835,
      0.08643553198764034,
      0.060006807347756444,
      0.08684316117073415,
      0.0584456760607193,
      0.012762673862223173,
      0.06386989494551538,
      0.5297900047349411,
      0.016422558794085242,
      0.008636650818220577,
      0.019615168571433632,
      0.004521236907405798,
      0.006421306191313615,
      0.0007990447989538081
    ],
    [
      0.005599719494106676,
      0.0011963101420171378,
      0.0034040539306460444,
      0.007368252607615971,
      0.007730463208266104,
      0.013567642597710393,
      0.0634814709730122,
      0.035232973725935576,
      0.02410497456204241,
      0.023058085597217778,
      0.0024138852944605572,
      0.04756841509144441,
      0.005697577352135972,
      0.685391119041034,
      0.01924155985536587,
      0.032993095910020045,
      0.020394936217997404,
      0.0009447804734443053,
      0.0006106839255269977
    ],
    [
      0.0098834291779572,
      0.000499027650098622,
      0.004120609416194376,
      0.016175620742276325,
      0.008225617353142442,
      0.013048220595456413,
      0.14271767704149066,
      0.07265225766673633,
      0.060362699406805984,
      0.10439661311367664,
      0.006126163927556219,
      0.12701998081412547,
      0.035042491513377245,
      0.014802397235236383,
      0.3084340153141087,
      0.05354239266123182,
      0.013398737955851073,
      0.005943276730261659,
      0.0036087716844165904
    ],
    [
      0.0048265541053206405,
      0.01325639899939238,
      0.0072074745214381055,
      0.006438472945478415,
      0.019510490561180434,
      0.0023960987084278964,
      0.054165510190217744,
      0.04001889572439722,
      0.07507037604094957,
      0.06300653910430204,
      0.0035021304950524543,
      0.09014399605519685,
      0.1030737350034244,
      0.0019449725448324883,
      0.003685296014800046,
      0.45608072063385535,
      0.014341620509834372,
      0.018116421087284118,
      0.023214296754615435
    ],
    [
      0.0029974419721807157,
      0.04638435332916627,
      0.003578376197158991,
      0.005277946236701224,
      0.0018817498027973987,
      0.0034988929259584605,
      0.06038870625524341,
      0.06918039838796772,
      0.02550207543147971,
      0.0068273473424333014,
      0.005171782712206305,
      0.043801122882334474,
      0.027637239842464016,
      0.013374458061973247,
      0.005016887195679169,
      0.06580758255614687,
      0.5301559882266728,
      0.0017219156168404057,
      0.08179573502459568
    ],
    [
      0.0031325467056910945,
      0.003058465727160558,
      0.0020243959762814,
      0.004073723359466892,
      0.030190510646105784,
      0.008446571199235257,
      0.09335297166350642,
      0.00895417956721206,
      0.08047193537572278,
      0.05916679960041174,
      0.0030084873794448412,
      0.054013139963926385,
      0.006707122043155557,
      0.0016786134932886524,
      0.00571152689465304,
      0.04078297196175269,
      0.04939772911608607,
      0.4768633146205849,
      0.06896499470631386
    ],
    [
      0.0010838393751216183,
      0.035391142797088174,
      0.0014586613090162182,
      0.0012072845846905732,
      0.018159115689380743,
      0.0037435125996107435,
      0.07534475387356515,
      0.016492187643832607,
      0.03889303009392406,
      0.02834059261417611,
      0.0016243354244922582,
      0.0477771957562911,
      0.00019453658867676316,
      0.00015129546540106967,
      0.022244789002238884,
      0.02866153533435773,
      0.08294168253289963,
      0.028555200251975898,
      0.5677353090632606
    ]
  ]
}