{
  "poids_LS": 0.75,
  "poids_EM": 0.25,
  "mae_validation": 6.448896762775557,
  "matrice_de_transition": [
    [
      0.29434980425816004,
      0.0014673333873104154,
      0.005317709698733083,
      0.04040524661710765,
      0.003431003235182624,
      0.020887782973923196,
      0.12414210182923978,
      0.07166724762107976,
      0.07645746991809362,
      0.06151121464946312,
      0.008417226753014843,
      0.1448962652346833,
      0.012399834082688155,
      0.020157114610645285,
      0.0037754765888518603,
      0.04059185481344967,
      0.06176402085143483,
      0.003175137083438878,
      0.005186155793499915
    ],
    [
      0.0035812864707232277,
      0.6094289496208283,
      0.0012287441343795116,
      0.006512141388090156,
      0.021473529387925242,
      0.004268286705481928,
      0.05118137492503828,
      0.011286541486303047,
      0.056773438895586406,
      0.01460452985630378,
      0.0014245238611276952,
      0.0344410711151904,
      0.008230348935842147,
      9.042055795668466e-05,
      0.029506161139573876,
      0.04982315986169558,
      0.0587268777708701,
      0.009043515100256186,
      0.028375098786827604
    ],
    [
      0.011564417618194106,
      0.009866407351214818,
      0.4299787099672255,
      0.015277737791494581,
      0.03037274179559364,
      0.010925644901148685,
      0.07178989121062516,
      0.1740192732962257,
      0.018168134174088076,
      0.017862761539789142,
      0.0034443913824095274,
      0.0827932362360855,
      0.011184473663231371,
      0.01676048275666533,
      0.010236775483021127,
      0.0232779312308884,
      0.05952580254674662,
      0.0004346230490389478,
      0.002516564006313759
    ],
    [
      0.0113044013547425,
      0.00865209488557787,
      0.012771658465663934,
      0.24148039495030937,
      0.006196569943295292,
      0.015914685629053085,
      0.11128273210770631,
      0.0742058664024666,
      0.09576014913437335,
      0.08958192368720548,
      0.01636650186862121,
      0.11138554546058126,
      0.046666594194790856,
      0.019006225872068298,
      0.03929664869869811,
      0.05962180287017702,
      0.022363341963689904,
      0.01095418804656783,
      0.007188674464411798
    ],
    [
      0.003570331024188527,
      0.027801826622989727,
      0.005234215551785804,
      0.013682869218398936,
      0.47054850460414344,
      0.008341655755063074,
      0.08891243681858625,
      0.03861122842931486,
      0.09029636866917284,
      0.03930838252428208,
      0.0013006372477272186,
      0.0372272872946574,
      0.007739268006535855,
      0.0016500358488642363,
      0.00022712681352780956,
      0.005442930416172691,
      0.031278789729748534,
      0.058931701179112186,
      0.06989440424572872
    ],
    [
      0.009335816112555798,
      0.0038350487227473322,
      0.016995253760860224,
      0.007254815853510033,
      0.006583144972031171,
      0.464541229905442,
      0.05791256524124543,
      0.009142613508507227,
      0.039170322970680044,
      0.06437027764038607,
      0.008096379528389238,
      0.08745979805017706,
      0.017202190649123462,
      0.022604467193593155,
      0.03684997944220927,
      0.04482192650766879,
      0.05670803084735095,
      0.031147141408883416,
      0.015968997684639268
    ],
    [
      0.008464575069291365,
      0.004001958158737442,
      0.02137771451380678,
      0.003760391959170087,
      0.017873205512681452,
      0.01805715219339812,
      0.42541401297244713,
      0.035311052451254064,
      0.04358607396618565,
      0.06368562307695973,
      0.02861430765734678,
      0.0814926428378988,
      0.07385824824185301,
      0.005645900394862934,
      0.03723004980480425,
      0.07948177097435716,
      0.0312500539673828,
      0.01331676716270441,
      0.007578499084858124
    ],
    [
      0.005758867330427242,
      0.011543626263453288,
      0.02146227803072216,
      0.012558561853377054,
      0.011477739046062212,
      0.010396293492794351,
      0.013616804079289533,
      0.6226983630391885,
      0.003494488338752004,
      0.03347823843583503,
      0.030916143165095708,
      0.05056063212970838,
      0.015004481016028552,
      0.020556731823405477,
      0.016207372653168135,
      0.03490759096513184,
      0.043032666111102416,
      0.014957083599506244,
      0.027372038626951825
    ],
    [
      0.0025646436306305254,
      0.0053340340470635125,
      0.008574646495012703,
      0.011239658360449349,
      0.019607496491882526,
      0.0035314597031175063,
      0.10091184917110915,
      0.03990268511382291,
      0.4668296824286904,
      0.07451741795435066,
      0.0007781770518322376,
      0.061215772766933144,
      0.0580043532878274,
      0.007443470055797335,
      0.010876306170871977,
      0.04489192488526853,
      0.038607805705181276,
      0.015400782865433164,
      0.029767833814725763
    ],
    [
      0.010009899359721039,
      0.003595903222585081,
      0.00424059097165057,
      0.015703296237926878,
      0.005047691677744812,
      0.022960298883679654,
      0.07840517254251582,
      0.05279133540048746,
      0.020223625088877463,
      0.5116304820875689,
      0.01736140800632342,
      0.06209589546874389,
      0.023957147265054338,
      0.006255180544027572,
      0.028784270291648966,
      0.03973747485542199,
      0.08827844683090746,
      0.007368244748086726,
      0.0015536365170279152
    ],
    [
      0.02186279705141345,
      0.0031673038861601,
      0.005501805596382283,
      0.02672946011433666,
      0.027390159856785556,
      0.0058152040400289255,
      0.038849559328026875,
      0.12142147503066006,
      0.0044830058132242535,
      0.00605254561608118,
      0.5454789284495914,
      0.09752739491424511,
      0.0028969089989611748,
      0.015574215845788185,
      0.004831308499063787,
      0.04974900952828646,
      0.019802926131080482,
      0.0006233262785359943,
      0.002242665021348214
    ],
    [
      0.021862476398947218,
      7.093936092745513e-05,
      0.01456419382845068,
      0.01073116390117661,
      0.0023910617685908575,
      0.002057120981789988,
      0.06477843684504862,
      0.07389471287709522,
      0.05695067385802849,
      0.07345901332791901,
      0.02248704381411804,
      0.5080345319717539,
      0.04794159901232093,
      0.01534224027228453,
      0.009790776809110854,
      0.02601166616021412,
      0.04229765994370689,
      0.005978475281875657,
      0.0013562135866410808
    ],
    [
      0.020105365887520616,
      0.010035170437847327,
      0.018092237907089123,
      0.00016487526257942878,
      0.01471098272027879,
      0.00787618623633716,
      0.08499446520540421,
      0.05659592079892737,
      0.09052573558533943,
      0.054450037979622834,
      0.019941677909723704,
      0.05993641201878629,
      0.4857925282658966,
      0.025660248115758188,
      0.013494766903469648,
      0.02212093704487985,
      0.005344722277338527,
      0.008909221944835725,
      0.001248507498365325
    ],
    [
      0.00874956170954168,
      0.0018692345969017774,
      0.005318834266634443,
      0.01141599455656492,
      0.00784401390252993,
      0.015315468441918492,
      0.058597490036622284,
      0.035216439410220575,
      0.023465356450291873,
      0.023726015080892067,
      0.0037716957725946196,
      0.04706020257159223,
      0.008902464612712454,
      0.677571541484197,
      0.019247276765467163,
      0.030897931406262187,
      0.018600065811663583,
      0.001476219489756727,
      0.0009541936336359336
    ],
    [
      0.015442858090558122,
      0.0007797307032790968,
      0.006438452212803711,
      0.025274407409806753,
      0.012852527114285063,
      0.02038784468040064,
      0.13244475012836798,
      0.07049974677748248,
      0.056600351950884205,
      0.10142557466603772,
      0.00957213113680659,
      0.11998930045100828,
      0.039001274310888734,
      0.023128745680056843,
      0.2881770974720087,
      0.050097118555244284,
      0.012963013012146177,
      0.009286369891033841,
      0.005638705756900921
    ],
    [
      0.007541490789563499,
      0.02071312343655059,
      0.011261678939747038,
      0.010060113977310022,
      0.025251994348814734,
      0.0037439042319185874,
      0.05130613588155672,
      0.03707817818484509,
      0.07772976474435521,
      0.0612873945639629,
      0.0054720788985194585,
      0.0833784820084752,
      0.10100463697663545,
      0.0030390196013007622,
      0.005104888895187812,
      0.4200348274924388,
      0.017551756351526313,
      0.028306907948881428,
      0.030133622728410418
    ],
    [
      0.004683503081532367,
      0.052066306168416905,
      0.005591212808060922,
      0.005947274942551848,
      0.002940234066870935,
      0.005467020196810094,
      0.058088690406075914,
      0.06461749077935335,
      0.030038656595092902,
      0.010667730222552031,
      0.00808091048782235,
      0.0399765594540917,
      0.02604147579519604,
      0.014654218815638331,
      0.0078388862432487,
      0.07099444967390345,
      0.5024508734181721,
      0.0026904931513131334,
      0.0871640136932971
    ],
    [
      0.004894604227642334,
      0.004778852698688371,
      0.003163118712939687,
      0.006365192749167017,
      0.04717267288454028,
      0.013197767498805085,
      0.08556602626348683,
      0.010081601459057545,
      0.08910494191406544,
      0.055841556960001405,
      0.004700761530382564,
      0.04969342610967851,
      0.010479878192430556,
      0.002622833583263519,
      0.008259446846984214,
      0.04255728903019592,
      0.05858463745895418,
      0.43260595070885177,
      0.0703294411708647
    ],
    [
      0.0016934990236275283,
      0.051407720508495174,
      0.0022791582953378404,
      0.0018863821635790204,
      0.028373618264657407,
      0.005849238436891785,
      0.06918624280398704,
      0.015025565027091443,
      0.03692633919510366,
      0.0267085595789836,
      0.002538024100769153,
      0.04371417762406965,
      0.00030396341980744237,
      0.0002363991646891713,
      0.021938527310072578,
      0.03449589457948964,
      0.0873796933886118,
      0.03823193522941555,
      0.5318250618853204
    ]
  ]
}