{
  "poids_LS": 0.115,
  "poids_EM": 0.885,
  "mae_validation": 8.1729226561738,
  "matrice_de_transition": [
    [
      0.16038679749095908,
      0.005194360191078871,
      0.018824692333515115,
      0.09644010207657311,
      0.01214575145254649,
      0.07394275172768812,
      0.053324399720314095,
      0.0358909149917018,
      0.045588105857310914,
      0.04364791070937625,
      0.029796982705672544,
      0.19108445629553458,
      0.04389541265271607,
      0.07135618572168431,
      0.013365187124535586,
      0.047367355191812975,
      0.028149656972616934,
      0.011239985275373628,
      0.0183589915089897
    ],
    [
      0.012677754106360226,
      0.41872266084134907,
      0.004349754235703471,
      0.023052980513839152,
      0.07601629403325535,
      0.015109734937406024,
      0.025723600612509244,
      0.031151125019946983,
      0.06034956167418728,
      0.012093682084344925,
      0.005042814468392041,
      0.007800754734422039,
      0.01723497330949127,
      0.0003200887751666637,
      0.028369784856122435,
      0.07651995302323954,
      0.09871670277410002,
      0.01638882025805482,
      0.0703589597421094
    ],
    [
      0.040938038368407134,
      0.03492708202330046,
      0.21506309397554335,
      0.0252003092057385,
      0.017305395760171594,
      0.024089394061908593,
      0.04518296943657313,
      0.16645037152629377,
      0.004763389977348945,
      0.047476579959550284,
      0.012193145493729728,
      0.12422213545343404,
      0.039593036767839054,
      0.059332108958595274,
      0.03623818520989479,
      0.03021407737212803,
      0.0663634842735946,
      0.0015385655935978753,
      0.008908636582350707
    ],
    [
      0.040017580795788446,
      0.030628415894945662,
      0.04521167096845033,
      0.1120330657813502,
      0.021935857599265335,
      0.05633798712684792,
      0.04209594412295885,
      0.014470137293003732,
      0.048730579869766304,
      0.0639047841042821,
      0.05793741661491909,
      0.06593010677909039,
      0.07378737577862367,
      0.06728203958712177,
      0.10460979886246759,
      0.057194082838080744,
      0.03366742269417014,
      0.038777825684850116,
      0.025447907604017765
    ],
    [
      0.012638971825627386,
      0.09841846624538364,
      0.018529123053321748,
      0.04843735703313223,
      0.26832421541845575,
      0.029529461372923282,
      0.04115707537184651,
      0.02558948352583354,
      0.11502549660650867,
      0.011555371350386685,
      0.004604255856954354,
      0.00991945547801594,
      0.027397008743136927,
      0.005841126904979396,
      0.0008040289198884458,
      0.019267973673251327,
      0.04476292826645406,
      0.09393041860521024,
      0.12426778174868994
    ],
    [
      0.033048789038447525,
      0.013576072478525556,
      0.060163198313445194,
      0.025682048121425518,
      0.023304333200990346,
      0.176313015795296,
      0.011151769240175323,
      0.02217661580877377,
      0.040752399448934426,
      0.05106884882265842,
      0.028661183530497902,
      0.08513247280926561,
      0.06089575489789706,
      0.08001981386531977,
      0.0677436664657148,
      0.06955845224695233,
      0.05867099276842013,
      0.07723384794274746,
      0.014846725204512877
    ],
    [
      0.02996459574529143,
      0.014166931881930547,
      0.075677109378876,
      0.013311787535462109,
      0.029857969457251637,
      0.06392231876462935,
      0.07070388681427206,
      0.05469299071172259,
      0.07172365689885359,
      0.012430943771471619,
      0.08544311100493535,
      0.04360272789271685,
      0.091166983119129,
      0.019986487397814785,
      0.09424127437753611,
      0.10380046744868973,
      0.05133751528304582,
      0.047141355755973606,
      0.026827886760397757
    ],
    [
      0.020386390349712437,
      0.04086443697262464,
      0.07597646422875644,
      0.040124696220838744,
      0.04063119622306023,
      0.036802878964492004,
      0.028756681287864773,
      0.20316311589345715,
      0.009749950075778273,
      0.05326035130846132,
      0.10944314680443881,
      0.08421143333065513,
      0.008584853257538258,
      0.059298520515171045,
      0.004182223644157219,
      0.05712402906825114,
      0.025800041120992007,
      0.05294807594225211,
      0.04869151479149829
    ],
    [
      0.00907883845243206,
      0.018882480526604833,
      0.03035424859234497,
      0.039788390595990694,
      0.06941053758126414,
      0.012501367349035973,
      0.03968083132519688,
      0.034455911811467364,
      0.2714062931334649,
      0.038666400542781976,
      0.0027547467634861213,
      0.013445865120148004,
      0.0909767806354028,
      0.026349883997522566,
      0.0385021238448868,
      0.057264976061563416,
      0.07154506639923504,
      0.0545187713436334,
      0.08041648592353808
    ],
    [
      0.017220938780947336,
      0.012729497407951188,
      0.015011692039643016,
      0.013096711418019462,
      0.017868828539216633,
      0.08127945804822598,
      0.051910866021428324,
      0.08365467415070893,
      0.04183536984427053,
      0.2437823857388891,
      0.061459384342384904,
      0.058195499491389864,
      0.07206782796294968,
      0.005296332700395124,
      0.10189631683243734,
      0.05559748276551527,
      0.035513274237121466,
      0.02608358640822701,
      0.00549987327027882
    ],
    [
      0.01969349010095534,
      0.011212255757006753,
      0.019476391811193282,
      0.05177937959406991,
      0.007087563402996728,
      0.020585822301702396,
      0.03833091285042726,
      0.09586868930574821,
      0.015869840578813858,
      0.02142601148092738,
      0.4551877774162074,
      0.12589484741930435,
      0.01025505785632256,
      0.055132724094090174,
      0.017102832086685806,
      0.016451117790285612,
      0.008499676951672967,
      0.0022065750260174197,
      0.007939034175572677
    ],
    [
      0.07739316645227315,
      0.00025112533768319113,
      0.051557246152715404,
      0.0379883202101652,
      0.008464358660811636,
      0.007282208275536557,
      0.0518924428798971,
      0.03046814249324561,
      0.010188869579174052,
      0.06413715452614921,
      0.07960413510197786,
      0.37583497896936197,
      0.072602161231978,
      0.05431153056388724,
      0.03465934990425242,
      0.020914847313802255,
      0.01193113270169554,
      0.005717833548684242,
      0.004800996096709426
    ],
    [
      0.07117299524182298,
      0.03552450334997954,
      0.0640465221910955,
      0.0005836584295311779,
      0.05207687882978692,
      0.02788169927663355,
      0.07482693846407165,
      0.03253022125996663,
      0.11650834395505441,
      0.026258591518553323,
      0.0705935398004219,
      0.03218350470241985,
      0.17536588873430475,
      0.09083727832978399,
      0.047771474838282556,
      0.03980052571863927,
      0.011154869054086117,
      0.026462849761352845,
      0.004419716544213251
    ],
    [
      0.030973448451777547,
      0.006617090473032292,
      0.01882867330388593,
      0.03997506275192695,
      0.008645177134280257,
      0.027647350787164543,
      0.02413829120764905,
      0.035099780627120304,
      0.018952495328496403,
      0.028438628660149536,
      0.013351803034984953,
      0.043474480903746254,
      0.03151472472900209,
      0.6224000776109575,
      0.019287612742292945,
      0.016115381851970645,
      0.005936257944752755,
      0.005225816993738813,
      0.003377845463071205
    ],
    [
      0.05466771764057575,
      0.0027602466896080027,
      0.022792120833325137,
      0.08947140223071591,
      0.045497945984569126,
      0.07217297016861828,
      0.05996354357466891,
      0.05531258661441365,
      0.030054900456324946,
      0.08046324784102966,
      0.03388534422429533,
      0.07038394455568138,
      0.06693268627110874,
      0.08187575970740123,
      0.1452532882527477,
      0.025788795696332262,
      0.009888731464894987,
      0.0328737494142598,
      0.019961018379429263
    ],
    [
      0.02669687739505479,
      0.0733244569653891,
      0.03986634344670451,
      0.03561280347967748,
      0.06576149329490119,
      0.0132534209809918,
      0.03113166159267058,
      0.016329782211338375,
      0.09649322948505044,
      0.04915787475157005,
      0.019371159300758882,
      0.0356440217899391,
      0.08640600089873549,
      0.010758129388604699,
      0.015120905329034833,
      0.16571102588355502,
      0.0402010481234639,
      0.10020645413904025,
      0.07895331154351946
    ],
    [
      0.016579600908624578,
      0.09215564008979645,
      0.019792893340535665,
      0.010669760811609029,
      0.01040842859672311,
      0.019353251496707732,
      0.04186080080361633,
      0.03242364265190739,
      0.06204675702725269,
      0.03776376498783419,
      0.02860642312689112,
      0.012992139710378698,
      0.014782473906138627,
      0.023683641910941976,
      0.0277496573011004,
      0.10759067878251932,
      0.3069758967137506,
      0.009524345755648492,
      0.1250402020780237
    ],
    [
      0.017326898965853862,
      0.016917138553356834,
      0.011197440243806492,
      0.022532782332051242,
      0.1669912620112726,
      0.04672009694577,
      0.030624800385570874,
      0.018036189251522915,
      0.15001559915681653,
      0.03238012277488411,
      0.016640695817554275,
      0.019215445026929588,
      0.03709876880120417,
      0.009284830884752857,
      0.026236437621765276,
      0.05507608167976758,
      0.12340337965585699,
      0.12034566088717916,
      0.07995636900408457
    ],
    [
      0.00599498654364145,
      0.16441357436120016,
      0.008068220365495956,
      0.006677792859069732,
      0.10044260865688723,
      0.02070630406659692,
      0.02573452581307481,
      0.004677727675639894,
      0.023050242297870862,
      0.015193659830680875,
      0.0089846053167228,
      0.015047327468951632,
      0.001076030506118346,
      0.0008368530429996665,
      0.019777680926454738,
      0.07566054036458707,
      0.1186923255372477,
      0.10650667645912867,
      0.2784583179076314
    ]
  ]
}