{
  "poids_LS": 0.2125,
  "poids_EM": 0.7875,
  "mae_validation": 7.903137698468519,
  "matrice_de_transition": [
    [
      0.18095592057726156,
      0.004622100170027808,
      0.01675078555100921,
      0.08783632505720636,
      0.010807660190825265,
      0.06579651636785806,
      0.06419798390239323,
      0.04138413141904723,
      0.05032789010286416,
      0.04639070147183054,
      0.026514264271996754,
      0.18399256869170308,
      0.039059477360467686,
      0.06349491102353265,
      0.01189275125488336,
      0.04632702245655246,
      0.03331091756818346,
      0.010001681812832465,
      0.01633639074952473
    ],
    [
      0.011281052382778167,
      0.44800433510276516,
      0.0038705440232954615,
      0.02051324537248399,
      0.0676416175719645,
      0.013445103122268072,
      0.02963247147151961,
      0.028101051170292993,
      0.05980047195621313,
      0.012479205954842544,
      0.00448725016255224,
      0.011891197013358914,
      0.015852373504088448,
      0.0002848247575635567,
      0.028544267828778367,
      0.07242083911260878,
      0.09257653279328913,
      0.015260997812566051,
      0.06391261888677084
    ],
    [
      0.03642791549731143,
      0.031079183156326677,
      0.24806194839946305,
      0.023676764775992388,
      0.01931179928529545,
      0.02206818848210687,
      0.04926828419715591,
      0.16761252573506286,
      0.006821598731966369,
      0.04292957634391767,
      0.010849832854590012,
      0.11786100525864429,
      0.03523109203917882,
      0.05279552068349579,
      0.03224584277151655,
      0.029149078555166037,
      0.06531360400844866,
      0.0013690626044726855,
      0.007927176619888341
    ],
    [
      0.035608864267438874,
      0.02725409888957029,
      0.04023072416684139,
      0.1319088367954817,
      0.019519195321380172,
      0.05013125973151722,
      0.05271911235683739,
      0.023642158691700783,
      0.05595165546551305,
      0.06784733703236875,
      0.051554480886156814,
      0.0729094851593193,
      0.06962316128346822,
      0.059869611497015134,
      0.09458140179007778,
      0.057566843000489226,
      0.03193175675523813,
      0.03450569234668866,
      0.022644324562897163
    ],
    [
      0.01124654272619386,
      0.08757575386241764,
      0.01648777898812528,
      0.043101038037956646,
      0.299374401553266,
      0.026276215628448684,
      0.04848959149949553,
      0.027588885302352324,
      0.11122850452164214,
      0.015816660467638338,
      0.004097007330340739,
      0.014112390284508131,
      0.024378694220587943,
      0.005197612923922344,
      0.0007154494626126001,
      0.017145230810943976,
      0.042692529042314235,
      0.08855659978781723,
      0.11591911354941635
    ],
    [
      0.029407820754550763,
      0.012080403476654096,
      0.053535049346709704,
      0.022852669938556603,
      0.02073690666189819,
      0.22056852898543652,
      0.018331576500182148,
      0.020175331991016305,
      0.0405094821943993,
      0.053111194192309516,
      0.0255035955144261,
      0.0854898180234213,
      0.0541869005447389,
      0.07120407165981843,
      0.06300014759202693,
      0.06576032427910958,
      0.05836959310337407,
      0.07015754260880769,
      0.01501904263256378
    ],
    [
      0.026663411468267798,
      0.012606168200022944,
      0.06733980071849135,
      0.011845234671385775,
      0.028017789166549914,
      0.05688002940920408,
      0.1251672526417084,
      0.051717023813461674,
      0.06740331936194788,
      0.020300756735700105,
      0.07671742860117173,
      0.04942047073863061,
      0.08850934272458663,
      0.01778458624381824,
      0.08548758241558121,
      0.10006649436798513,
      0.04825322004166449,
      0.041947816562518885,
      0.02387227211730309
    ],
    [
      0.01814043209084581,
      0.03636242272987786,
      0.0676061757967748,
      0.0358921007864647,
      0.036154877995095966,
      0.03274832450230221,
      0.02643205447237487,
      0.2675799451796127,
      0.008789465793321483,
      0.050222940276837595,
      0.09738585097005148,
      0.07904457802814754,
      0.009570544133841884,
      0.05334997815698657,
      0.0060286047912100765,
      0.05371284369021313,
      0.028445995351756986,
      0.04711481333844467,
      0.04541805191583958
    ],
    [
      0.008078627436486154,
      0.016802207248250062,
      0.027010136459290013,
      0.03540492383541545,
      0.06176361394942995,
      0.011124098064820145,
      0.04908244430153774,
      0.035292227397262114,
      0.30141224660792865,
      0.044171084318574014,
      0.0024512577132715483,
      0.02078061471945753,
      0.08591408509778296,
      0.023446930675761604,
      0.034260364438246725,
      0.055365176865203175,
      0.06648777046589606,
      0.04851246602611447,
      0.07263972437927162
    ],
    [
      0.016113731940680304,
      0.011327095151143005,
      0.013357861560699295,
      0.013496935071469813,
      0.015900228784896157,
      0.07232494148359091,
      0.055978889463642545,
      0.07891581505126546,
      0.03851703108261569,
      0.2849086682491194,
      0.05468843521991877,
      0.058794379188700126,
      0.06468075494240669,
      0.0054435573692993185,
      0.09067045141869425,
      0.053162284700579696,
      0.043615013336167345,
      0.023209970956473185,
      0.0048939550286379325
    ],
    [
      0.020026572664214655,
      0.009977007241404314,
      0.01733068762860419,
      0.04793313211489827,
      0.010204891204956431,
      0.018317892726091117,
      0.03841054754580672,
      0.09979214853122681,
      0.014121468311656398,
      0.019065518690655717,
      0.4690513793465301,
      0.1215392149480551,
      0.0091252633467277,
      0.049058779914232784,
      0.015218621772050928,
      0.02156378620675031,
      0.010235215211503255,
      0.001963477777388382,
      0.007064394817246874
    ],
    [
      0.06886680065668373,
      0.00022345898692148364,
      0.04587721055961964,
      0.03380316628870632,
      0.007531844571061201,
      0.0064799310926384615,
      0.05387100100840461,
      0.0371360017254115,
      0.01736883165348635,
      0.06556846355476742,
      0.07083418801447182,
      0.39613333553272134,
      0.06881569695415664,
      0.04832805685769627,
      0.03084094694869919,
      0.021697429735101716,
      0.016593709719169722,
      0.005757853342363239,
      0.004272072797919404
    ],
    [
      0.06333190254568993,
      0.03161078687921908,
      0.05699054940733073,
      0.0005193570771252007,
      0.04633959556887819,
      0.024809986644462052,
      0.07638809414482743,
      0.036225348354531464,
      0.11251888833923201,
      0.030587199439741163,
      0.06281628541562967,
      0.036444777873043045,
      0.22302982157576962,
      0.08082978156463828,
      0.04250851574592939,
      0.03708594320573919,
      0.01026275990332566,
      0.023767607695037225,
      0.0039327986198507735
    ],
    [
      0.02756111938505629,
      0.005888088980240598,
      0.016754327939898495,
      0.03559000897389892,
      0.008522163882161113,
      0.025753872789272433,
      0.029429270555404778,
      0.035117692802478215,
      0.019645414949559487,
      0.027715038386169056,
      0.011880841683673052,
      0.044025044466919454,
      0.02804276353004423,
      0.6308712866308643,
      0.019281419423016546,
      0.01838514339770832,
      0.007880700884947724,
      0.00465009139273369,
      0.003005709945953191
    ],
    [
      0.04864500298525808,
      0.002456151715329155,
      0.02028112447033169,
      0.07961438334089127,
      0.040485460409997946,
      0.06422171074326202,
      0.07109254773055183,
      0.05764447341110532,
      0.03413077686690688,
      0.08368187282597184,
      0.030152213080940758,
      0.07800051494905834,
      0.06264400490713795,
      0.07285554889217906,
      0.16719828258168934,
      0.029521175977818753,
      0.010360766820575287,
      0.029252065156756598,
      0.0177619231342379
    ],
    [
      0.02375569598712502,
      0.06524633882513436,
      0.03547428866020317,
      0.03168935902852657,
      0.05954153085829736,
      0.01179329833054355,
      0.03422931709372003,
      0.019515559545853184,
      0.093612225056361,
      0.051020281336937465,
      0.017237048530336294,
      0.04297332867388755,
      0.0886475237610902,
      0.0095729117440974,
      0.013583013041948085,
      0.204760743453423,
      0.036723400961630966,
      0.0891667600389765,
      0.07145737507190823
    ],
    [
      0.014753034706826956,
      0.08600019118060824,
      0.017612320345391903,
      0.009944654713604185,
      0.009261737310643444,
      0.017221113619951794,
      0.04435248464021445,
      0.03736679256123964,
      0.057132127433338384,
      0.0336033502010389,
      0.025454868036640405,
      0.017135416757641717,
      0.016511218290678937,
      0.0222972344278048,
      0.024692491666233406,
      0.10197157273828303,
      0.3369897710896263,
      0.00847505342663637,
      0.11922456685359717
    ],
    [
      0.015418003317073352,
      0.015053386000868368,
      0.009963823945760014,
      0.020050357159876103,
      0.1485939195863019,
      0.041572967621236016,
      0.03906065790225875,
      0.01681481553535697,
      0.14066317540694528,
      0.03598246896866197,
      0.014807398820705076,
      0.023895135035698123,
      0.03301161630615625,
      0.008261925787280085,
      0.02347619100673984,
      0.05315390485562074,
      0.11345089561774985,
      0.16829113845822335,
      0.07847821866748782
    ],
    [
      0.005334521924426714,
      0.14706228184050923,
      0.007179348630314197,
      0.005942103815273914,
      0.08937689753367083,
      0.018425101076209125,
      0.0324062461384511,
      0.006266568843776156,
      0.025180824104926287,
      0.016961695618806095,
      0.007994775917422831,
      0.01944893044552487,
      0.0009574847723934435,
      0.0007446573687708896,
      0.02010946442630157,
      0.06933998451569416,
      0.1138844804435595,
      0.0960235469002357,
      0.3173610856837333
    ]
  ]
}