{
  "poids_LS": 0.455,
  "poids_EM": 0.5449999999999999,
  "mae_validation": 7.238928781964714,
  "matrice_de_transition": [
    [
      0.2321150215867832,
      0.0031987867843367053,
      0.011592607143238119,
      0.06643718734237111,
      0.0074795870526981195,
      0.04553536688315256,
      0.09124253943217982,
      0.05504674663577819,
      0.06211658425206071,
      0.05321251439383221,
      0.018349554321572356,
      0.1663537713180709,
      0.027031638300260175,
      0.043942509851206714,
      0.008230538963697055,
      0.043739528217571204,
      0.046147899049464314,
      0.006921798841896753,
      0.011305819629829813
    ],
    [
      0.007807204506176635,
      0.5208331146760308,
      0.0026786622129473347,
      0.014196468226036539,
      0.046812294065677024,
      0.009304865017950602,
      0.039354534890083843,
      0.020514970057051014,
      0.05843478727304666,
      0.013438073017362263,
      0.003105462017258375,
      0.022064861143022422,
      0.012413599629112211,
      0.00019711681634557252,
      0.028978238299230293,
      0.06222560707847584,
      0.077304827969221,
      0.012455900960965785,
      0.047879412144005755
    ],
    [
      0.02521043040766315,
      0.0215087680256483,
      0.33013602222305816,
      0.019887436322521282,
      0.024302084975988125,
      0.017041087424651317,
      0.05942919526834902,
      0.1705030118440526,
      0.01194073332678407,
      0.03162036222298526,
      0.007508773213652769,
      0.10203973272288522,
      0.024382152585844388,
      0.03653785240953042,
      0.022316170552986053,
      0.026500235343747753,
      0.06270236334898309,
      0.0009474782469049061,
      0.005486109533763994
    ],
    [
      0.024643594953338645,
      0.018861566850559754,
      0.027842215455147375,
      0.18134344675370628,
      0.013508522476383737,
      0.03469401467133572,
      0.07914083847699685,
      0.04645462217051141,
      0.07391176656262677,
      0.07765317380222533,
      0.03567897407359424,
      0.09026845189988865,
      0.05926601241090215,
      0.041433572401108884,
      0.06963897830233905,
      0.058493964430069295,
      0.02761484403533032,
      0.023880129941517867,
      0.01567131033241772
    ],
    [
      0.0077833216327309876,
      0.0606079820381176,
      0.01141058990289305,
      0.02982865489610968,
      0.37660178758087115,
      0.0181848095460375,
      0.06672687520159692,
      0.03256175638754007,
      0.10178470369517925,
      0.02641525134900784,
      0.0028353892000453364,
      0.024540971726296403,
      0.016871604254248163,
      0.0035970781505240347,
      0.0004951364534906248,
      0.011865588307256465,
      0.03754307456176134,
      0.0751909478573782,
      0.09515447725891542
    ],
    [
      0.02035207912537164,
      0.008360406215589183,
      0.037049653198675286,
      0.01581549856065187,
      0.01435125603902795,
      0.3306399335865553,
      0.03618904583917349,
      0.015197779931465698,
      0.03990530338183759,
      0.05819087370144173,
      0.017650107371888536,
      0.08637859970991112,
      0.037500775615089146,
      0.049277738482033075,
      0.05120216475234175,
      0.05631369830780838,
      0.05761995803902875,
      0.05255750113721395,
      0.015447627004895513
    ],
    [
      0.018452773651055174,
      0.008724268786047623,
      0.046603417640098774,
      0.008197654470990788,
      0.023440930494804606,
      0.039364591781607894,
      0.26062741893046026,
      0.044315259989581954,
      0.05665786446246445,
      0.0398743941082684,
      0.05501509031488791,
      0.06389024140667253,
      0.08189931405098122,
      0.012308062860801194,
      0.06371557933071904,
      0.09077943311597622,
      0.04058202418489554,
      0.02903055241469561,
      0.01652112800499071
    ],
    [
      0.012554330780331385,
      0.025165105254328166,
      0.0467877661069743,
      0.02536487624456004,
      0.02502147112041562,
      0.022663919814291684,
      0.02065029034154102,
      0.4277961616092818,
      0.0064005689882366485,
      0.04266835386485039,
      0.06739719209990863,
      0.06619368150652616,
      0.012022134262084242,
      0.038554885625091836,
      0.010620886105674875,
      0.04522861339099041,
      0.03502695843853144,
      0.032606442246923606,
      0.03727636219945765
    ],
    [
      0.005590923114774544,
      0.011628194222598455,
      0.01869272935912769,
      0.02450245522577958,
      0.0427443423523039,
      0.007698582152796163,
      0.0724659432426932,
      0.037372294367059314,
      0.376042438582877,
      0.05786222088913371,
      0.0016964259729942777,
      0.039023453466458156,
      0.07332225260677974,
      0.016226764721638188,
      0.023710347452500908,
      0.050640035274255916,
      0.05390936775989916,
      0.033573706646644295,
      0.05329752258968581
    ],
    [
      0.013359909799503333,
      0.007839069025235476,
      0.00924448831819824,
      0.014492363132615559,
      0.011003967857483688,
      0.05005345156642164,
      0.06609679392248305,
      0.06712942190649585,
      0.030263726983115184,
      0.38719711449251293,
      0.03784786945378505,
      0.06028390048713847,
      0.04630777845541516,
      0.005809731545804624,
      0.06274970923579473,
      0.047105510026252725,
      0.06376549263379427,
      0.01606277355082906,
      0.0033869276071208545
    ],
    [
      0.02085500878309039,
      0.006904722471829017,
      0.011993936200113376,
      0.03836682428208675,
      0.01795824496880492,
      0.012677144807263056,
      0.038608613326622326,
      0.10955049583562226,
      0.009772952672828872,
      0.013194549443056971,
      0.5035326456860507,
      0.11070597521187106,
      0.00631526161773536,
      0.033951790543818236,
      0.010532252527959054,
      0.03427991021693174,
      0.014551810370568328,
      0.0013588512872084674,
      0.004889009746539106
    ],
    [
      0.04766019854970493,
      0.00015464780682185217,
      0.031749942546022474,
      0.023393937304565005,
      0.005212514655528069,
      0.004484523740302173,
      0.058792030199820745,
      0.053720164431054845,
      0.035226686043442576,
      0.06912838601056139,
      0.04902175551477732,
      0.44661899160056395,
      0.05939808067342145,
      0.03344608379358027,
      0.02134389344386166,
      0.023643852680384984,
      0.028190375634426026,
      0.005857389752282794,
      0.0029565456188775556
    ],
    [
      0.04382969763479494,
      0.02187667155450717,
      0.03944107863745428,
      0.0003594280724231547,
      0.03206994233020776,
      0.017170085995215006,
      0.08027096853029694,
      0.04541579266665427,
      0.10259639616654559,
      0.04135322426936219,
      0.04347285784319767,
      0.04704332909228535,
      0.34157857761736177,
      0.05593934089235284,
      0.02941859184956383,
      0.030334289263397998,
      0.008043924323229139,
      0.017064056914713757,
      0.002721746346436408
    ],
    [
      0.01907404452680086,
      0.0040749314212458745,
      0.011595058701263086,
      0.024683593167008695,
      0.008216207844839136,
      0.02104445315348949,
      0.04258888585623314,
      0.03516224359759919,
      0.02136883041733177,
      0.025915339499602227,
      0.00822229678425627,
      0.04539439486763228,
      0.01940737285571315,
      0.6519407039367864,
      0.019266015526354728,
      0.024030447755055882,
      0.012716879479791623,
      0.0032181584876696642,
      0.002080142121326335
    ],
    [
      0.0336654306374167,
      0.001699812933148431,
      0.014035825823912088,
      0.055098208153378715,
      0.028018509109141432,
      0.04444550140327339,
      0.0987723785797991,
      0.06344429441826152,
      0.04426821306758502,
      0.09168717086544341,
      0.020867245878238364,
      0.09694429259412413,
      0.05197728459162086,
      0.050420665582523914,
      0.2217794223229032,
      0.038804275652285156,
      0.011534803474446804,
      0.020244286362453772,
      0.012292378550044007
    ],
    [
      0.016440449921248428,
      0.04515460909168028,
      0.02455046008864854,
      0.021931048470535845,
      0.044071367874949384,
      0.00816171122558252,
      0.041933742314278905,
      0.027439159582979763,
      0.08644664993885141,
      0.055652420792851265,
      0.011929131998772418,
      0.06120263041088756,
      0.09422259344438269,
      0.006625062730835661,
      0.00975799889201438,
      0.30188439997335104,
      0.028073868277072117,
      0.0617090593285615,
      0.05281363564251619
    ],
    [
      0.010210036717740558,
      0.07069048491929401,
      0.012188843921572809,
      0.008141185700617781,
      0.006409710265778637,
      0.011918104029046002,
      0.050549749567137994,
      0.049661293617783965,
      0.04490856152026949,
      0.023255651885163424,
      0.01761638486345272,
      0.027440490439295893,
      0.020810915862484326,
      0.018848990174873882,
      0.017088772010282166,
      0.08799584744877223,
      0.4116396637680865,
      0.00586527506986263,
      0.10476003821848504
    ],
    [
      0.010670237216260287,
      0.010417898883140648,
      0.006895598794208516,
      0.013876120193184096,
      0.10283642688829779,
      0.028771133147395083,
      0.06004214967453375,
      0.013777039882328855,
      0.1174020189008553,
      0.04494215052754534,
      0.010247660136233988,
      0.035534364031866016,
      0.02284613445949861,
      0.00571777721151447,
      0.01661096224629195,
      0.04837310608787094,
      0.08869728147168854,
      0.2875401467759487,
      0.07480179347133692
    ],
    [
      0.003691827871508011,
      0.10390650300699589,
      0.004968565083836492,
      0.004112313116602264,
      0.06185448781695314,
      0.01275133979242409,
      0.04900001207592545,
      0.010218302005550961,
      0.030479963471192355,
      0.021359117963630367,
      0.005532892539676752,
      0.030396507079566003,
      0.0006626402551802243,
      0.0005153501790223934,
      0.020934669541305233,
      0.05361962766075537,
      0.1019265067490017,
      0.0699501220999122,
      0.414119251690961
    ]
  ]
}