{
  "poids_LS": 0.0,
  "poids_EM": 1.0,
  "mae_validation": 8.492789542490044,
  "matrice_de_transition": [
    [
      0.13612578051737148,
      0.005869333549241662,
      0.021270838794932332,
      0.1065881467660826,
      0.013724012940730496,
      0.08355113189569278,
      0.04049914658247716,
      0.029411736641499486,
      0.03999759110614554,
      0.04041282416904556,
      0.03366890701205937,
      0.19944924680261789,
      0.04959933633075262,
      0.08062845844258114,
      0.015101906355407441,
      0.04859441431545357,
      0.02206201627015385,
      0.012700548333755512,
      0.02074462317399966
    ],
    [
      0.01432514588289291,
      0.3841853014560891,
      0.004914976537518046,
      0.026048565552360625,
      0.08589411755170097,
      0.01707314682192771,
      0.021113137548035482,
      0.03474864802210297,
      0.060997205956926016,
      0.011638961621706707,
      0.005698095444510781,
      0.0029761305079836734,
      0.01886573205432536,
      0.00036168223182673863,
      0.028163984426835955,
      0.08135480532808609,
      0.10595895454633851,
      0.017719072373246696,
      0.07796233613558562
    ],
    [
      0.04625767047277642,
      0.03946562940485927,
      0.17614136824476628,
      0.02699731032800315,
      0.014938868525410121,
      0.02647338013039267,
      0.040364393052295985,
      0.16507962553646358,
      0.0023357591385694165,
      0.05283971242927081,
      0.01377756552963811,
      0.1317250069652373,
      0.044737894652925485,
      0.06704193102666132,
      0.040947101932084506,
      0.031470229822903706,
      0.06760180458633086,
      0.0017384921961557912,
      0.010066256025255037
    ],
    [
      0.04521760541897,
      0.03460837954231148,
      0.05108663386265574,
      0.08858984868775915,
      0.02478627977318117,
      0.06365874251621234,
      0.02956605338556363,
      0.003651855643258487,
      0.04021341378247526,
      0.05925459347115424,
      0.06546600747448485,
      0.057698019458820395,
      0.07869901338829417,
      0.07602490348827319,
      0.11643816464015812,
      0.056754417005496376,
      0.03571461841701301,
      0.04381675218627132,
      0.028754697857647192
    ],
    [
      0.014281324096754108,
      0.11120730649195891,
      0.020936862207143216,
      0.054731476873595745,
      0.23170091895175637,
      0.0333666230202523,
      0.03250846660590152,
      0.023231214763785743,
      0.11950400009122303,
      0.006529235468500118,
      0.0052025489909088745,
      0.0049739426293328405,
      0.03095707202614342,
      0.006600143395456945,
      0.0009085072541112383,
      0.021771721664690765,
      0.04720493760774719,
      0.10026876900521225,
      0.13411492885552542
    ],
    [
      0.03734326445022319,
      0.015340194890989329,
      0.0679810150434409,
      0.029019263414040132,
      0.026332579888124683,
      0.12411420536589948,
      0.0026832786258082944,
      0.024537104414333853,
      0.04103891723633483,
      0.04865992864306994,
      0.03238551811355695,
      0.08471098871051787,
      0.06880876259649385,
      0.09041786877437262,
      0.07333858616288509,
      0.07403829549107455,
      0.05902648980924368,
      0.08558025936226614,
      0.014643479007324633
    ],
    [
      0.03385830027716546,
      0.01600783263494977,
      0.08551085805522712,
      0.015041567836680349,
      0.03202843851807931,
      0.07222860877359248,
      0.006465045069090752,
      0.05820310551479957,
      0.07681943963469108,
      0.0031486002752021207,
      0.09573494153245138,
      0.0367407747924083,
      0.09430163589217899,
      0.022583601579451735,
      0.10456614181984188,
      0.10820464082593108,
      0.05497540197800842,
      0.05326706865081764,
      0.030313996339432495
    ],
    [
      0.023035469321708968,
      0.04617450505381315,
      0.08584911212288864,
      0.045116988271638896,
      0.04591095618424885,
      0.041585173971177405,
      0.031498548813827215,
      0.12718429160722233,
      0.010882828973034999,
      0.05684293867909443,
      0.12366457266038283,
      0.09030567291822816,
      0.007422243506000644,
      0.06631474996328607,
      0.0020044407527615425,
      0.06114747848850109,
      0.022679172028294843,
      0.05982833439802498,
      0.05255252228586497
    ],
    [
      0.010258574522522101,
      0.02133613618825405,
      0.03429858598005081,
      0.044958633441797395,
      0.0784299859675301,
      0.014125838812470025,
      0.02859174935310253,
      0.03346948830001715,
      0.23601465570204613,
      0.03217369660210418,
      0.0031127082073289505,
      0.0047946220030136875,
      0.09694816511567236,
      0.02977388022318934,
      0.04350522468348791,
      0.05950576485727036,
      0.07751008211548098,
      0.06160313146173266,
      0.08958907646292928
    ],
    [
      0.018526875054082806,
      0.014383612890340325,
      0.01696236388660228,
      0.012624652749847252,
      0.020190766710979247,
      0.09184119553471862,
      0.047112684525483346,
      0.08924409770389864,
      0.04574930787083778,
      0.1952744627781046,
      0.06944563202529368,
      0.057489128566357246,
      0.08078078588461576,
      0.005122683090918381,
      0.11513708116659586,
      0.058469767662618785,
      0.025957376838246837,
      0.029472978992346903,
      0.006214546068111661
    ],
    [
      0.01930062348788025,
      0.0126692155446404,
      0.022007222385529133,
      0.05631597918488774,
      0.0034107152263263105,
      0.023260816160115702,
      0.03823698474818481,
      0.09124101945005551,
      0.017932023252897014,
      0.02421018246432472,
      0.438835836677878,
      0.1310322600777009,
      0.011587635995844699,
      0.06229686338315274,
      0.01932523399625515,
      0.010420790940096483,
      0.006452631824693652,
      0.002493305114143977,
      0.008970660085392856
    ],
    [
      0.08744990559578887,
      0.0002837574437098205,
      0.05825677531380272,
      0.04292465560470644,
      0.00956424707436343,
      0.008228483927159951,
      0.04955875893345233,
      0.022603488014280724,
      0.0017201963633185241,
      0.062448943877009805,
      0.08994817525647215,
      0.3518933276382201,
      0.07706824730325448,
      0.06136896108913812,
      0.039163107236443416,
      0.01999180138098751,
      0.00643168288621317,
      0.0056706307151141435,
      0.005424854346564323
    ],
    [
      0.08042146355008246,
      0.04014068175138931,
      0.07236895162835649,
      0.0006595010503177151,
      0.05884393088111516,
      0.03150474494534864,
      0.07298557535343661,
      0.028171866225351696,
      0.12121385570705002,
      0.021153053970485617,
      0.07976671163889482,
      0.02715738762937711,
      0.11914689102385896,
      0.10264099246303275,
      0.05397906761387859,
      0.04300234099026499,
      0.012207100360111273,
      0.029641853224186655,
      0.0049940299934613
    ],
    [
      0.03499824683816672,
      0.007476938387607109,
      0.021275337066537774,
      0.04514717746447283,
      0.008790269688061812,
      0.029880683810319338,
      0.017897648900039722,
      0.03507865344592891,
      0.01813520551903738,
      0.029292094111511124,
      0.015086783090378478,
      0.04282509823949068,
      0.03560985845084982,
      0.6124083951772211,
      0.01929491768297793,
      0.01343822720828005,
      0.0036428124255484307,
      0.005904877959026908,
      0.0038167745345437346
    ],
    [
      0.06177143236223249,
      0.0031189228131163873,
      0.025753808851214845,
      0.10109762963922701,
      0.05141010845714025,
      0.08155137872160256,
      0.046837025852345456,
      0.052562156033700395,
      0.025247456484869334,
      0.07666692093571324,
      0.03828852454722636,
      0.06140029742503163,
      0.07199113095681788,
      0.09251498272022737,
      0.11936944878784216,
      0.021386501005348193,
      0.0093319718146054,
      0.037145479564135366,
      0.022554823027603685
    ],
    [
      0.030165963158253997,
      0.08285249374620236,
      0.04504671575898815,
      0.04024045590924009,
      0.07309785924576724,
      0.01497561692767435,
      0.027478016642714823,
      0.012572198688577315,
      0.0998913372727354,
      0.04696119006113671,
      0.021888315594077834,
      0.02699919828579476,
      0.08376215342006069,
      0.012156078405203049,
      0.01693482956508587,
      0.11965238464730049,
      0.04430288836562583,
      0.11322763179552571,
      0.08779467251003528
    ],
    [
      0.01873401232612947,
      0.09941591316217227,
      0.022364851232243688,
      0.011525014157973714,
      0.01176093626748374,
      0.021868080787240375,
      0.03892189166301341,
      0.026593260707566787,
      0.06784349962520288,
      0.042670920890208124,
      0.0323236419512894,
      0.00810519755206847,
      0.012743442067962876,
      0.02531889176284736,
      0.0313555449729948,
      0.11421834232187496,
      0.27157491668066636,
      0.010761972605252534,
      0.13189966926580882
    ],
    [
      0.019578416910569336,
      0.019115410794753485,
      0.012652474851758747,
      0.025460770996668068,
      0.18869069153816112,
      0.05279106999522034,
      0.02067481459665696,
      0.019476783891103255,
      0.16104666306692106,
      0.0281312016232487,
      0.018803046121530255,
      0.013695810657612854,
      0.04191951276972222,
      0.010491334333054075,
      0.029492113116410666,
      0.057343264600556144,
      0.13514220698285512,
      0.06379458477774237,
      0.0816998283754551
    ],
    [
      0.006773996094510113,
      0.18487920143688688,
      0.009116633181351362,
      0.0075455286543160815,
      0.11349447305862963,
      0.02339695374756714,
      0.017865317224169442,
      0.00280370988758174,
      0.020537248371600352,
      0.013108284285712665,
      0.010152096403076611,
      0.009855693188890888,
      0.0012158536792297695,
      0.0009455966587566852,
      0.01938634654202001,
      0.08311555495558896,
      0.12436311718621325,
      0.11887139337474602,
      0.23257300206915232
    ]
  ]
}