{
  "poids_LS": 0.415,
  "poids_EM": 0.585,
  "mae_validation": 7.3477559769287275,
  "matrice_de_transition": [
    [
      0.22367640698727448,
      0.003433560126306372,
      0.012443440695035413,
      0.06996694201698313,
      0.00802854757032734,
      0.048877412158980275,
      0.08678158181901914,
      0.0527931193835339,
      0.06017205738209014,
      0.05208726690154328,
      0.01969631060205473,
      0.16926326366836073,
      0.02901561175349028,
      0.047167648188909964,
      0.008834615217913353,
      0.04416633139101141,
      0.04403045880512932,
      0.0074298207752469736,
      0.0121356045567898
    ],
    [
      0.008380210341492353,
      0.5088201201072448,
      0.0028752612744480568,
      0.015238410848130966,
      0.05024805876774506,
      0.00998779089082771,
      0.03775089556331036,
      0.02176628240562701,
      0.05866005484965143,
      0.013279909378183751,
      0.0033333858350388067,
      0.02038673097730473,
      0.01298082006209798,
      0.00021158410561864207,
      0.028906655541217602,
      0.06390729483668334,
      0.07982387206391266,
      0.012918597348858613,
      0.05052406480260618
    ],
    [
      0.027060737226574205,
      0.023087393201842672,
      0.316598030664527,
      0.020512480191135073,
      0.023478945068245,
      0.017870299970210998,
      0.057753168699904794,
      0.17002623063019862,
      0.011096339991556407,
      0.03348579960375762,
      0.008059875834838293,
      0.1046494271617733,
      0.026171668371961408,
      0.03921952965059687,
      0.023954054630269436,
      0.026937157935321906,
      0.06313308345776092,
      0.0010170179347511379,
      0.0058887597747741965
    ],
    [
      0.02645229917009745,
      0.020245902032252214,
      0.029885680809653606,
      0.17318928428637026,
      0.014499973667310984,
      0.03724036437198422,
      0.07478261561181591,
      0.04269174159668697,
      0.07094927401052553,
      0.0760357161907026,
      0.03829761437257363,
      0.08740511717979474,
      0.06097440810122233,
      0.04447456854063982,
      0.07375319248588358,
      0.058341037183953004,
      0.02832691211284089,
      0.02563280002896872,
      0.016821498246723608
    ],
    [
      0.008354574596601152,
      0.06505627429779595,
      0.012248064391178782,
      0.03201791397105351,
      0.3638632496794105,
      0.019519474466847594,
      0.0637186634569204,
      0.03174148899204518,
      0.10334244403768858,
      0.02466703017269947,
      0.003043491159681691,
      0.022820793344145763,
      0.0181098871352939,
      0.003861083886342313,
      0.0005314767436550744,
      0.012736457173844097,
      0.038392469115254596,
      0.07739559147477021,
      0.09857957190477125
    ],
    [
      0.021845809703380566,
      0.008974014011228756,
      0.03976889380041292,
      0.016976269097213476,
      0.01540455923455294,
      0.312483825611113,
      0.03324348388635018,
      0.01601881944644312,
      0.04000496174267251,
      0.05735298842158486,
      0.018945528096430814,
      0.08623199654512928,
      0.0402531261189489,
      0.05289445323300798,
      0.053148223777444464,
      0.057871904653590024,
      0.05774360918366303,
      0.05546060076139436,
      0.015376932675438732
    ],
    [
      0.01980710566214179,
      0.009364582091445615,
      0.050023851962307866,
      0.008799317184458004,
      0.024195876255092494,
      0.0422537361325516,
      0.23828347397561458,
      0.04553616948630439,
      0.058430310631451404,
      0.03664575289217465,
      0.0585948574548935,
      0.06150347511091304,
      0.08298962805899861,
      0.013211406923979265,
      0.06730683757152106,
      0.09231131950806018,
      0.04184737607879557,
      0.031161235160728315,
      0.01773368785856801
    ],
    [
      0.013475749553199745,
      0.02701208545648069,
      0.05022173059188985,
      0.027101325653534007,
      0.026857909367785576,
      0.024327326773138782,
      0.021603983394049696,
      0.4013687444662436,
      0.0067946138220650746,
      0.04391447121115756,
      0.07234377500632395,
      0.06831341701524721,
      0.011617748261549418,
      0.04099531325921881,
      0.009863396404319855,
      0.046628074058903436,
      0.03394143875411504,
      0.03499957562284461,
      0.038619321327933026
    ],
    [
      0.006001266095675429,
      0.012481639670128618,
      0.020064672798329724,
      0.026300800563451476,
      0.04588154179100511,
      0.008263615705294965,
      0.06860887125239952,
      0.03702919053698967,
      0.3637323038241226,
      0.055603889083680566,
      0.001820934301287436,
      0.03601432542571578,
      0.07539925590426481,
      0.017417719930565765,
      0.025450556439840424,
      0.05141944007276268,
      0.05598415583511514,
      0.0360378319051136,
      0.05648798886425667
    ],
    [
      0.013814148503202627,
      0.008414413540849089,
      0.009922982873662332,
      0.014328168813251312,
      0.011811598525922859,
      0.05372709938781039,
      0.0644278612282413,
      0.06907356922934445,
      0.031625096731486405,
      0.37032479346267483,
      0.0406256947347968,
      0.06003820625234452,
      0.0493383725151251,
      0.0057493316816388,
      0.06735519248245858,
      0.04810456564263656,
      0.06044170223418571,
      0.01724169271052294,
      0.0036355094498453215
    ],
    [
      0.020718359526368618,
      0.0074114910936146335,
      0.012874225095534542,
      0.039944771965849474,
      0.016679341255180426,
      0.013607577453667684,
      0.038575942682364084,
      0.10794087153799002,
      0.010490233602944753,
      0.014162956741629961,
      0.4978450141248927,
      0.11249290135392204,
      0.006778767057569149,
      0.03644366507914435,
      0.01130526188780926,
      0.03218240522556161,
      0.013839794674227697,
      0.0014585834917742267,
      0.005247836149954821
    ],
    [
      0.05115819477353649,
      0.00016599810457024498,
      0.03408021355857459,
      0.025110923528753264,
      0.005595084538502606,
      0.004813663097388571,
      0.05798031404453561,
      0.050984632438371404,
      0.03228106057705804,
      0.06854118230651289,
      0.05261968252503621,
      0.43829146070277547,
      0.060951501915604576,
      0.0359008422371458,
      0.022910417733319397,
      0.023322793225492897,
      0.026277523524693026,
      0.005840971375388847,
      0.0031735397927401287
    ],
    [
      0.04704655617679824,
      0.023482298824562743,
      0.042335836702588545,
      0.0003858081144358633,
      0.03442369956545237,
      0.018430275793028954,
      0.07963049440485867,
      0.0438998430893969,
      0.10423309590637016,
      0.03957738512220821,
      0.046663526308753464,
      0.045295114458183516,
      0.32202414363111975,
      0.06004498059087415,
      0.03157775455411897,
      0.03144796414048521,
      0.00840991782097702,
      0.018169797249612474,
      0.0029215075461748604
    ],
    [
      0.02047397440032753,
      0.004374008956750159,
      0.012446072183924597,
      0.026482589588763785,
      0.008266674820067503,
      0.021821264639804203,
      0.04041822766228207,
      0.035154895012836966,
      0.0210845557009982,
      0.02621219704790191,
      0.00882576810787141,
      0.04516852263658687,
      0.02083176719374714,
      0.6484653361337477,
      0.01926855637528864,
      0.023099263531163497,
      0.011919159299198815,
      0.0034543536060307406,
      0.0022328131027080844
    ],
    [
      0.03613628793190601,
      0.0018245698456730865,
      0.015065978177960683,
      0.0591421133389478,
      0.030074913447427045,
      0.047707556552137494,
      0.0942066332850779,
      0.062487622911926485,
      0.04259605864273089,
      0.09036670933315943,
      0.022398786860127418,
      0.09381954576607204,
      0.05373674361273709,
      0.05412126489133301,
      0.21277634772641432,
      0.0372730427162907,
      0.011341147943911296,
      0.02173010554501919,
      0.013194571471148156
    ],
    [
      0.017647088447578587,
      0.04846870884152838,
      0.026352328719008066,
      0.02354066670690545,
      0.046623147336120184,
      0.008760735902689495,
      0.04066290928820734,
      0.02613217400984548,
      0.08762860047369836,
      0.05488835655270053,
      0.012804664622535532,
      0.05819573527901127,
      0.09330299432136538,
      0.007111305867043783,
      0.010388929061075611,
      0.2858640030216103,
      0.029500595317824094,
      0.06623816460038254,
      0.05588889163086952
    ],
    [
      0.010959397210785739,
      0.0732157972922943,
      0.013083437970862557,
      0.008438665125440281,
      0.006880147716477987,
      0.012792827260535619,
      0.04952752030084132,
      0.04763333468062201,
      0.046924819815208685,
      0.02496248872077175,
      0.018909330541504298,
      0.025740684471187984,
      0.02010168739703189,
      0.019417772732058365,
      0.018342993809201957,
      0.09030112172333071,
      0.3993262794087528,
      0.006295753974072732,
      0.10714593984901899
    ],
    [
      0.01145337389268306,
      0.011182515314930789,
      0.007401697788278866,
      0.01489455103305082,
      0.11038405454982425,
      0.030882775947203896,
      0.056581285052302824,
      0.014278116278704628,
      0.12123891069567427,
      0.0434642649095852,
      0.010999781981095198,
      0.03361449120775585,
      0.0245229149702875,
      0.006137430584836634,
      0.017743371113994693,
      0.04916169145162348,
      0.0927803518462966,
      0.2678702072596229,
      0.07540821412224841
    ],
    [
      0.003962787715288416,
      0.11102498198984347,
      0.005333230411090547,
      0.004414134262774907,
      0.06639426673929832,
      0.013687217942326777,
      0.04626289604500185,
      0.009566469731443775,
      0.02960587862727218,
      0.02063376994798925,
      0.005938976395799817,
      0.028590721243023132,
      0.0007112744023494151,
      0.0005531740453726608,
      0.020798553233675764,
      0.05621267621414734,
      0.1038989560182071,
      0.07425089320099648,
      0.39815914183409873
    ]
  ]
}