{
  "poids_LS": 0.305,
  "poids_EM": 0.6950000000000001,
  "mae_validation": 7.6485303574846935,
  "matrice_de_transition": [
    [
      0.20047021683862548,
      0.004079186816722955,
      0.014783232962477973,
      0.07967376737216612,
      0.009538188993807695,
      0.05806803666750649,
      0.0745139483828273,
      0.04659564443986213,
      0.05482460848967109,
      0.048992836297748706,
      0.023399890373381266,
      0.17726436763165782,
      0.034471538749873076,
      0.056036778617593895,
      0.010495824917008173,
      0.045340040117971984,
      0.03820749813320812,
      0.008826881091960082,
      0.014417513105929765
    ],
    [
      0.009955976388610574,
      0.47578438504308307,
      0.0034159086935750425,
      0.018103753058890636,
      0.05969641169843218,
      0.01186583704123976,
      0.03334088741468329,
      0.025207391364211008,
      0.059279540685314575,
      0.01284495937044285,
      0.003960176333934993,
      0.015771873021581076,
      0.014540676252808854,
      0.00025136915111958336,
      0.028709802956682712,
      0.06853193617175395,
      0.08675124332431469,
      0.01419101241556389,
      0.05779685961375736
    ],
    [
      0.03214908097857962,
      0.027428612436377196,
      0.27936855387856635,
      0.022231350829823,
      0.021215310321951418,
      0.02015063447050012,
      0.05314409563668318,
      0.16871508229210017,
      0.008774258319680338,
      0.0386157524008816,
      0.009575408043098487,
      0.11182608686871559,
      0.031092836783783214,
      0.046594142063529624,
      0.028458235842798735,
      0.028138695062150818,
      0.06431756375689994,
      0.001208252076328275,
      0.006996047937552251
    ],
    [
      0.031426235766184155,
      0.02405282378190648,
      0.03550521053454574,
      0.15076533750119625,
      0.017226464442360916,
      0.04424282604876758,
      0.06279750273256833,
      0.03234382001866978,
      0.06280241949224716,
      0.07158770775901507,
      0.045498875194766975,
      0.07953094669953648,
      0.06567249624960282,
      0.052837307924349874,
      0.08506728149063106,
      0.05792048725713317,
      0.03028509932599495,
      0.03045264276945857,
      0.0199845150110648
    ],
    [
      0.009925520247244106,
      0.07728907801191146,
      0.014551119233964536,
      0.038038376427149044,
      0.32883227045039376,
      0.02318980299907535,
      0.05544608115905998,
      0.02948575365443425,
      0.10762622997958929,
      0.019859421937851448,
      0.003615771548681668,
      0.018090302793231493,
      0.021515165058169677,
      0.004587099659842577,
      0.0006314125416073107,
      0.015131346556960083,
      0.040728304137361074,
      0.08345836142259823,
      0.10799858218087477
    ],
    [
      0.02595356879290512,
      0.010661435449237585,
      0.04724680545519143,
      0.020168388072757892,
      0.018301143022246655,
      0.2625545286786468,
      0.025143188516086063,
      0.018276678112631024,
      0.040279022234968556,
      0.0550488039019785,
      0.02250793508892208,
      0.08582883784197928,
      0.04782209000456323,
      0.06284041879818898,
      0.058499886096476925,
      0.06215697210448955,
      0.058083649831407305,
      0.0634441247278905,
      0.015182523269432587
    ],
    [
      0.023531518692629996,
      0.01112544368129009,
      0.05943004634838286,
      0.010453889646492843,
      0.02627197709588418,
      0.05019888309764678,
      0.176837625349789,
      0.048893670602291064,
      0.06330453759616554,
      0.027766989547916877,
      0.06843921708990884,
      0.05493986779757444,
      0.08598799158104642,
      0.015695603097718957,
      0.07718279773372658,
      0.09652400708629102,
      0.04532709378702067,
      0.03702061271231826,
      0.021068227455905586
    ],
    [
      0.016009651178587735,
      0.03209128101240014,
      0.05966513292540761,
      0.031876561528212416,
      0.03190811454805295,
      0.0289016959099683,
      0.02422663928844856,
      0.3286933473228886,
      0.007878237115093249,
      0.04734129391350228,
      0.08594687799896608,
      0.07414268966423013,
      0.01050568676007866,
      0.04770648925306797,
      0.007780299725593557,
      0.05047659089566427,
      0.030956259621969927,
      0.041580692406627366,
      0.04231245893124029
    ],
    [
      0.007129709293152861,
      0.014828614650836566,
      0.023837517256135317,
      0.031246250242049193,
      0.05450884024743343,
      0.009817457974666668,
      0.05800192327909189,
      0.03608565500429816,
      0.32987943323754815,
      0.049393476618684415,
      0.002163332204093621,
      0.027739223313674267,
      0.08111101497234875,
      0.020692846755116595,
      0.030236131155024097,
      0.05356280326865629,
      0.06168982304195911,
      0.0428141763659042,
      0.06526177111932653
    ],
    [
      0.01506330493837569,
      0.009996610958786527,
      0.011788842901188585,
      0.013876634434999636,
      0.014032582864130578,
      0.06382963089662945,
      0.059838296319076556,
      0.0744199743671781,
      0.03536886353950725,
      0.3239259106306201,
      0.04826471425757911,
      0.05936254710666115,
      0.057672506179327454,
      0.005583232055182786,
      0.08002027141078413,
      0.05085196858769209,
      0.05130127863526216,
      0.020483720399681098,
      0.004319109517337605
    ],
    [
      0.020342574070383753,
      0.00880510480352508,
      0.01529501955794275,
      0.04428412809619697,
      0.01316235604271307,
      0.016166267231280413,
      0.03848609841065392,
      0.10351440471950135,
      0.012462756160763425,
      0.016826076812705683,
      0.48220402733170814,
      0.11740694824456224,
      0.008053407017112067,
      0.04329632005129116,
      0.01343103762739733,
      0.026414266499293744,
      0.011881751509290963,
      0.0017328470543300644,
      0.006234608759348036
    ],
    [
      0.06077768438907327,
      0.00019721142337832527,
      0.04048845884309289,
      0.029832635645270975,
      0.006647151716682584,
      0.005718796329376167,
      0.05574809461750149,
      0.04346191945849195,
      0.02418059054450058,
      0.06692637212037955,
      0.06251398180324816,
      0.41539075073385723,
      0.06522341033160818,
      0.042651427956950996,
      0.027218359529328176,
      0.022439879724539664,
      0.021017180222927284,
      0.005795820838930493,
      0.003770273770862205
    ],
    [
      0.05589291716730732,
      0.027897773817215574,
      0.050296421381707763,
      0.00045835322997081203,
      0.04089653196237504,
      0.021895797737017306,
      0.07786919055990343,
      0.039730981751939135,
      0.10873402019088772,
      0.03469382746753476,
      0.0554378645890319,
      0.04048752421440351,
      0.2682494501689543,
      0.07133548976180777,
      0.037515451991645625,
      0.034510570052475036,
      0.00941639993978369,
      0.021210583170583944,
      0.0034708508454556037
    ],
    [
      0.02432378155252587,
      0.005196472179386942,
      0.014786359261243755,
      0.03142982974859028,
      0.008405459001945514,
      0.02395749622716966,
      0.03444891762891664,
      0.03513468640474086,
      0.020302800231080873,
      0.027028555305726044,
      0.010485314247813043,
      0.044547374001211976,
      0.024748851623340624,
      0.6389080746753913,
      0.019275543709856884,
      0.020538506915459453,
      0.009725428802568594,
      0.004103890181523701,
      0.002652658301507896
    ],
    [
      0.04293114549175158,
      0.0021676513551158894,
      0.017898897151594317,
      0.07026285259926278,
      0.03573002537771248,
      0.056678208211513786,
      0.08165083372459461,
      0.05985677626950511,
      0.03799763397438205,
      0.08673544011937853,
      0.026610524560322323,
      0.0852264919889288,
      0.058575255920806694,
      0.06429791299055804,
      0.18801789258606988,
      0.033062152142305935,
      0.010808595234938649,
      0.02581610829707408,
      0.015675602004184563
    ],
    [
      0.02096534439498653,
      0.05758248315361065,
      0.03130746745249677,
      0.027967116856921864,
      0.05364054085433989,
      0.010408053764733674,
      0.037168118466510525,
      0.02253796368372621,
      0.09087896444452746,
      0.052787179892286026,
      0.015212379337884096,
      0.049926773666351475,
      0.09077409673306776,
      0.00844847449161612,
      0.012123987025993994,
      0.2418079114043234,
      0.033424094679892026,
      0.07869320409789038,
      0.06434584559884118
    ],
    [
      0.013020138566659982,
      0.0801604063180451,
      0.015543571606409365,
      0.009256733543702156,
      0.0081738507059012,
      0.015198316147132062,
      0.046716389818525494,
      0.04205644760342665,
      0.05246953012629149,
      0.02965629001869465,
      0.022464931156146135,
      0.02106621805889125,
      0.018151309117037696,
      0.02098192476431569,
      0.02179210375623139,
      0.09664062597836655,
      0.36546447242058533,
      0.007479570960650512,
      0.11370716933298738
    ],
    [
      0.01360699975284569,
      0.013285210502353673,
      0.00879347002197233,
      0.017695235842684308,
      0.131140030619022,
      0.03668979364667814,
      0.04706390734116778,
      0.015656076368738,
      0.13179036313142645,
      0.0394000794601948,
      0.013068117054463528,
      0.028334840941452888,
      0.029134061374956947,
      0.007291477361472583,
      0.020857495500177244,
      0.05133030120194299,
      0.10400879537646873,
      0.21377787358972686,
      0.07707587091225501
    ],
    [
      0.004707927285684529,
      0.13060079919267426,
      0.006336060061039197,
      0.005244142414749677,
      0.0788786587757476,
      0.016260882854559164,
      0.03873582695996193,
      0.007773930977649019,
      0.027202145306491697,
      0.018639062904976182,
      0.007055707000138246,
      0.02362481019253025,
      0.0008450183070646899,
      0.0006571896778358963,
      0.020424233387694724,
      0.06334355973597525,
      0.10932319150852202,
      0.0860780137289783,
      0.3542688397277274
    ]
  ]
}