{
  "poids_LS": 0.37,
  "poids_EM": 0.63,
  "mae_validation": 7.4704921081392754,
  "matrice_de_transition": [
    [
      0.21418296556282718,
      0.003697680136022247,
      0.01340062844080737,
      0.07393791602592162,
      0.008646128152660212,
      0.052637213094286456,
      0.0817630045042134,
      0.050257788724759084,
      0.05798446465337326,
      0.05082136347271822,
      0.021211411417597404,
      0.17253644256243683,
      0.031247581888374152,
      0.050795928818826115,
      0.009514201003906687,
      0.04464648496113165,
      0.04164833853025247,
      0.008001345450265972,
      0.013069112599619785
    ],
    [
      0.009024841906222533,
      0.4953055012173604,
      0.0030964352186363692,
      0.016410596297987193,
      0.05411329405757161,
      0.010756082497814458,
      0.0359468013206902,
      0.02317400879777501,
      0.058913480873331814,
      0.01310197528410793,
      0.0035898001300417918,
      0.018498834540872325,
      0.013618943049206975,
      0.00022785980605084533,
      0.02882612493845333,
      0.06579919356466678,
      0.08265779667044076,
      0.013439130785238045,
      0.053499299043531665
    ],
    [
      0.029142332397849146,
      0.024863346525061343,
      0.3013677901611794,
      0.021215654543325586,
      0.022552912672033992,
      0.018803164083965637,
      0.055867638810405046,
      0.1694898517646129,
      0.010146397489425288,
      0.03558441665712652,
      0.008679866283672009,
      0.10758533340552243,
      0.028184873631343057,
      0.042236416546796635,
      0.02579667421721324,
      0.027428695850842823,
      0.06361764358013597,
      0.0010952500835781484,
      0.006341741295910673
    ],
    [
      0.028487091413951098,
      0.021803279111656235,
      0.032184579333473115,
      0.16401585151061726,
      0.015615356257104137,
      0.040105007785213774,
      0.06987961488848736,
      0.03845850095113449,
      0.06761646988941165,
      0.07421607637773953,
      0.04124358470892545,
      0.08418386561968909,
      0.06289635325283253,
      0.04789568919761211,
      0.07838168344237118,
      0.058168994032072166,
      0.02912798870004028,
      0.027604553877350932,
      0.01811545965031773
    ],
    [
      0.008997234180955088,
      0.07006060308993411,
      0.013190223190500226,
      0.03448083043036532,
      0.3495323945402673,
      0.021020972502758948,
      0.06033442524415932,
      0.03081868817211344,
      0.1050949019230116,
      0.022700281349352553,
      0.003277605864272591,
      0.020885592664226287,
      0.019502955376470354,
      0.0041580903391378755,
      0.0005723595700900801,
      0.013716184648755183,
      0.039348037987934514,
      0.07987581554433622,
      0.10243280338135904
    ],
    [
      0.023526256603640612,
      0.009664322781323276,
      0.04282803947736776,
      0.018282135950845282,
      0.016589525329518552,
      0.29205820413874045,
      0.02992972668942395,
      0.016942488900792717,
      0.040117077398611804,
      0.056410367481745896,
      0.020402876411540878,
      0.08606706798474974,
      0.04334952043579113,
      0.056963257327854754,
      0.05533754018068502,
      0.05962488679259437,
      0.0578827167213766,
      0.05872658783859733,
      0.015297401554799854
    ],
    [
      0.02133072917461424,
      0.010084934560018355,
      0.053871840574793085,
      0.00947618773710862,
      0.025045190235416365,
      0.04550402352736326,
      0.2131465359014132,
      0.04690969267011712,
      0.060424312571561736,
      0.0330135315240692,
      0.06262209548739978,
      0.058818363028183614,
      0.08421623131801817,
      0.014227668995054593,
      0.07134700309242331,
      0.0940346916991546,
      0.04327089695943311,
      0.03355825325001511,
      0.019097817693842473
    ],
    [
      0.01451234567267665,
      0.029089938183902285,
      0.05408494063741984,
      0.02905483123862972,
      0.028923902396076773,
      0.026198659601841767,
      0.02267688807812196,
      0.3716379001803256,
      0.007237914260122055,
      0.04531635322575313,
      0.07790868077604118,
      0.0706981194625584,
      0.011162814010947746,
      0.04374079434761165,
      0.00901122049029546,
      0.04820246731030559,
      0.032720229109146584,
      0.037691850670755735,
      0.040130150347467815
    ],
    [
      0.006462901949188924,
      0.013441765798600052,
      0.02160810916743201,
      0.02832393906833236,
      0.04941089115954397,
      0.008899278451856117,
      0.06426966526331912,
      0.036643198728161325,
      0.34988340222052394,
      0.05306326580254578,
      0.001961006170617239,
      0.03262905637988062,
      0.07773588461393552,
      0.018757544540609284,
      0.02740829155059738,
      0.05229627047108279,
      0.05831829241973313,
      0.038809972820891575,
      0.060077263423148876
    ],
    [
      0.014325167044864334,
      0.009061676120914405,
      0.010686289248559435,
      0.014143450203966536,
      0.012720183027916925,
      0.05785995318687273,
      0.06255031194721936,
      0.07126073496754912,
      0.033156637698404025,
      0.351343432304107,
      0.043750748175935016,
      0.059761800238201324,
      0.052747790832298795,
      0.005681381834452249,
      0.0725363611349554,
      0.049228503211068364,
      0.05670243803462608,
      0.01856797676517855,
      0.003915164022910346
    ],
    [
      0.020564629112556628,
      0.007981605793123452,
      0.013864550102883354,
      0.04171996311008254,
      0.015240574577352872,
      0.014654314180872893,
      0.03853918820757356,
      0.10613004420315375,
      0.01129717464932512,
      0.015252414952524574,
      0.4914464286185899,
      0.11450319326372937,
      0.0073002106773821605,
      0.039247023931386224,
      0.012174897417640744,
      0.029822712110270204,
      0.013038777015844487,
      0.0015707822219107057,
      0.005651515853797499
    ],
    [
      0.05509344052534699,
      0.00017876718953718692,
      0.03670176844769571,
      0.027042533030965054,
      0.006025475656848961,
      0.005183944874110769,
      0.05706713336983983,
      0.04790715894660254,
      0.02896723192737544,
      0.06788057813945834,
      0.05666735041157746,
      0.42892298844276344,
      0.0626991008130606,
      0.038662445486157014,
      0.02467275755895935,
      0.022961601338739302,
      0.024125564901243405,
      0.005822500701383157,
      0.0034176582383355237
    ],
    [
      0.05066552203655195,
      0.025288629503375265,
      0.04559243952586459,
      0.00041548566170016054,
      0.03707167645510255,
      0.019847989315569643,
      0.07890996101374062,
      0.04219439981498236,
      0.1060743831136728,
      0.03757956608165998,
      0.05025302833250373,
      0.04332837299481897,
      0.3000254053965975,
      0.06466382525171063,
      0.03400681259674351,
      0.03270084837720832,
      0.008821660505943385,
      0.01941375512637353,
      0.003146238895880619
    ],
    [
      0.022048895508045036,
      0.004710471184192479,
      0.013403462351918798,
      0.02850646056323826,
      0.008323450167199417,
      0.022695177561908253,
      0.03797623719408712,
      0.03514662785497947,
      0.020764746645122928,
      0.026546161789739058,
      0.009504673346938441,
      0.04491441637666078,
      0.022434210824035385,
      0.6445555473553292,
      0.019271414830339284,
      0.02205168127928457,
      0.011021724096031908,
      0.003720073114186952,
      0.0024045679567625527
    ],
    [
      0.038916002388206465,
      0.001964921372263324,
      0.016224899576265352,
      0.06369150667271302,
      0.03238836832799836,
      0.05137736859460962,
      0.08907016982851657,
      0.061411367467299555,
      0.04071488491477,
      0.08888119010933998,
      0.024121770464752605,
      0.09030420558451344,
      0.055716135011492834,
      0.058284439113743244,
      0.20264788880536433,
      0.03555040566329693,
      0.01112328547205885,
      0.023401652125405282,
      0.014209538507390321
    ],
    [
      0.01900455678970002,
      0.052197071060107486,
      0.028379430928162537,
      0.025351487222821257,
      0.049493899229937334,
      0.009434638664434841,
      0.039233222133876824,
      0.024661815240069416,
      0.08895829482540116,
      0.05402878428253097,
      0.013789638824269035,
      0.054812978255650444,
      0.0922684453079709,
      0.007658329395277921,
      0.011098725501269495,
      0.26784105645090206,
      0.031105663238670065,
      0.0713334080311812,
      0.059348554617767016
    ],
    [
      0.011802427765461565,
      0.07605677371191963,
      0.014089856276313524,
      0.008773329478365594,
      0.0074093898485147565,
      0.013776890895961437,
      0.04837751237625758,
      0.04535188087631482,
      0.04919311039701529,
      0.02688268016083112,
      0.020363894429312322,
      0.023828402757066595,
      0.019303805373397903,
      0.020057653108890905,
      0.019753993332986726,
      0.09289455528220902,
      0.3854737220045025,
      0.006780042741309097,
      0.1098300791833697
    ],
    [
      0.012334402653658682,
      0.012042708800694696,
      0.00797105915660801,
      0.016040285727900883,
      0.11887513566904151,
      0.03325837409698881,
      0.05268781235229303,
      0.014841827224627372,
      0.12555541396484562,
      0.04180164358938004,
      0.01184591905656406,
      0.03145463428063191,
      0.026409293044925,
      0.006609540629824068,
      0.019017331090160284,
      0.050048849985845106,
      0.09737380601773066,
      0.24574152530375631,
      0.07609043735452384
    ],
    [
      0.004267617539541371,
      0.11903327084554698,
      0.005743478904251358,
      0.004753683052219132,
      0.07150151802693666,
      0.0147400808609673,
      0.04318364051021279,
      0.008833158423073195,
      0.02862253317786198,
      0.019817753430392993,
      0.006395820733938265,
      0.02655921217691241,
      0.0007659878179147548,
      0.0005957258950167116,
      0.02064542238759261,
      0.0591298558367133,
      0.1061179614460632,
      0.07908926068971633,
      0.3802040182451286
    ]
  ]
}