{
  "poids_LS": 0.6025,
  "poids_EM": 0.39749999999999996,
  "mae_validation": 6.840803531437362,
  "matrice_de_transition": [
    [
      0.2632324129224716,
      0.00233306008582356,
      0.008455158420985601,
      0.05342121697973939,
      0.0054552951439403715,
      0.03321157492853788,
      0.1076923206307098,
      0.06335699712842897,
      0.06928702708507717,
      0.05736186452164767,
      0.013383390537293599,
      0.1556250182763771,
      0.019715736191474164,
      0.032049812230926,
      0.006003007776274457,
      0.04216569151551044,
      0.05395595995044957,
      0.005048467962667815,
      0.008245987711664864
    ],
    [
      0.005694245488449931,
      0.5651310321484295,
      0.0019537031736634233,
      0.010354304807063348,
      0.03414291172680113,
      0.006786575861716265,
      0.04526795490756107,
      0.01590075577167703,
      0.05760411308431653,
      0.014021301436833021,
      0.0022649929391930354,
      0.028252966129106414,
      0.010321974282477178,
      0.0001437686871511286,
      0.029242199719402083,
      0.05602438347008571,
      0.06801585287004555,
      0.010749708030610986,
      0.038127255465416676
    ],
    [
      0.018387424012928626,
      0.01568758768843156,
      0.3800573660951418,
      0.017582587057007933,
      0.027337413385790883,
      0.013983366162900001,
      0.06560954323948709,
      0.17226114257013914,
      0.015054433750436073,
      0.0247415618813872,
      0.005476582298031148,
      0.09241648447948536,
      0.01778331312453788,
      0.026649167583097873,
      0.01627647301800359,
      0.02488908328731808,
      0.061114082947864856,
      0.0006910506479719269,
      0.004001336770038877
    ],
    [
      0.017973998154040573,
      0.013756830868068812,
      0.020306936960405655,
      0.21141192085200783,
      0.009852546209839514,
      0.025304350150194402,
      0.0952117852923516,
      0.060330244286489004,
      0.08483595784850005,
      0.0836175487447154,
      0.026022737971107723,
      0.10082699868023495,
      0.052966303302846504,
      0.03021989913658859,
      0.054467813500518575,
      0.05905788365012317,
      0.02498909299951011,
      0.017417158994042847,
      0.011429992398414758
    ],
    [
      0.005676826328459757,
      0.044204904330553664,
      0.008322402727339428,
      0.021755762057254307,
      0.4235751460925073,
      0.013263232650550287,
      0.07781965601009158,
      0.03558649240842746,
      0.09604053618217605,
      0.03286181693664496,
      0.0020680132238862776,
      0.0308841295104769,
      0.012305436130392007,
      0.0026235569996941356,
      0.0003611316335092172,
      0.008654259361714578,
      0.034410932145754934,
      0.0670613245182452,
      0.08252444075232207
    ],
    [
      0.014843947618963719,
      0.006097727469168258,
      0.027022453479767755,
      0.011535157207080952,
      0.01046720050552956,
      0.3975905817459987,
      0.04705080554020946,
      0.012170196719986462,
      0.03953781317625882,
      0.0612805756709139,
      0.012873243450138887,
      0.0869191988800441,
      0.027351483132106304,
      0.03594110283781311,
      0.044026072097275507,
      0.05056781240773858,
      0.057163994443189856,
      0.041852321273048686,
      0.01570831234476739
    ],
    [
      0.013458674360173268,
      0.006363113472392533,
      0.03399056607695278,
      0.005979023215080438,
      0.020657068003743027,
      0.02871087198750301,
      0.34302071595145367,
      0.03981315622041801,
      0.05012196921432505,
      0.051780008592614064,
      0.041814698986117345,
      0.07269144212228566,
      0.07787878114641711,
      0.008976981627832064,
      0.050472814567761655,
      0.0851306020451667,
      0.03591603907613917,
      0.02117365978870001,
      0.012049813544924416
    ],
    [
      0.009156599055379314,
      0.018354365758890726,
      0.03412502206884823,
      0.01896171904896855,
      0.018249605083238914,
      0.016530106653543018,
      0.017133547210415278,
      0.5252472623242351,
      0.004947528663494326,
      0.03807329615034271,
      0.04915666763250217,
      0.05837715681811727,
      0.013513307639056397,
      0.029555808724248657,
      0.013414129379421505,
      0.04006810217806112,
      0.03902981227481693,
      0.023781762923214926,
      0.032324200413204746
    ],
    [
      0.004077783372702535,
      0.008481114134830985,
      0.013633687927070197,
      0.017871056793114463,
      0.031175919422093214,
      0.005615020927956835,
      0.08668889620690118,
      0.03863748974044111,
      0.4214360605057837,
      0.06618981942174218,
      0.0012373015124132578,
      0.05011961311669565,
      0.06566330294730358,
      0.011835117388717762,
      0.01729332681168644,
      0.047765980079762224,
      0.04625858673254022,
      0.02448724475603873,
      0.04153267820220578
    ],
    [
      0.011684904579612186,
      0.005717486123910279,
      0.006742539644924405,
      0.01509782968527122,
      0.00802582976761425,
      0.036506875225050646,
      0.07225098323249943,
      0.05996037865349165,
      0.025243676035996324,
      0.4494137982900409,
      0.027604638730054233,
      0.06118989797794118,
      0.03513246286023475,
      0.006032456044916098,
      0.04576698976372185,
      0.04342149244083736,
      0.07602196973235088,
      0.011715509149457893,
      0.002470282062074385
    ],
    [
      0.02135890291725192,
      0.0050360131789945585,
      0.00874787089824783,
      0.032548142198211706,
      0.022674202412795236,
      0.009246174423645991,
      0.0387290863273246,
      0.11548598543314118,
      0.007127979243026563,
      0.009623547529569076,
      0.524505787067821,
      0.1041166850630581,
      0.004606085308348267,
      0.02476300319480321,
      0.007681780513511421,
      0.0420144598726091,
      0.01717736825082441,
      0.0009910887828722308,
      0.00356583738394366
    ],
    [
      0.034761337474326075,
      0.00011279358387465364,
      0.023157068187236576,
      0.017062550602870808,
      0.0038017882120594633,
      0.0032708223610460802,
      0.06178523352243469,
      0.06380743865407504,
      0.04608867995073553,
      0.0712936996692402,
      0.03575439966444768,
      0.47732676178615896,
      0.05366983984287119,
      0.0243941620329324,
      0.015567335126486257,
      0.024827759420299553,
      0.03524401778906646,
      0.005917932517079226,
      0.002156379602759318
    ],
    [
      0.031967531761157776,
      0.01595592099617725,
      0.028766658272271702,
      0.0002621516675012917,
      0.023390462525243277,
      0.012523136115776084,
      0.08263271686785059,
      0.051005856732790816,
      0.09656106587594251,
      0.047901631124492514,
      0.031707267876460686,
      0.05348987055553582,
      0.41368555294162923,
      0.04079979450405551,
      0.021456679376516737,
      0.026227613154138924,
      0.006694323300283834,
      0.012986639429774741,
      0.0019851269224008664
    ],
    [
      0.01391180311817127,
      0.002972083009073826,
      0.008456946483948765,
      0.018049793861786807,
      0.008030110873684534,
      0.01817996079770399,
      0.05059318794642771,
      0.035189341503909885,
      0.022417093433811822,
      0.024820677290247145,
      0.005996996278425444,
      0.04622729871961226,
      0.0141549187342128,
      0.6647561227104917,
      0.019256646145910945,
      0.027464189580659035,
      0.015658472645727603,
      0.0023471889887131956,
      0.0015171678774811344
    ],
    [
      0.024554144363987413,
      0.0012397718182137639,
      0.0102371390183579,
      0.04018630778159273,
      0.02043551811171325,
      0.03241667304183701,
      0.11560856435408354,
      0.06697202059787201,
      0.05043428250923461,
      0.09655637276574056,
      0.015219688507522476,
      0.1084667965225662,
      0.045489279451254805,
      0.03677470563129038,
      0.254978259897456,
      0.044450697103764716,
      0.012248908243296493,
      0.014765328126743806,
      0.008965542153472464
    ],
    [
      0.011990970355405963,
      0.03293386626411544,
      0.01790606951419779,
      0.015995581223922934,
      0.03466168111188206,
      0.005952807728750553,
      0.04661993909791781,
      0.03225866888391243,
      0.08208820734160331,
      0.05846990767840708,
      0.008700605448645938,
      0.07229055620968139,
      0.09761361521050907,
      0.004832041166068212,
      0.007431443893601095,
      0.3609596137328949,
      0.022812812314299217,
      0.045007983638721466,
      0.0414736291854633
    ],
    [
      0.007446769899636463,
      0.06137839554385546,
      0.008890028364816865,
      0.007044230321584815,
      0.004674972166324786,
      0.008692562112928048,
      0.05431921998660695,
      0.05713939219856865,
      0.0374736090576812,
      0.01696169105385773,
      0.012848647675637537,
      0.033708524946693796,
      0.02342619582884018,
      0.016751604495256103,
      0.012463829126765432,
      0.07949514856133785,
      0.4570452685931292,
      0.004277884110587882,
      0.09596202595589107
    ],
    [
      0.00778242072195131,
      0.007598375790914509,
      0.005029358753574102,
      0.010120656471175556,
      0.07500454988641904,
      0.020984450323100083,
      0.07280408796901029,
      0.0119293206706932,
      0.10325348040746038,
      0.05039185374377338,
      0.007474210833308276,
      0.04261389507077226,
      0.016663006325964583,
      0.004170305397388995,
      0.01243520454663808,
      0.04546519755903343,
      0.07364095946532136,
      0.36007304874240026,
      0.07256561732110081
    ],
    [
      0.00269266344756777,
      0.07765711175774553,
      0.003623861689587166,
      0.0029993476400906422,
      0.04511405304080527,
      0.009300289114657937,
      0.05909312743995625,
      0.012621933516321203,
      0.03370315133314801,
      0.024033838771306985,
      0.004035458320222953,
      0.03705534235181782,
      0.00048330183749383334,
      0.0003758746718557823,
      0.021436598425688905,
      0.04405776112012251,
      0.09465310006880676,
      0.05409102866466387,
      0.47297215678814075
    ]
  ]
}