{
  "poids_LS": 0.195,
  "poids_EM": 0.8049999999999999,
  "mae_validation": 7.951468857034331,
  "matrice_de_transition": [
    [
      0.1772640266899765,
      0.004724813507139537,
      0.017123025229920527,
      0.0893805927273491,
      0.011047830417288048,
      0.06725866117603269,
      0.062246314946635434,
      0.04039816949619036,
      0.04947715959725204,
      0.04589840569395413,
      0.027103470144707792,
      0.18526547159495488,
      0.03992746574625586,
      0.06490590904627781,
      0.012157034616102989,
      0.046513748844932555,
      0.0323845374612869,
      0.010223941408673186,
      0.016699421655069723
    ],
    [
      0.011531742435728793,
      0.44274864997892127,
      0.003956556112702027,
      0.020969095269650302,
      0.06914476462911927,
      0.013743883191651806,
      0.028930879266056208,
      0.02864850032279499,
      0.05989902652097771,
      0.012410009362701944,
      0.004586966832831179,
      0.011157015065857423,
      0.016100532443519725,
      0.00029115419662052456,
      0.028512950372147815,
      0.07315657750682455,
      0.09367861458471671,
      0.015463427482269162,
      0.06506965442490854
    ],
    [
      0.037237424730585014,
      0.03176983167091171,
      0.24213907709260565,
      0.023950221468510922,
      0.018951675575657835,
      0.022430968970789233,
      0.04853502257346157,
      0.16740393395400172,
      0.006452176647804268,
      0.04374570519800557,
      0.011090940251358677,
      0.11900274657565783,
      0.03601400519560501,
      0.05396875447646236,
      0.03296241705532803,
      0.029340232188979725,
      0.06550204405603895,
      0.0013994862179054117,
      0.008103336100330304
    ],
    [
      0.03640017236227085,
      0.02785974553156074,
      0.04112474025943787,
      0.1283413907160222,
      0.01995295521741084,
      0.05124528772555093,
      0.05081238985332073,
      0.021995898440652598,
      0.05465556497396876,
      0.06713969932732755,
      0.052700136016960296,
      0.07165677621927821,
      0.0703705843979833,
      0.06120004730805991,
      0.09638137049537851,
      0.05749993733031334,
      0.032243286539149,
      0.03527248550994841,
      0.02314753177540599
    ],
    [
      0.011496465897887055,
      0.08952188172602692,
      0.016854174076750286,
      0.04405883888324457,
      0.293801291221377,
      0.026860131531303098,
      0.04717349886119955,
      0.027230018316823312,
      0.11191001592148997,
      0.015051813703003427,
      0.004188051937681643,
      0.013359812242317224,
      0.02492044298104545,
      0.00531311543334284,
      0.0007313483395595468,
      0.017526235940076063,
      0.04306413915946754,
      0.08952113137042624,
      0.11741759245697828
    ],
    [
      0.03006132788242967,
      0.012348856887246408,
      0.054724717109969914,
      0.023360507048302306,
      0.02119772680994037,
      0.21262523174618053,
      0.01704289314582195,
      0.02053453677881893,
      0.040553082727264586,
      0.052744619382372133,
      0.026070342081413345,
      0.08542567913882926,
      0.055391053890177545,
      0.07278638436336995,
      0.06385154841550937,
      0.06644203955538905,
      0.05842369047915157,
      0.07142764869438661,
      0.014988113863426439
    ],
    [
      0.02725593172311819,
      0.012886305271134563,
      0.06883624073445783,
      0.01210846210852768,
      0.028348077936675865,
      0.05814403006274194,
      0.1153917767239634,
      0.052251171718277735,
      0.06817876456087966,
      0.018888226203659098,
      0.07828357672492418,
      0.04837626048423582,
      0.08898635510309424,
      0.018179799271458644,
      0.08705875789593208,
      0.10073669466452184,
      0.04880681149524575,
      0.042879990263908194,
      0.024402767053243155
    ],
    [
      0.018543552803975717,
      0.03717047656831959,
      0.06910853525892535,
      0.03665179740289081,
      0.03695831972832032,
      0.03347606504679781,
      0.026849295182847413,
      0.25601795017953355,
      0.008961860408121419,
      0.05076811661584698,
      0.09954998099160817,
      0.07997196231321302,
      0.0093936252586079,
      0.05441766524691711,
      0.005697203046867256,
      0.05432510773242508,
      0.02797108048982481,
      0.048161809190410104,
      0.04600559653454755
    ],
    [
      0.008258152490630291,
      0.01717558963154451,
      0.0276103617139409,
      0.0361916999206469,
      0.06313613870386173,
      0.01137130024403837,
      0.04739497530578425,
      0.03514211947160664,
      0.29602656265097366,
      0.043183064153688264,
      0.002505730106899805,
      0.019464121201632746,
      0.08682277404043268,
      0.02396797357966742,
      0.03502170587020776,
      0.055706166464549886,
      0.06739549024880305,
      0.04959052082669479,
      0.07403555337439637
    ],
    [
      0.016312461373548744,
      0.01157880837672396,
      0.013654702928714834,
      0.013425100056747956,
      0.016253567202338292,
      0.07393216240544848,
      0.05524873140991179,
      0.07976637950501173,
      0.0391126303475281,
      0.2775270277985653,
      0.055903733780361405,
      0.05868688796097777,
      0.06600663984352978,
      0.00541713242872677,
      0.09268535033910966,
      0.05359937153274762,
      0.042160855036338596,
      0.023725748088839257,
      0.005002709584829887
    ],
    [
      0.019966788614398878,
      0.01019871851343552,
      0.01771581402035095,
      0.04862348422654446,
      0.009645370830245715,
      0.01872495700889314,
      0.03839625413894374,
      0.0990879379010127,
      0.014435278718582096,
      0.0194891968837814,
      0.4665630405385235,
      0.12232099513520239,
      0.009328046976654982,
      0.05014897502343795,
      0.015556813366985393,
      0.02064612777302588,
      0.009923708344354229,
      0.0020071106168859016,
      0.007221381368741248
    ],
    [
      0.07039717400461004,
      0.00022842474218640548,
      0.04689670412761118,
      0.03455434776178868,
      0.007699218894862561,
      0.00662392956136376,
      0.05351587519046737,
      0.03593920647861249,
      0.016080120511943116,
      0.06531156193424618,
      0.07240828108146008,
      0.3924900407649389,
      0.06949531874761175,
      0.04940201367675618,
      0.031526301325336945,
      0.021556966223586424,
      0.015756836921161536,
      0.005750670302472137,
      0.00436700774898428
    ],
    [
      0.06473927815781638,
      0.03231324880986839,
      0.058257006060826975,
      0.0005308983455057606,
      0.0473693643592977,
      0.025361319681005655,
      0.07610788671494818,
      0.03556212041448137,
      0.11323494447540526,
      0.029810269812861293,
      0.06421220286931033,
      0.035679933970623495,
      0.21447475670678873,
      0.08262599893274136,
      0.043453149429172264,
      0.03757317596446485,
      0.010422882058590358,
      0.02425136909155541,
      0.004020194144736346
    ],
    [
      0.02817358870472421,
      0.006018935402023723,
      0.017126646338562906,
      0.03637706990841678,
      0.008544243183823522,
      0.026093727814535117,
      0.02847960759555119,
      0.03511447779664475,
      0.01952104476116355,
      0.027844913563550167,
      0.012144860387754674,
      0.04392622536583708,
      0.0286659360529341,
      0.6293508132170348,
      0.01928253104442513,
      0.017977750299755405,
      0.00753169830593837,
      0.00475342675701666,
      0.003072503500307706
    ],
    [
      0.04972600305159715,
      0.0025107328645586915,
      0.02073181612522795,
      0.08138359185957773,
      0.0413851373079979,
      0.06564885987089006,
      0.06909503416411131,
      0.05722592962708374,
      0.0333992093060332,
      0.0831041709055976,
      0.030822262260517215,
      0.07663343821178556,
      0.0634137682288763,
      0.07447456108978302,
      0.16325943744572546,
      0.028851261568321178,
      0.010276042525966003,
      0.029902111049128967,
      0.018156632537220965
    ],
    [
      0.024283600342394466,
      0.0666962574656929,
      0.03626260618598546,
      0.03239356700693827,
      0.060657934372559584,
      0.01205537162677785,
      0.03367332764481371,
      0.018943753357606938,
      0.09412932841535655,
      0.050686003231871515,
      0.017620094053232654,
      0.04165781205369168,
      0.08824519914477011,
      0.009785643116188453,
      0.013859044990912372,
      0.19775181978703643,
      0.03734759404195995,
      0.09114824359539819,
      0.07280279956681282
    ],
    [
      0.015080879922534221,
      0.08710501534379587,
      0.01800370524195617,
      0.010074801961964027,
      0.00946755369532441,
      0.0176038050337285,
      0.04390525933620966,
      0.03647956052623129,
      0.05801424043737428,
      0.03435009131661754,
      0.026020531770787968,
      0.016391751646594507,
      0.0162009308370435,
      0.02254607679657301,
      0.025241213703260813,
      0.10298013023340236,
      0.3316026654324178,
      0.008663387947228289,
      0.12026839881695577
    ],
    [
      0.015760625613008315,
      0.015387905689776554,
      0.010185242255665791,
      0.020495920652317794,
      0.1518960066882197,
      0.04249681134615237,
      0.03754652963003273,
      0.01703403645877137,
      0.1423418155671786,
      0.035335894010804406,
      0.015136452127831854,
      0.023055190675149925,
      0.033745207779626384,
      0.00844552413810853,
      0.023971619886359787,
      0.05349891095226249,
      0.11523723890664087,
      0.1596855399198308,
      0.07874352770226159
    ],
    [
      0.005453066856080641,
      0.15017661639550503,
      0.007338889710987845,
      0.0060741505667244455,
      0.09136305081219684,
      0.018834547766791547,
      0.031208757874922017,
      0.0059813922238542636,
      0.02479841198571121,
      0.016644355861963108,
      0.008172437604476671,
      0.018658899142037368,
      0.0009787622117799644,
      0.0007612053102991315,
      0.020049913541713676,
      0.07047444325780312,
      0.11474742699883686,
      0.0979051342569601,
      0.31037853762135603
    ]
  ]
}