{
  "poids_LS": 0.8175,
  "poids_EM": 0.1825,
  "mae_validation": 6.272154667500437,
  "matrice_de_transition": [
    [
      0.308589966394831,
      0.0010711533727366033,
      0.0038819280800751507,
      0.034448785603699905,
      0.0025046323616833154,
      0.015248081570963933,
      0.13166996780144843,
      0.075470243609242,
      0.07973885901116894,
      0.0634100697927007,
      0.0061445755297008355,
      0.13998649689356918,
      0.009051878880362354,
      0.014714693665771057,
      0.002756097909861858,
      0.03987162445826932,
      0.06533720126375012,
      0.0023178500709103806,
      0.0037858937292549375
    ],
    [
      0.002614339123627956,
      0.6297008779556548,
      0.0008969832180970434,
      0.004753863213305814,
      0.015675676453185426,
      0.0031158492950018072,
      0.05388751628896853,
      0.009174951898081055,
      0.056393299860065846,
      0.014871430997417515,
      0.0010399024186232176,
      0.03727291576983901,
      0.007273164455178658,
      6.600700730837979e-05,
      0.02962695704372029,
      0.04698531176972043,
      0.05447599086107795,
      0.00826271494568704,
      0.023912247425439383
    ],
    [
      0.008442024861281696,
      0.007202477366386817,
      0.4528240707222468,
      0.01422297626320881,
      0.03176179038991016,
      0.009526348730516724,
      0.07461818604487479,
      0.17482384159460426,
      0.019593047927284755,
      0.01471483595973579,
      0.002514405709158955,
      0.07838937687046185,
      0.0081646657741589,
      0.012235152412365691,
      0.007472846102605422,
      0.022540624357607023,
      0.05879896236318404,
      0.0003172748257984319,
      0.001837091724609044
    ],
    [
      0.008252212988962025,
      0.006316029266471845,
      0.009323310679934672,
      0.2552405441139389,
      0.004523496058605563,
      0.011617720509208751,
      0.11863723319269916,
      0.08055572737079532,
      0.10075935531604417,
      0.09231138340665009,
      0.011947546364093484,
      0.11621742280073974,
      0.04378367646737555,
      0.013874544886609858,
      0.03235391226396671,
      0.05987986759799828,
      0.021161727082890824,
      0.007996557273994516,
      0.0052477323590206125
    ],
    [
      0.0026063416476576244,
      0.0202953334347825,
      0.0038209773528036367,
      0.009988494529431223,
      0.4920447873128582,
      0.006089408701196044,
      0.09398879413772787,
      0.03999542965921248,
      0.08766768184118832,
      0.042258505759302456,
      0.0009494651908408696,
      0.040130088314536606,
      0.005649665644771174,
      0.0012045261696708924,
      0.00016580257387530098,
      0.003973339203806064,
      0.029845436420728656,
      0.05521136507476318,
      0.06411455703084702
    ],
    [
      0.006815145762165732,
      0.0027995855676055527,
      0.012406535245427962,
      0.0052960155730623236,
      0.0048056958295827545,
      0.4951796621140009,
      0.06288320103663478,
      0.00775710932698283,
      0.03900214948677112,
      0.06578420905014452,
      0.005910357055724143,
      0.0877071908907464,
      0.012557599173860127,
      0.016501261051323,
      0.033566004837348444,
      0.04219245329916227,
      0.05649936954078061,
      0.02624816079307897,
      0.016088294365597586
    ],
    [
      0.006179139800582696,
      0.002921429455878333,
      0.015605731595078949,
      0.0027450861301941635,
      0.016599234542195643,
      0.013181721101180627,
      0.4631194200837491,
      0.03325076767553497,
      0.040595071056020164,
      0.06913395512911791,
      0.022573450608587363,
      0.08552031096199295,
      0.07201834335332367,
      0.004121507288249941,
      0.03116980152345087,
      0.0768967126877155,
      0.029114772646426493,
      0.009721240028774218,
      0.0055323043319464305
    ],
    [
      0.0042039731512118865,
      0.0084268471723209,
      0.015667462962427176,
      0.009628303475733489,
      0.008378749503625415,
      0.007589294249739876,
      0.012007447053181141,
      0.6672946294680654,
      0.0028295376816665344,
      0.031375415413941676,
      0.022568784510519867,
      0.0469835784587416,
      0.015686882391931063,
      0.016438510190816224,
      0.017485636524204727,
      0.0325460010880286,
      0.044864480578555105,
      0.010918671027639559,
      0.025105795097649642
    ],
    [
      0.0018721898503602835,
      0.003893844854356364,
      0.0062594919413592725,
      0.008204950603128024,
      0.014313472439074245,
      0.0025779655832757794,
      0.10742065815472975,
      0.040481672827065426,
      0.48760303483408834,
      0.07832835287605285,
      0.0005680692478375334,
      0.06629367633568589,
      0.05449941022332136,
      0.005433733140732055,
      0.007939703504736544,
      0.04357667928778837,
      0.0351066008282543,
      0.01124257149176621,
      0.024383921976387446
    ],
    [
      0.00924337154722848,
      0.002625009352487109,
      0.0030956314093049156,
      0.015980374151854045,
      0.003684814924753712,
      0.016761018185086147,
      0.08122149646404873,
      0.04951058679318045,
      0.017926313638501036,
      0.5401025238254207,
      0.012673827844616096,
      0.06251050448995868,
      0.01884301978929381,
      0.0063571053148074,
      0.021012517312903746,
      0.038051568502774274,
      0.09388734313024691,
      0.005378818666103309,
      0.001134154657430378
    ],
    [
      0.022093392672131434,
      0.002312131836896873,
      0.004016318085359067,
      0.024066673397987067,
      0.029548309873526888,
      0.004245098949221116,
      0.03890469104021266,
      0.12413771603291446,
      0.003272594243653705,
      0.004418358299739262,
      0.5550768067090456,
      0.0945119570495341,
      0.0021147435692416574,
      0.011369177567425375,
      0.0035268552043165647,
      0.053288549201223556,
      0.021004452618655297,
      0.00045502818333127584,
      0.0016371454655841962
    ],
    [
      0.015959607771231468,
      5.178573347704224e-05,
      0.010631861494768996,
      0.007833749647858924,
      0.0017454750910713258,
      0.0015016983167066911,
      0.06614820785709229,
      0.07851092311474851,
      0.06192141683255239,
      0.07444991957850083,
      0.016415541984306167,
      0.522087240361772,
      0.04532020066613691,
      0.011199835398767706,
      0.007147267070650923,
      0.026553453990344512,
      0.04552559787888132,
      0.006006181292884194,
      0.000990035918247989
    ],
    [
      0.01467691709789005,
      0.007325674419628549,
      0.01320733367217506,
      0.000120358941682983,
      0.010739017385803518,
      0.005749615952526127,
      0.0860752652920813,
      0.05915408571054918,
      0.08776380477438547,
      0.05744676654044519,
      0.014557424874098304,
      0.06288652421383312,
      0.51879063561768,
      0.018731981124503475,
      0.009851179839532842,
      0.020241610689795186,
      0.00472710824988898,
      0.007043285129694142,
      0.0009114104738066872
    ],
    [
      0.006387180047965426,
      0.0013645412557382974,
      0.0038827490146431435,
      0.008380188094853207,
      0.00775885088183206,
      0.014004599058762418,
      0.06226047573891472,
      0.03522884014700683,
      0.02394507003410478,
      0.02322506796813635,
      0.002753337913994072,
      0.04744136196148137,
      0.006498799167280091,
      0.6834362246518247,
      0.019242989082891192,
      0.03246930478408058,
      0.01994621861641395,
      0.0010776402275224106,
      0.0006965613525542315
    ],
    [
      0.01127328640610743,
      0.0005692034133937407,
      0.004700070115346709,
      0.01845031740915893,
      0.009382344793428097,
      0.014883126616692468,
      0.14014944531320997,
      0.07211412994442287,
      0.059422112542825534,
      0.10365385350176691,
      0.00698765572986881,
      0.12526231072334618,
      0.03603218721275511,
      0.016883984346441495,
      0.3033697858535837,
      0.05268107413473493,
      0.013289806719924847,
      0.006779050020454704,
      0.0041162552025376725
    ],
    [
      0.005505288276381354,
      0.015120580108681931,
      0.008221025626015337,
      0.007343883203436315,
      0.02094586650808901,
      0.0027330500893005686,
      0.05345066661305249,
      0.03928371633950919,
      0.07573522321680098,
      0.06257675296921726,
      0.003994617595919204,
      0.08845261754351644,
      0.10255646049672716,
      0.002218484308949556,
      0.004040194234896987,
      0.44706924734850123,
      0.015144154470257356,
      0.02066404280268344,
      0.024944128248064176
    ],
    [
      0.003418957249518628,
      0.047804841538978925,
      0.0040815853498844725,
      0.00544527841316388,
      0.002146370868815782,
      0.003990924743671368,
      0.05981370229295154,
      0.06803967148581413,
      0.026636220722383006,
      0.0077874430624629825,
      0.005899064656110315,
      0.04284498202527378,
      0.02723829883064702,
      0.013694398250389518,
      0.005722386957571551,
      0.06710429933558602,
      0.5232297095245476,
      0.0019640600004585873,
      0.08313780469177104
    ],
    [
      0.0035730610861789036,
      0.0034885624700425107,
      0.002309076660445971,
      0.0046465907068919225,
      0.034436051205714406,
      0.009634370274127712,
      0.09140623531350152,
      0.00923603504017343,
      0.08263018701030844,
      0.058335488940309155,
      0.0034315559171792715,
      0.05293321150036442,
      0.007650311080474305,
      0.0019146685157823687,
      0.006348506882735833,
      0.0412265512288635,
      0.0516944562018031,
      0.4657989736426516,
      0.06930610632245157
    ],
    [
      0.0012362542872480958,
      0.03939528722493992,
      0.0016637855555966235,
      0.0013770589794126849,
      0.020712741333199905,
      0.004269944058931004,
      0.07380512610617063,
      0.016125531989647317,
      0.03840135736921896,
      0.027932584355377984,
      0.0018527575935614814,
      0.046761441223235736,
      0.00022189329645943293,
      0.00017257139022309505,
      0.02216822357919731,
      0.030120125145640705,
      0.08405118524682767,
      0.03097438399633581,
      0.5587577472687756
    ]
  ]
}