{
  "poids_LS": 0.4425,
  "poids_EM": 0.5575,
  "mae_validation": 7.2729075198895785,
  "matrice_de_transition": [
    [
      0.22947795452443676,
      0.0032721534537022263,
      0.011858492628174774,
      0.06754023567818737,
      0.007651137214457251,
      0.046579756031848725,
      0.08984849017806712,
      0.054342488119451846,
      0.06150891960519491,
      0.05286087455249192,
      0.0187704156592231,
      0.16726298767753647,
      0.027651630004394585,
      0.04495036558173898,
      0.008419312793139648,
      0.04387290420927127,
      0.045486198973109626,
      0.007080555696068698,
      0.011565127419504809
    ],
    [
      0.007986268829712798,
      0.5170790538732852,
      0.002740099419666311,
      0.014522075295441049,
      0.04788597053507329,
      0.009518279353224699,
      0.03885339760046713,
      0.020906005165981015,
      0.058505183390735654,
      0.013388646880118978,
      0.0031766882103147604,
      0.021540445466235642,
      0.012590856014420265,
      0.00020163784424340677,
      0.02895586868735133,
      0.0627511345029157,
      0.07809202924881214,
      0.012600493582182294,
      0.04870586609981839
    ],
    [
      0.025788651288572856,
      0.022002088393209045,
      0.3259053998610172,
      0.020082762531463096,
      0.024044853754818397,
      0.01730021634513872,
      0.0589054369657102,
      0.17035401771472322,
      0.011676860409525425,
      0.032203311404476624,
      0.007680992782773246,
      0.10285526223503774,
      0.024941376269005958,
      0.03737587654736369,
      0.022828009327137112,
      0.026636773653614675,
      0.06283696338297616,
      0.0009692093993568535,
      0.005611937734079683
    ],
    [
      0.025208815021075776,
      0.01929417159483865,
      0.028480798378430573,
      0.1787952709826638,
      0.013818350973548502,
      0.03548974895278838,
      0.07777889383162782,
      0.04527872199119127,
      0.07298598764009513,
      0.07714771829862448,
      0.0364972991670253,
      0.08937365979985931,
      0.059799886064127214,
      0.042383883694712306,
      0.0709246702346967,
      0.05844617466565796,
      0.027837365309552376,
      0.02442783934384626,
      0.01603074405563831
    ],
    [
      0.007961838183940416,
      0.06199807336926709,
      0.011672300680482342,
      0.03051279835702963,
      0.3726209944866647,
      0.018601892333790657,
      0.06578680903138551,
      0.032305422826447924,
      0.1022714975522134,
      0.025868932231411474,
      0.0029004210624316976,
      0.02400341598187433,
      0.017258567654574956,
      0.003679579942967247,
      0.0005064927941670153,
      0.012137734828065102,
      0.03780851035972799,
      0.07587989898781322,
      0.09622481933574538
    ],
    [
      0.02081886993099943,
      0.00855215865172655,
      0.0378994158867183,
      0.016178239353327375,
      0.01468041328762951,
      0.3249661498442296,
      0.035268557728916204,
      0.015454354779896142,
      0.03993644661959851,
      0.05792903455148646,
      0.018054926348308,
      0.0863327862209168,
      0.03836088514754532,
      0.050407961841712735,
      0.05181030819768635,
      0.056800637790865145,
      0.05765859902172697,
      0.05346471976977033,
      0.015425535026940268
    ],
    [
      0.018876002404519743,
      0.008924366693984496,
      0.04767230336578912,
      0.008385674068949295,
      0.023676851044894573,
      0.040267449391277806,
      0.253644936132071,
      0.044696794207307725,
      0.05721175389027287,
      0.0388654437282391,
      0.05613376754613966,
      0.06314437693924768,
      0.08224003717848666,
      0.012590357880544342,
      0.06483784753096968,
      0.09125814761350247,
      0.0409774466517393,
      0.029696390772830834,
      0.016900052959233615
    ],
    [
      0.01284227414685275,
      0.025742286567500834,
      0.047860880008510416,
      0.02590751668486441,
      0.025595358072718732,
      0.023183734488931403,
      0.020948319420449984,
      0.4195375937520823,
      0.006523707998808032,
      0.043057765535571384,
      0.06894299925816343,
      0.06685609885300149,
      0.01189576363691711,
      0.03931751926075652,
      0.010384170574001431,
      0.04566594484971323,
      0.034687733537151315,
      0.033354296426898924,
      0.03769603692710621
    ],
    [
      0.005719155296306072,
      0.011894895924951633,
      0.01912146168387833,
      0.025064438143802048,
      0.043724717176898034,
      0.007875155137952039,
      0.07126060824572643,
      0.03726507442016255,
      0.37219552147076623,
      0.057156492199929604,
      0.0017353348255858899,
      0.03808310095372616,
      0.07397131613724384,
      0.016598938224428057,
      0.024254162761044508,
      0.050883599273789284,
      0.05455773903340415,
      0.034343745789915954,
      0.054294543300489204
    ],
    [
      0.013501859394409364,
      0.008018864186364731,
      0.00945651786678077,
      0.014441052407814233,
      0.01125635244137093,
      0.05120146651060563,
      0.0655752524555325,
      0.06773696794488604,
      0.03068915502948119,
      0.38192451417068857,
      0.038715939854101225,
      0.06020712103876536,
      0.04725483909907452,
      0.005790856588252804,
      0.0641889227503772,
      0.04741771490637267,
      0.06272680813391661,
      0.0164311857882334,
      0.003464609432972251
    ],
    [
      0.020812305890364837,
      0.007063087666137023,
      0.012269026479932492,
      0.038859932933262606,
      0.017558587558297267,
      0.012967905009264504,
      0.038598403750291624,
      0.10904748824261219,
      0.009997102963490085,
      0.013497176723861031,
      0.5017552608231889,
      0.11126438963126199,
      0.006460107067683419,
      0.03473050133610765,
      0.010773817952912245,
      0.03362443990712857,
      0.014329305465461881,
      0.0013900176011352673,
      0.0050011429976065174
    ],
    [
      0.0487533223696523,
      0.00015819477486822493,
      0.03247815223744501,
      0.02393049549962384,
      0.005332067743957612,
      0.004587379789391673,
      0.058538368901294144,
      0.05286531068334127,
      0.034306178085197404,
      0.06894488485304623,
      0.05014610770548322,
      0.44401663819500503,
      0.05988352481160369,
      0.0342131958071945,
      0.021833432284317205,
      0.02354352160073121,
      0.027592609350134464,
      0.0058522590095034365,
      0.00302435629820961
    ],
    [
      0.044834965929170974,
      0.02237843007639954,
      0.040345690532808745,
      0.00036767183555212616,
      0.032805491466221706,
      0.017563895307031868,
      0.0800708203660975,
      0.04494205842376134,
      0.10310786483524077,
      0.040798274535876575,
      0.04446994173868386,
      0.04649701201912853,
      0.3354678169966612,
      0.05722235329814076,
      0.030093330194737315,
      0.030682312662487755,
      0.008158297291275353,
      0.017409600769369607,
      0.0027841717213546746
    ],
    [
      0.019511522612277947,
      0.004168393151090964,
      0.011861000414594808,
      0.025245779548807166,
      0.008231978774598001,
      0.02128720674296284,
      0.041910555170623434,
      0.035159947164861,
      0.021279994568477532,
      0.02600810748344588,
      0.008410881572886001,
      0.04532380979543059,
      0.019852496086348773,
      0.6508546514983369,
      0.019266809541646578,
      0.02373945268508951,
      0.01246759192335637,
      0.003291969462157501,
      0.002127851803008132
    ],
    [
      0.03443757354194461,
      0.001738799468312386,
      0.014357748434552276,
      0.05636192852386906,
      0.02866113546485569,
      0.045464893637293426,
      0.09734558317519873,
      0.06314533457253182,
      0.043745664809818105,
      0.09127452663660468,
      0.021345852435078694,
      0.09596780921035786,
      0.05252711553571968,
      0.05157710286652676,
      0.21896596151150044,
      0.038325765359786886,
      0.011474286121154458,
      0.020708604857005465,
      0.012574313837889053
    ],
    [
      0.016817524460726603,
      0.046190265263507814,
      0.025113544035635895,
      0.02243405416940135,
      0.044868798956565266,
      0.00834890643717845,
      0.04153660699363154,
      0.0270307265913753,
      0.08681600948099108,
      0.05541365071780416,
      0.012202735943698393,
      0.060262975682176215,
      0.0939352187184398,
      0.0067770137109006996,
      0.009955164569846015,
      0.2968780259259321,
      0.028519720477307112,
      0.06312440472600558,
      0.05377465313887661
    ],
    [
      0.01044421187181718,
      0.0714796450358566,
      0.012468404561975855,
      0.008234148020874812,
      0.006556721969122185,
      0.012191455038886509,
      0.050230302921420285,
      0.04902755644992086,
      0.04553864223743799,
      0.02378903839629103,
      0.01802043038784384,
      0.02690930107426217,
      0.020589281967030443,
      0.019026734723994035,
      0.017480716322444603,
      0.08871624565957177,
      0.4077917311557947,
      0.005999799727428288,
      0.1055056324780269
    ],
    [
      0.010914967427642405,
      0.010656841518075067,
      0.007053754729855501,
      0.014194379830642447,
      0.10519506053252482,
      0.02943102152233534,
      0.05896062948008658,
      0.013933626256196286,
      0.11860104758673624,
      0.044480311271932804,
      0.010482698212753118,
      0.03493440377433159,
      0.023370128369120138,
      0.005848918890677647,
      0.016964840017449058,
      0.04861953901404362,
      0.08997324096375357,
      0.2813932906770969,
      0.07499129992474676
    ],
    [
      0.003776502822689388,
      0.10613102768913577,
      0.005082522998603384,
      0.004206632224781215,
      0.06327316873018601,
      0.013043801714268681,
      0.048144663316261826,
      0.010014604419892466,
      0.0302068119574673,
      0.02113244670874252,
      0.005659793744715211,
      0.029832199005646355,
      0.0006778384261705965,
      0.000527170137256852,
      0.020892133195171025,
      0.05442995533369037,
      0.10254289714562839,
      0.07129411306900105,
      0.40913171736069154
    ]
  ]
}