{
  "poids_LS": 0.445,
  "poids_EM": 0.5549999999999999,
  "mae_validation": 7.26610970009733,
  "matrice_de_transition": [
    [
      0.230005367936906,
      0.003257480119829122,
      0.011805315531187443,
      0.06731962601102412,
      0.007616827182105424,
      0.04637087820210949,
      0.09012730002888965,
      0.054483339822717115,
      0.061630452534568066,
      0.05293120252075997,
      0.01868624339169295,
      0.16708114440564337,
      0.0275276316635677,
      0.044748794435632525,
      0.00838155802725113,
      0.043846229010931256,
      0.045618538988380565,
      0.007048804325234308,
      0.011513265861569809
    ],
    [
      0.007950455965005565,
      0.5178298660338343,
      0.0027278119783225156,
      0.014456953881560146,
      0.04767123524119403,
      0.009475596486169878,
      0.03895362505839048,
      0.020827798144195015,
      0.05849110416719785,
      0.013398532107567637,
      0.003162442971703483,
      0.021645328601592996,
      0.012555404737358652,
      0.00020073363866383992,
      0.02896034260972712,
      0.06264602901802771,
      0.07793458899289392,
      0.012571575057938992,
      0.04854057530865586
    ],
    [
      0.02567300711239091,
      0.021903424319696895,
      0.32675152433342536,
      0.02004369728967473,
      0.024096299999052342,
      0.017248390561041237,
      0.05901018862623796,
      0.1703838165405891,
      0.011729634992977155,
      0.03208672156817835,
      0.00764654886894915,
      0.10269215633260724,
      0.02482953153237364,
      0.03720827171979703,
      0.022725641572306898,
      0.02660946599164129,
      0.06281004337617754,
      0.0009648631688664639,
      0.005586772094016545
    ],
    [
      0.025095771007528345,
      0.01920765064598287,
      0.02835308179377393,
      0.17930490613687228,
      0.013756385274115547,
      0.03533060209649785,
      0.07805128276070163,
      0.0455139020270553,
      0.07317114342460146,
      0.07724880939934464,
      0.03633363414833909,
      0.08955261821986517,
      0.0596931113334822,
      0.04219382143599162,
      0.07066753184822518,
      0.058455732618540215,
      0.027792861054707966,
      0.02431829746338058,
      0.01595885731099419
    ],
    [
      0.00792613487369853,
      0.061720055103037186,
      0.011619958524964483,
      0.030375969664845636,
      0.37341715310550594,
      0.018518475776240023,
      0.0659748222654278,
      0.03235668953866635,
      0.10217413878080657,
      0.025978196054930746,
      0.002887414689954425,
      0.02411092713075874,
      0.017181174974509595,
      0.003663079584478604,
      0.0005042215260317372,
      0.012083305523903373,
      0.03775542320013465,
      0.07574210876172621,
      0.09601075092037936
    ],
    [
      0.02072551176987387,
      0.008513808164499077,
      0.03772946334910969,
      0.01610569119479227,
      0.014614581837909198,
      0.3261009065926947,
      0.035452655350967664,
      0.015403039810210052,
      0.03993021797204632,
      0.05798140238147751,
      0.017973962553024105,
      0.08634194891871566,
      0.03818886324105408,
      0.050181917169776796,
      0.05168867950861743,
      0.056703249894253786,
      0.05765087082518733,
      0.05328327604325905,
      0.015429953422531315
    ],
    [
      0.018791356653826828,
      0.008884347112397122,
      0.04745852622065105,
      0.008348070149357593,
      0.02362966693487658,
      0.040086877869343826,
      0.25504143269174884,
      0.04462048736376257,
      0.05710097600471119,
      0.03906723380424496,
      0.055910032099889304,
      0.06329354983273267,
      0.08217189255298557,
      0.01253389887659571,
      0.06461339389091955,
      0.09116240471399721,
      0.040898362158370546,
      0.029563223101203785,
      0.016824267968385032
    ],
    [
      0.012784685473548475,
      0.0256268503048663,
      0.04764625722820319,
      0.025798988596803536,
      0.025480580682258107,
      0.023079771554003457,
      0.020888713604668187,
      0.4211893073235222,
      0.006499080196693755,
      0.04297988320142718,
      0.06863383782651246,
      0.06672361538370641,
      0.011921037761950536,
      0.03916499253362358,
      0.010431513680336119,
      0.04557847855796866,
      0.03475557851742734,
      0.03320472559090386,
      0.037612101981576496
    ],
    [
      0.005693508859999766,
      0.011841555584480997,
      0.019035715218928197,
      0.024952041560197553,
      0.043528642211979204,
      0.007839840540920863,
      0.07150167524511979,
      0.037286518409541905,
      0.37296490489318834,
      0.05729763793777043,
      0.0017275530550675674,
      0.03827117145627257,
      0.07384150343115102,
      0.016524503523870082,
      0.024145399699335785,
      0.0508348864738826,
      0.054428064778703156,
      0.034189737961261624,
      0.054095139158328524
    ],
    [
      0.013473469475428157,
      0.007982905154138879,
      0.009414111957064264,
      0.014451314552774496,
      0.01120587552459348,
      0.05097186352176883,
      0.06567956074892262,
      0.067615458737208,
      0.030604069420207988,
      0.3829790342350534,
      0.03854232577403799,
      0.06022247692843999,
      0.04706542697034265,
      0.005794631579763168,
      0.0639010800474607,
      0.04735527393034868,
      0.06293454503389215,
      0.01635750334075253,
      0.0034490730678019715
    ],
    [
      0.020820846468909946,
      0.007031414627275421,
      0.012214008423968668,
      0.03876131120302743,
      0.017638519040398797,
      0.012909752968864213,
      0.038600445665557766,
      0.1091480897612142,
      0.009952272905357842,
      0.013436651267700219,
      0.5021107377957612,
      0.11115270674738378,
      0.006431137977693807,
      0.034574759177649766,
      0.010725504867921606,
      0.0337555339690892,
      0.01437380644648317,
      0.0013837843383499072,
      0.004978716347393035
    ],
    [
      0.04853469760566282,
      0.00015748538125895037,
      0.032332510299160504,
      0.02382318386061207,
      0.005308157126271703,
      0.004566808579573772,
      0.05858910116099946,
      0.05303628143288398,
      0.03449027967684644,
      0.06898158508454925,
      0.04992123726734204,
      0.4445371088761168,
      0.05978643598396724,
      0.03405977340447165,
      0.021735524516226092,
      0.023563587816661964,
      0.027712162606992777,
      0.0058532851580593084,
      0.003010794162343199
    ],
    [
      0.04463391227029576,
      0.022278078372021063,
      0.04016476815373785,
      0.00036602308292633186,
      0.032658381639018914,
      0.017485133444668493,
      0.08011084999893739,
      0.04503680527233993,
      0.10300557110150173,
      0.040909264482573704,
      0.04427052495958662,
      0.04660627543375989,
      0.3366899691208013,
      0.05696575081698317,
      0.029958382525702616,
      0.030612707982669803,
      0.008135422697666109,
      0.017340491998438436,
      0.002771686646371021
    ],
    [
      0.019424026995182527,
      0.004149700805121945,
      0.011807812071928462,
      0.025133342272447467,
      0.008228824588646228,
      0.021238656025068168,
      0.04204622130774538,
      0.03516040645140863,
      0.021297761738248377,
      0.025989553886677147,
      0.008373164615160054,
      0.045337926809870935,
      0.019763471440221645,
      0.6510718619860267,
      0.019266650738588208,
      0.023797651699082784,
      0.012517449434643422,
      0.0032772072672599332,
      0.0021183098666717726
    ],
    [
      0.03428314496103903,
      0.0017310021612795946,
      0.014293363912424237,
      0.056109184449770984,
      0.028532610193712837,
      0.04526101519048942,
      0.09763094225611882,
      0.06320512654167776,
      0.04385017446137149,
      0.09135705548237241,
      0.021250131123710627,
      0.0961631058871111,
      0.052417149346899915,
      0.051345815409726187,
      0.219528653673781,
      0.038421467418286545,
      0.011486389591812928,
      0.020615741158095127,
      0.012517926780320043
    ],
    [
      0.016742109552830967,
      0.04598313402914231,
      0.02500092724623842,
      0.022333453029628247,
      0.044709312740242084,
      0.008311467394859263,
      0.041616034057761014,
      0.02711241318969619,
      0.08674213757256315,
      0.05546140473281358,
      0.012148015154713197,
      0.06045090662791848,
      0.09399269366362836,
      0.006746623514887692,
      0.00991573143427969,
      0.2978793007354159,
      0.028430550037260114,
      0.06284133564651677,
      0.05358244963960452
    ],
    [
      0.010397376841001853,
      0.07132181301254409,
      0.012412492433895245,
      0.008215555556823406,
      0.006527319628453474,
      0.012136784836918407,
      0.05029419225056382,
      0.04915430388349347,
      0.04541262609400429,
      0.023682361094065504,
      0.017939621282965616,
      0.027015538947268918,
      0.020633608746121218,
      0.018991185814170003,
      0.017402327460012114,
      0.08857216601741186,
      0.408561317678253,
      0.005972894795915155,
      0.10535651362611852
    ],
    [
      0.01086602138536598,
      0.010609052991088183,
      0.0070221235427261035,
      0.014130727903150776,
      0.10472333380367942,
      0.029299043847347286,
      0.059176933518976016,
      0.0139023089814228,
      0.11836124184956005,
      0.044572679123055306,
      0.01043569059744929,
      0.035054395825838476,
      0.02326532958719583,
      0.005822690554845011,
      0.016894064463217638,
      0.04857025242880907,
      0.08971804906534056,
      0.28262266189686724,
      0.07495339863406479
    ],
    [
      0.0037595678324531126,
      0.10568612275270779,
      0.005059731415650005,
      0.004187768403145425,
      0.06298943254753944,
      0.012985309329899762,
      0.04831573306819455,
      0.010055343937024164,
      0.03026144226021231,
      0.021177780959720085,
      0.005634413503707519,
      0.029945060620430286,
      0.000674798791972522,
      0.0005248061456099602,
      0.020900640464397865,
      0.05426788979910336,
      0.10241961906630306,
      0.07102531487518327,
      0.41012922422674536
    ]
  ]
}