{
  "poids_LS": 0.6475,
  "poids_EM": 0.35250000000000004,
  "mae_validation": 6.720527525640056,
  "matrice_de_transition": [
    [
      0.27272585434691893,
      0.002068940076107686,
      0.007497970675213648,
      0.0494502429708009,
      0.0048377145616075,
      0.02945177399323171,
      0.11271089794551555,
      0.06589232778720379,
      0.07147461981379405,
      0.05862776795047272,
      0.01186828972175093,
      0.152351839382301,
      0.0174837660565903,
      0.028421531601009853,
      0.005323421990281124,
      0.041685537945390205,
      0.05633808022532642,
      0.0044769432876488185,
      0.00731247966883488
    ],
    [
      0.005049613923719751,
      0.5786456510383139,
      0.0017325292294751115,
      0.00918211935720712,
      0.030277676436974595,
      0.006018284254729518,
      0.047072049150181226,
      0.014493029379529038,
      0.05735068706063616,
      0.014199235530908846,
      0.0020085786441900503,
      0.030140862565538815,
      0.009683851295368187,
      0.0001274929867189254,
      0.02932273032216636,
      0.054132484742102284,
      0.06518192826351746,
      0.010229174594231555,
      0.0351520212244912
    ],
    [
      0.01630582884165369,
      0.013911634365212895,
      0.3952876065984893,
      0.01687941270481742,
      0.028263445782001892,
      0.013050502049145363,
      0.06749507312898684,
      0.17279752143572488,
      0.016004376252567194,
      0.022642944828018305,
      0.004856591849197434,
      0.08948057823573627,
      0.015770107865156233,
      0.02363228068689812,
      0.01443385343105979,
      0.024397545371797162,
      0.06062952282548981,
      0.0006128184991449165,
      0.003548355248902401
    ],
    [
      0.015939205910186927,
      0.012199453788664799,
      0.01800803843658615,
      0.22058535362776086,
      0.008737163620046362,
      0.022439706736964854,
      0.10011478601568015,
      0.06456348493204148,
      0.08816876196961394,
      0.08543718855767847,
      0.023076767634755913,
      0.1040482502403406,
      0.051044358151236306,
      0.026798778479616304,
      0.049839322544030985,
      0.059229926802004,
      0.024188016412310727,
      0.01544540514566064,
      0.010136030994820636
    ],
    [
      0.0050341667441058235,
      0.03920057553841552,
      0.007380243928017984,
      0.0192928455979425,
      0.43790600123165047,
      0.011761734614638936,
      0.08120389422285267,
      0.03650929322835921,
      0.09428807829685304,
      0.034828565759991874,
      0.0018338985192953784,
      0.03281933019039637,
      0.010912367889215556,
      0.0023265505468985734,
      0.0003202488070742115,
      0.007674531886803495,
      0.03345536327307502,
      0.0645811004486792,
      0.07867120927573427
    ],
    [
      0.013163500718703676,
      0.005407418699073739,
      0.023963307802812917,
      0.010229290353449147,
      0.009282234410563951,
      0.41801620321837124,
      0.05036456273713569,
      0.011246527265636866,
      0.03942569752031953,
      0.06222319661075286,
      0.011415895135028825,
      0.08708412744042364,
      0.024255088815264083,
      0.03187229874296635,
      0.04183675569403497,
      0.04881483026873424,
      0.05702488690547629,
      0.03858633419584572,
      0.01578784346540627
    ],
    [
      0.011935050847700825,
      0.005642761003819794,
      0.030142577464467565,
      0.005302152662429824,
      0.01980775402341916,
      0.025460584592691352,
      0.36815765402565503,
      0.03843963303660529,
      0.04812796727421473,
      0.05541222996071951,
      0.03778746095361108,
      0.0753765542050151,
      0.07665217788739756,
      0.007960719556756738,
      0.0464326490468594,
      0.08340722985407226,
      0.034492518195501636,
      0.01877664169941322,
      0.010685683709649956
    ],
    [
      0.008120002935902412,
      0.01627651303146914,
      0.030261812023318246,
      0.01700821346387284,
      0.01618361205494772,
      0.014658773824840036,
      0.016060642526343018,
      0.554978106610153,
      0.004504228225437347,
      0.03667141413574715,
      0.043591761862784954,
      0.05599245437080608,
      0.013968241889658072,
      0.026810327635855828,
      0.0142663052934459,
      0.038493708926658966,
      0.040251021919785385,
      0.021089487875303806,
      0.030813371393669957
    ],
    [
      0.0036161475191890413,
      0.007520988006359554,
      0.012090251557967911,
      0.015847918288233582,
      0.027646570053554365,
      0.004979358181395685,
      0.09102810219598158,
      0.03902348154926946,
      0.4352849621093823,
      0.06873044270287697,
      0.001097229643083455,
      0.05350488216253081,
      0.06332667423763289,
      0.010495292778674243,
      0.015335591700929489,
      0.046889149681442116,
      0.043924450147922234,
      0.021715103840260763,
      0.037943403643313584
    ],
    [
      0.01117388603795048,
      0.005070223543844965,
      0.005979233270027304,
      0.015282548294555996,
      0.007117245265620185,
      0.03237402142598832,
      0.07412853251352138,
      0.05777321291528698,
      0.02371213506907871,
      0.46839515944860877,
      0.024479585288916025,
      0.06146630399208438,
      0.03172304454306107,
      0.006100405892102649,
      0.040585821111225044,
      0.04229755487240555,
      0.07976123393191051,
      0.010389225094802284,
      0.002190627489009361
    ],
    [
      0.02151263333106391,
      0.004465898479485741,
      0.00775754589089902,
      0.030772951053978648,
      0.024112969090622792,
      0.008199437696440786,
      0.03876584080211513,
      0.11729681276797743,
      0.006321038196646198,
      0.008534089318674465,
      0.5309043725741238,
      0.10210639315325074,
      0.0040846416885352566,
      0.021959644342561344,
      0.0068121449836799405,
      0.0443741529879005,
      0.017978385909207615,
      0.0008788900527357521,
      0.003162157680100982
    ],
    [
      0.03082609172251558,
      0.00010002449890771174,
      0.02053551329811546,
      0.015130941100659021,
      0.0033713970937131093,
      0.002900540584323883,
      0.06269841419713046,
      0.0668849121458439,
      0.04940250860041812,
      0.07195430383629475,
      0.031706731777906436,
      0.486695234046171,
      0.051922240945415185,
      0.021632558783921188,
      0.013804995300846305,
      0.025188951307053148,
      0.037395976412516074,
      0.005936403191084917,
      0.001912261157163924
    ],
    [
      0.028348565901404072,
      0.014149590317364734,
      0.025510055448995667,
      0.0002324741202369946,
      0.020742485635593097,
      0.011105422593235397,
      0.08335325025896864,
      0.05271130000720536,
      0.09471977866863987,
      0.04989945016504075,
      0.028117765852710426,
      0.05545661201890037,
      0.43568429117615143,
      0.03618094984321905,
      0.019027621333892207,
      0.02497472891741582,
      0.006282580615317468,
      0.011742681553013688,
      0.0017603955726951085
    ],
    [
      0.01233688201045377,
      0.0026356207816315065,
      0.0074995563159545656,
      0.016025922887312336,
      0.007973335526552619,
      0.01730604787559994,
      0.053035178414622665,
      0.03519760866176738,
      0.022736902489687093,
      0.024486712548410006,
      0.005318091039358415,
      0.04648140497953835,
      0.012552475103924562,
      0.6686659114889103,
      0.0192537876908603,
      0.02851177183253796,
      0.016555907848894512,
      0.002081469480556985,
      0.0013454130234266666
    ],
    [
      0.021774429907686955,
      0.0010994202916235266,
      0.009078217620053234,
      0.035636914447827524,
      0.01812206323114194,
      0.028746860999364906,
      0.12074502781064488,
      0.06804827604249893,
      0.0523154562371955,
      0.09804189198956002,
      0.013496704902897293,
      0.1119821367041248,
      0.04350988805249906,
      0.03261153140888015,
      0.26510671881850595,
      0.046173334156758485,
      0.012466770715148939,
      0.013093781546357718,
      0.0079505751172303
    ],
    [
      0.010633502013284534,
      0.029205504045536335,
      0.015878967305043325,
      0.014184760708007131,
      0.031790929218064916,
      0.005278904967005209,
      0.04804962625224832,
      0.033729027653688494,
      0.0807585129899005,
      0.05932947994857665,
      0.007715631246912437,
      0.0756733132330422,
      0.09864816422390356,
      0.004285017637834075,
      0.006721647453407214,
      0.3789825603036032,
      0.021207744393453246,
      0.03991274020792282,
      0.03801396619856582
    ],
    [
      0.006603739344960638,
      0.05853741912423014,
      0.0078836100593659,
      0.006709565968659504,
      0.004145730034288019,
      0.007708498477502233,
      0.05546922791119071,
      0.059420846002875845,
      0.0352053184758746,
      0.015041499613798364,
      0.011394083787829514,
      0.035620806660815185,
      0.02422407785247417,
      0.016111724118423564,
      0.011052829602980669,
      0.07690171500245957,
      0.4708978259973796,
      0.0037935953433515185,
      0.09327788662154037
    ],
    [
      0.006901391960975692,
      0.006738182305150604,
      0.004459997385244959,
      0.008974921776325495,
      0.06651346876720181,
      0.01860885217331517,
      0.07669756066902007,
      0.011365609724770458,
      0.09893697713828906,
      0.05205447506397854,
      0.006628073757839415,
      0.044773751997896204,
      0.014776628251327084,
      0.003698195352401562,
      0.011161244570472496,
      0.04457803902481182,
      0.06904750529388731,
      0.3822017306982668,
      0.0718833940888254
    ],
    [
      0.0023878336233148154,
      0.06964882290204205,
      0.0032136131964263554,
      0.002659798850646419,
      0.04000680175316695,
      0.008247426196017418,
      0.0621723829747453,
      0.013355244824691784,
      0.0346864967825582,
      0.02484985528890324,
      0.0035786139820845058,
      0.03908685141792855,
      0.00042858842192849375,
      0.0003333228222117316,
      0.02158972927177206,
      0.041140581497556554,
      0.09243409464095068,
      0.049252661175944054,
      0.4909272803771108
    ]
  ]
}