{
  "poids_LS": 0.0425,
  "poids_EM": 0.9575,
  "mae_validation": 8.374428669398164,
  "matrice_de_transition": [
    [
      0.1450918085293495,
      0.0056198868733988916,
      0.02036682814614771,
      0.10283778242430736,
      0.01314074239074945,
      0.08000020879012584,
      0.045238914046460375,
      0.03180621559700904,
      0.04206365090548927,
      0.041608399629602555,
      0.03223797846404685,
      0.1963579111804349,
      0.047491364536695634,
      0.07720174895877144,
      0.014460075335302625,
      0.04814093594367335,
      0.024311796529759774,
      0.012160775029570903,
      0.019862976689104674
    ],
    [
      0.013716327182869963,
      0.3969491081854243,
      0.004706090034673529,
      0.0249415015163853,
      0.08224361755575368,
      0.016347538081995783,
      0.02281700433273231,
      0.03341912865174098,
      0.060757859156783445,
      0.011807010488333875,
      0.005455926388119073,
      0.0047591438090587215,
      0.01826306034427798,
      0.00034631073697410225,
      0.028240041107224438,
      0.07956801208499063,
      0.10328247019572863,
      0.017227457461110568,
      0.07515239268582267
    ],
    [
      0.04429171947768343,
      0.037788340155152755,
      0.19052548427570565,
      0.026333201217600997,
      0.015813454677387186,
      0.02559234180073551,
      0.04214517128126797,
      0.16558620557618342,
      0.0032329270572488073,
      0.05085768521220019,
      0.01319201899462849,
      0.1289522066239187,
      0.04283653413017615,
      0.06419264895802822,
      0.039206850099970915,
      0.031005999569356173,
      0.06714416447075443,
      0.0016646062778191701,
      0.009638440144181698
    ],
    [
      0.04329585718866377,
      0.033137523411763244,
      0.04891545192349287,
      0.09725364630930368,
      0.02373286288282097,
      0.06095324595927332,
      0.034196665179818383,
      0.007649916252946948,
      0.043361062119082826,
      0.060973142183397146,
      0.06268370215681925,
      0.06074031259892018,
      0.07688384296732899,
      0.07279384509002158,
      0.11206681207014205,
      0.05691690220449495,
      0.03495804608465804,
      0.04195454021835479,
      0.027532623198697186
    ],
    [
      0.013674367822642058,
      0.10648099596605066,
      0.02004704556333963,
      0.05240538910646793,
      0.2452356154720583,
      0.03194854154189158,
      0.03570469158462033,
      0.02410274887149906,
      0.11784890097730685,
      0.008386720468327762,
      0.004981440658795248,
      0.0068016321603679,
      0.029641396465032326,
      0.006319637301150025,
      0.0008698956958115106,
      0.020846423493941408,
      0.046302455894660595,
      0.09792633516173326,
      0.13047576579430362
    ],
    [
      0.03575617571108871,
      0.014688236608122282,
      0.06509182190409465,
      0.027785944718943426,
      0.025213445242879384,
      0.1434050700898069,
      0.005812938200683066,
      0.023664749929670343,
      0.040933030227947725,
      0.04955018175291786,
      0.03100913359373078,
      0.08486675457309856,
      0.06588439018614287,
      0.08657510935146179,
      0.07127089844871345,
      0.07238270124868156,
      0.058895110468069764,
      0.08249571601157445,
      0.014718591732372463
    ],
    [
      0.03241932251538593,
      0.015327499747964405,
      0.08187664658787998,
      0.014402301203621435,
      0.03122630864777343,
      0.06915889290071481,
      0.03020548658361428,
      0.056905889174531994,
      0.07493621558014245,
      0.0065790315673017186,
      0.09193143894619546,
      0.039276713981652764,
      0.09314317725866052,
      0.021623798512325036,
      0.10075042993898975,
      0.10657701153434189,
      0.05363096559073964,
      0.051003218233157885,
      0.029025651495006615
    ],
    [
      0.022056461875536337,
      0.044212088589026095,
      0.08220052485766587,
      0.04327201077460406,
      0.043959740546418276,
      0.03981780407740237,
      0.030485249945536745,
      0.15526342232170043,
      0.010464156337092296,
      0.05551893899864307,
      0.11840882832231657,
      0.08805345394021205,
      0.007851903631568893,
      0.06372179560202618,
      0.0028092735604512494,
      0.0596605515288435,
      0.023832536692987273,
      0.05728563018610892,
      0.0511256282118599
    ],
    [
      0.009822585105314913,
      0.020429350400253253,
      0.03284089607589865,
      0.043047891520521006,
      0.07509671156391008,
      0.01352549066294005,
      0.032689888342789575,
      0.03383403611946614,
      0.24909417388322264,
      0.03457317414539815,
      0.00298041810851747,
      0.007991820546302457,
      0.09474134911209448,
      0.028508490313703793,
      0.04165625263443967,
      0.05867764725885692,
      0.07530561978556399,
      0.05898499837460902,
      0.08619920604619775
    ],
    [
      0.018044246431402306,
      0.013772309342500861,
      0.016241463421421683,
      0.012799109214171765,
      0.019332659125762628,
      0.08793794472449308,
      0.048885925513115186,
      0.087178441173372,
      0.04430285251319336,
      0.2132013038723076,
      0.0664941926642187,
      0.057750178690825826,
      0.07756077969617395,
      0.005186857946594568,
      0.11024375521701554,
      0.057408271070210966,
      0.029488904137830937,
      0.02822037738517216,
      0.005950427860216915
    ],
    [
      0.01944581332314713,
      0.012130773883993183,
      0.021071915434144144,
      0.054639409770889845,
      0.004769550422052335,
      0.022272231473310786,
      0.03827169730770919,
      0.09295124526628978,
      0.017169912264648892,
      0.023181249709590922,
      0.4448789452116084,
      0.12913365105177177,
      0.011095161466021299,
      0.05964924668936875,
      0.018503911551414304,
      0.012649389993427249,
      0.007209148502055573,
      0.002387339646792858,
      0.00858940703176366
    ],
    [
      0.08373328460796785,
      0.0002716977523521531,
      0.0557808623629661,
      0.041100357741506416,
      0.009157766573702984,
      0.007878773360255654,
      0.05042120734844279,
      0.025509990756506878,
      0.004849923421352089,
      0.06307284781256133,
      0.08612537780807208,
      0.3607413292171204,
      0.07541773723343492,
      0.05876078024284975,
      0.037498675178894575,
      0.020332927051810352,
      0.00846408825280448,
      0.005688075240563963,
      0.0051942980368353394
    ],
    [
      0.07700355134920396,
      0.038434702776955265,
      0.06929327118415134,
      0.0006314722556792122,
      0.05634306381866777,
      0.030165793285171324,
      0.07366607911171477,
      0.02978256265118765,
      0.11947486223348643,
      0.023039883064336728,
      0.07637662639424178,
      0.029014865678110298,
      0.13992347713424108,
      0.09827875028335387,
      0.05168495724028875,
      0.04181906143335983,
      0.01181823226875415,
      0.02846700411835677,
      0.004781783718739194
    ],
    [
      0.033510821347544635,
      0.007159168506133807,
      0.02037113524120992,
      0.043235743766358053,
      0.008736648526881672,
      0.029055321606109956,
      0.020203973231112733,
      0.035086461317238776,
      0.018437247405141802,
      0.02897668296644271,
      0.014445594809037393,
      0.043065087484976436,
      0.0340964394666887,
      0.6161009734679498,
      0.019292218030985655,
      0.014427610446165704,
      0.00449039011742829,
      0.005653920645768264,
      0.003654561616825626
    ],
    [
      0.05914614648683761,
      0.002986368593558941,
      0.024659271975038213,
      0.09680098037955986,
      0.04922517884771179,
      0.07808544512593446,
      0.05168813022798673,
      0.05357861950918138,
      0.027024120561276843,
      0.07806991131376496,
      0.03666126225396924,
      0.06472034092983697,
      0.07012170574688188,
      0.0885830959546177,
      0.1289352155466116,
      0.023013435999842305,
      0.009537730815799379,
      0.035566796682659614,
      0.021596243048930527
    ],
    [
      0.0288839097240282,
      0.07933126276198876,
      0.04313223033923116,
      0.03853023653309738,
      0.07038659356827327,
      0.01433915320824819,
      0.028828276732915867,
      0.01396087086003249,
      0.09863551482946054,
      0.047773008316296856,
      0.020958062181329527,
      0.03019402436341332,
      0.0847392274882666,
      0.011639445072981919,
      0.016264466260458313,
      0.136674056408525,
      0.042786990884826855,
      0.10841545744421587,
      0.08452721302240988
    ],
    [
      0.017937816802268965,
      0.09673276876585947,
      0.021414345054873333,
      0.011208942269099808,
      0.011261096476115682,
      0.02093868735378266,
      0.040008010258453616,
      0.028747967078301358,
      0.06570122518682998,
      0.04085740675237428,
      0.030949887168359603,
      0.00991124139318312,
      0.013496997312506089,
      0.02471456029583885,
      0.030022934311642522,
      0.11176898840515657,
      0.28465788756245836,
      0.010304588769529301,
      0.12936464878336648
    ],
    [
      0.01874633419187014,
      0.018303005835976462,
      0.012114744670559001,
      0.024378688229309674,
      0.18067133714778927,
      0.050547449520423476,
      0.024351983257777318,
      0.018944390219953998,
      0.1569699655349259,
      0.029701455092331356,
      0.018003916661365218,
      0.01573567553322991,
      0.04013793347700903,
      0.010045452623899278,
      0.0282889286944765,
      0.05650539265156907,
      0.13080394470983409,
      0.08469389551383857,
      0.08105550643386165
    ],
    [
      0.0064861012604934334,
      0.17731581751761136,
      0.008729176271143928,
      0.007224843686507648,
      0.10867095795363788,
      0.022402583213295538,
      0.020773503007025775,
      0.0034962816788206234,
      0.02146596351826554,
      0.013878966552331352,
      0.009720632305945855,
      0.011774340640217686,
      0.0011641798978625042,
      0.0009054088007595261,
      0.019530970118876324,
      0.08036044086761,
      0.1222673898376825,
      0.11430182407984396,
      0.24953061879206853
    ]
  ]
}