{
  "poids_LS": 0.5875,
  "poids_EM": 0.4125,
  "mae_validation": 6.88101097625281,
  "matrice_de_transition": [
    [
      0.26006793244765586,
      0.0024211000890621854,
      0.008774221002909586,
      0.05474487498271889,
      0.005661155338051329,
      0.03446484190697327,
      0.10601946152577454,
      0.06251188690883737,
      0.0685578295088382,
      0.05693989671203931,
      0.01388842414247449,
      0.15671607790773578,
      0.020459726236435456,
      0.03325923910756472,
      0.006229536371605569,
      0.04232574270555052,
      0.053161919858823944,
      0.005238976187674148,
      0.008557157059274859
    ],
    [
      0.005909122676693326,
      0.5606261591851348,
      0.002027427821726194,
      0.010745033290348757,
      0.03543132349007665,
      0.00704267306404518,
      0.04466659016002101,
      0.01636999790239303,
      0.05768858842554333,
      0.01396199007214108,
      0.0023504643708606968,
      0.027623667316962277,
      0.010534681944846844,
      0.00014919392062852967,
      0.02921535618514733,
      0.056655016379413524,
      0.06896049440555492,
      0.010923219176070796,
      0.03911900021239184
    ],
    [
      0.019081289070020272,
      0.016279572129504448,
      0.37498061926069265,
      0.017816978507738106,
      0.02702873592038721,
      0.014294320867484882,
      0.06498103327632052,
      0.1720823496149439,
      0.0147377862497257,
      0.025441100899176835,
      0.00568324578097572,
      0.0933951198940684,
      0.018454381544331763,
      0.027654796548497795,
      0.01689067954698486,
      0.025052929259158384,
      0.061275602988656544,
      0.0007171280309142638,
      0.004152330610417703
    ],
    [
      0.018652262235325123,
      0.014275956561203486,
      0.02107323646834549,
      0.20835410992675685,
      0.010224340406437231,
      0.026259231287937588,
      0.09357745171790875,
      0.05891916407130484,
      0.0837250231414621,
      0.08301100214039438,
      0.027004728083225,
      0.09975324816019973,
      0.05360695168671657,
      0.03136027268891269,
      0.056010643819347776,
      0.059000535932829556,
      0.025256118528576576,
      0.018074410276836917,
      0.011861312866279465
    ],
    [
      0.005891046189911069,
      0.04587301392793305,
      0.008636455660446577,
      0.022576734210358242,
      0.41879819437945953,
      0.013763731995854072,
      0.07669157660583789,
      0.03527889213511688,
      0.09662468881061706,
      0.03220623399552932,
      0.0021460514587499104,
      0.03023906261717041,
      0.01276979221078416,
      0.00272255915062599,
      0.00037475924232088575,
      0.00898083518668494,
      0.034729455103314905,
      0.0678880658747672,
      0.083808851244518
    ],
    [
      0.015404096585717066,
      0.006327830392533098,
      0.028042168705419368,
      0.011970446158291554,
      0.010862189203851432,
      0.3907820412552078,
      0.045946219807900715,
      0.012478086538102996,
      0.03957518506157191,
      0.060966368690967575,
      0.013359026221842242,
      0.0868642226932509,
      0.028383614571053713,
      0.037297370869428706,
      0.04475584423168903,
      0.0511521397874067,
      0.05721036362242771,
      0.04294098363211634,
      0.0156818019712211
    ],
    [
      0.013966548864330752,
      0.00660323096191678,
      0.035273228947781184,
      0.006204646732630644,
      0.020940172663850988,
      0.029794301119106897,
      0.33464173659338653,
      0.040270997281688925,
      0.05078663652769516,
      0.05056926813657891,
      0.04315711166361944,
      0.07179640476137586,
      0.07828764889942363,
      0.00931573565152384,
      0.0518195364080624,
      0.08570505944219817,
      0.03639054603635168,
      0.021972665818462273,
      0.012504523490015903
    ],
    [
      0.009502131095204949,
      0.019046983334697926,
      0.03541275875069156,
      0.019612887577333787,
      0.01893826942600265,
      0.01715388426311068,
      0.01749118210510603,
      0.5153369808955958,
      0.005095295476179986,
      0.038540590155207895,
      0.05101163622240792,
      0.059172057633887665,
      0.01336166288885584,
      0.03047096908704627,
      0.013130070741413374,
      0.040592899928528506,
      0.038622742393160776,
      0.0246791879391853,
      0.032827810086383004
    ],
    [
      0.004231661990540367,
      0.008801156177654795,
      0.014148166716770959,
      0.018545436294741424,
      0.03235236921160617,
      0.005826908510143885,
      0.08524249421054104,
      0.038508825804164995,
      0.4168197599712508,
      0.06534294499469726,
      0.001283992135523192,
      0.04899119010141726,
      0.06644217918386049,
      0.012281725592065602,
      0.01794590518193876,
      0.04805825687920226,
      0.04703663226074621,
      0.02541129172796472,
      0.04272910305516985
    ],
    [
      0.011855244093499421,
      0.0059332403172653835,
      0.006996975103223439,
      0.015036256815509626,
      0.008328691268278938,
      0.03788449315807143,
      0.07162513347215879,
      0.06068943389955987,
      0.02575418969163553,
      0.44308667790385164,
      0.02864632321043364,
      0.061097762639893444,
      0.03626893563262598,
      0.0060098060958539146,
      0.04749404598122079,
      0.0437961382969813,
      0.07477554833249765,
      0.012157603834343098,
      0.00256350025309606
    ],
    [
      0.021307659445981255,
      0.0052260514121641646,
      0.009077979234030767,
      0.033139872579622726,
      0.022194613520186052,
      0.009595086666047727,
      0.038716834835727756,
      0.11488237632152906,
      0.007396959591820018,
      0.009986700266533947,
      0.5223729252323869,
      0.10478678236632721,
      0.004779899848285938,
      0.025697456145550503,
      0.007971659023455249,
      0.041227895500845296,
      0.01691036236469667,
      0.0010284883595843906,
      0.003700397285224553
    ],
    [
      0.036073086058262906,
      0.00011704994553030094,
      0.024030919816943618,
      0.017706420436941404,
      0.003945251918174915,
      0.00339424961995348,
      0.06148083996420276,
      0.06278161415681874,
      0.04498407040084133,
      0.07107349828022201,
      0.03710362229329476,
      0.4742039376994882,
      0.054252372808689865,
      0.025314696449269473,
      0.01615478173503291,
      0.02470736212471502,
      0.034526698247916585,
      0.005911775625743996,
      0.002237752417957783
    ],
    [
      0.033173853714409014,
      0.01655803122244809,
      0.029852192546697052,
      0.00027204418325605745,
      0.024273121488460003,
      0.012995707289956313,
      0.08239253907081123,
      0.05043737564131931,
      0.09717482827837673,
      0.04723569144430978,
      0.03290376855104411,
      0.05283429006774763,
      0.40635264019678846,
      0.04233940939100101,
      0.022266365390724917,
      0.026645241233046627,
      0.0068315708619392885,
      0.01340129205536176,
      0.002060037372302786
    ],
    [
      0.014436776820743772,
      0.0030842370848879323,
      0.008776076539946831,
      0.01872441751994497,
      0.008049035989395171,
      0.018471265105072007,
      0.04977919112369607,
      0.03518658578462405,
      0.02231049041518673,
      0.024931998870859527,
      0.006223298024781122,
      0.046142596632970226,
      0.014689066610975549,
      0.6634528597843522,
      0.019257598964261165,
      0.027114995496699393,
      0.015359327578005302,
      0.002435762158098599,
      0.0015744194954992903
    ],
    [
      0.0254807158494209,
      0.0012865556604105097,
      0.010623446151126124,
      0.04170277222618114,
      0.02120666973857035,
      0.033639943722661055,
      0.11389640986856309,
      0.06661326878299637,
      0.04980722459991431,
      0.09606119969113408,
      0.01579401637573087,
      0.10729501646204667,
      0.04614907658417339,
      0.03816243037209379,
      0.2516021069237726,
      0.0438764847527668,
      0.012176287419345675,
      0.015322510320205837,
      0.00930386449888652
    ],
    [
      0.012443459802779774,
      0.03417665367030847,
      0.01858177025058261,
      0.016599188062561537,
      0.03561859840982111,
      0.006177441982665669,
      0.04614337671314098,
      0.03176854929398707,
      0.08253143879217091,
      0.05818338358835056,
      0.009028930182557106,
      0.07116297053522777,
      0.09726876553937758,
      0.005014382342146257,
      0.007668042706999057,
      0.3549519648759922,
      0.023347834954581204,
      0.04670639811565435,
      0.042626850181095806
    ],
    [
      0.007727780084528405,
      0.06232538768373057,
      0.00922550113330052,
      0.007155785105893252,
      0.004851386210337042,
      0.009020583324736655,
      0.053935884011745705,
      0.056378907597132925,
      0.038229705918283396,
      0.01760175486721085,
      0.013333502304906878,
      0.03307109770865333,
      0.02316023515429552,
      0.016964897954200288,
      0.012934162301360356,
      0.08035962641429728,
      0.45242774945837916,
      0.0044393136996666695,
      0.0968567390673413
    ],
    [
      0.008076096975609851,
      0.007885106952835811,
      0.005219145876350483,
      0.010502568036125577,
      0.07783491025949146,
      0.02177631637302839,
      0.07150626373567369,
      0.012117224319334116,
      0.1046923148305175,
      0.049837646637038324,
      0.00775625652513123,
      0.04189394276173095,
      0.017291799017510417,
      0.004327675412384806,
      0.012859857872026611,
      0.04576091707044064,
      0.07517211085579939,
      0.352696821423778,
      0.07279302506519261
    ],
    [
      0.0027942733889854215,
      0.08032654137631337,
      0.0037606111873074366,
      0.0031125305699053834,
      0.04681647013668472,
      0.009651243420871446,
      0.0580667089283599,
      0.01237749641353101,
      0.03337536951667794,
      0.023761833265441564,
      0.004187739766269102,
      0.036378172663114244,
      0.0005015396426822799,
      0.00039005862173713263,
      0.021385554810327854,
      0.0450301543276445,
      0.09539276854475878,
      0.05570381782757049,
      0.4669871155918174
    ]
  ]
}