{
  "poids_LS": 0.7375,
  "poids_EM": 0.26249999999999996,
  "mae_validation": 6.481819661081223,
  "matrice_de_transition": [
    [
      0.2917127371958136,
      0.001540700056675936,
      0.005583595183669736,
      0.0415082949529239,
      0.0036025533969417547,
      0.021932172122619352,
      0.12274805257512708,
      0.07096298910475342,
      0.07584980527122782,
      0.06115957480812283,
      0.008838088090665584,
      0.14580548159414886,
      0.01301982578682256,
      0.021164970341177546,
      0.003964250418294453,
      0.04072523080514973,
      0.06110232077508014,
      0.003333893937610821,
      0.00544546358317491
    ],
    [
      0.0037603507942593883,
      0.6056748888180826,
      0.001290181341098487,
      0.006837748457494663,
      0.0225472058573215,
      0.004481701040756023,
      0.05068023763542157,
      0.011677576595233044,
      0.056843835013275404,
      0.014555103719060495,
      0.0014957500541840796,
      0.03391665543840362,
      0.008407605321150199,
      9.494158585451888e-05,
      0.02948379152769491,
      0.050348687286135424,
      0.059514079050461244,
      0.009188107721472693,
      0.029201552742640236
    ],
    [
      0.01214263849910381,
      0.010359727718775557,
      0.42574808760518446,
      0.015473064000436392,
      0.030115510574423916,
      0.011184773821636084,
      0.07126613290798633,
      0.17387027916689632,
      0.01790426125682943,
      0.0184457107212805,
      0.0036166109515300034,
      0.08360876574823804,
      0.011743697346392938,
      0.017598506894498593,
      0.010748614257172181,
      0.023414469540755323,
      0.059660402580739694,
      0.0004563542014908951,
      0.0026423922066294465
    ],
    [
      0.011869621422479623,
      0.009084699629856762,
      0.01341024138894713,
      0.23893221917926688,
      0.006506398440460056,
      0.016710419910505737,
      0.10992078746233727,
      0.07302996622314646,
      0.09483437021184171,
      0.08907646818360462,
      0.017184826962052268,
      0.1104907533605519,
      0.0472004678480159,
      0.01995653716567171,
      0.04058234063105577,
      0.05957401310576568,
      0.022585863237911955,
      0.01150189744889622,
      0.007548108187632387
    ],
    [
      0.003748847575397953,
      0.02919191795413921,
      0.005495926329375093,
      0.01436701267931888,
      0.466567711509937,
      0.008758738542816226,
      0.08797237064837485,
      0.0383548948682227,
      0.09078316252620701,
      0.03876206340668571,
      0.0013656691101135794,
      0.03668973155023532,
      0.008126231406862645,
      0.0017325376413074478,
      0.0002384831542042,
      0.0057150769369813245,
      0.03154422552771518,
      0.05962065230954719,
      0.07096474632255867
    ],
    [
      0.009802606918183587,
      0.004026801158884698,
      0.017845016448903232,
      0.007617556646185533,
      0.006912302220632729,
      0.45886744616311637,
      0.056992077130988146,
      0.009399188356937668,
      0.03920146620844096,
      0.0641084384904308,
      0.008501198504808698,
      0.08741398456118275,
      0.018062300181579633,
      0.02373469055327281,
      0.03745812288755386,
      0.04530886599072555,
      0.05674667183004917,
      0.03205436004143979,
      0.015946905706684025
    ],
    [
      0.00888780382275593,
      0.004202056066674314,
      0.022446600239497117,
      0.003948411557128591,
      0.018109126062771416,
      0.01896000980306802,
      0.4184315301740578,
      0.03569258666897983,
      0.04413996339399408,
      0.06267667269693043,
      0.029732984888598518,
      0.08074677837047396,
      0.07419897136935845,
      0.005928195414606079,
      0.03835231800505488,
      0.07996048547188339,
      0.03164547643422656,
      0.013982605520839627,
      0.007957424039101029
    ],
    [
      0.006046810696948603,
      0.012120807576625951,
      0.022535391932258262,
      0.013101202293681415,
      0.01205162599836532,
      0.010916108167434067,
      0.013914833158198494,
      0.614439795181989,
      0.0036176273493233866,
      0.03386765010655601,
      0.03246195032335049,
      0.0512230494761837,
      0.014878110390861421,
      0.02131936545907015,
      0.015970657121494692,
      0.035344922423854654,
      0.042693441209722294,
      0.015704937779481554,
      0.027791713354600376
    ],
    [
      0.002692875812162051,
      0.0056007357494166875,
      0.009003378819763336,
      0.011801641278471815,
      0.020587871316476648,
      0.003708032688273381,
      0.09970651417414238,
      0.03979546516692615,
      0.4629827653165796,
      0.07381168926514656,
      0.0008170859044238493,
      0.060275420254201156,
      0.05865341681829149,
      0.007815643558587201,
      0.011420121479415573,
      0.04513548888480189,
      0.03925617697868627,
      0.01617082200870482,
      0.03076485452552915
    ],
    [
      0.010151848954627068,
      0.0037756983837143347,
      0.004452620520233097,
      0.015651985513125553,
      0.005300076261632051,
      0.024108313827863635,
      0.07788363107556527,
      0.05339888143887764,
      0.02064905313524347,
      0.5063578817657445,
      0.018229478406639587,
      0.062019116020370774,
      0.024904207908713692,
      0.006236305586475753,
      0.03022348380623141,
      0.04004967973554194,
      0.08723976233102979,
      0.007736656985491061,
      0.0016313183428793108
    ],
    [
      0.021820094158687894,
      0.0033256690804681042,
      0.005776895876201397,
      0.027222568765512514,
      0.026990502446277903,
      0.006105964242030371,
      0.03883934975169617,
      0.12091846743764997,
      0.004707156103885465,
      0.006355172896885238,
      0.5437015435867295,
      0.09808580933363605,
      0.003041754448909233,
      0.01635292663807759,
      0.005072873924016975,
      0.0490935392184833,
      0.019580421225974035,
      0.0006544925924627939,
      0.0023547982724156243
    ],
    [
      0.022955600218894576,
      7.448632897382787e-05,
      0.01529240351987321,
      0.011267722096235437,
      0.0025106148570204,
      0.002159977030879487,
      0.06452477554652203,
      0.07303985912938163,
      0.056030165899783324,
      0.07327551217040384,
      0.023611396004823936,
      0.505432178566195,
      0.048427043150503155,
      0.016109352285898753,
      0.010280315649566395,
      0.025911335080560344,
      0.04169989365941533,
      0.005973344539096299,
      0.0014240242659731347
    ],
    [
      0.021110634181896643,
      0.010536928959739691,
      0.018996849802443577,
      0.00017311902570840018,
      0.015446531856292727,
      0.008269995548154017,
      0.08479431704120476,
      0.05612218655603444,
      0.0910372042540346,
      0.05389508824613722,
      0.020938761805209885,
      0.05939009494562947,
      0.479681767645196,
      0.02694326052154609,
      0.014169505248643128,
      0.0224689604439696,
      0.005459095245384739,
      0.009254765799491574,
      0.001310932873283591
    ],
    [
      0.009187039795018762,
      0.001962696326746866,
      0.005584775979966165,
      0.011978180938363383,
      0.007859784832288795,
      0.01555822203139184,
      0.05791915935101258,
      0.035214142977482384,
      0.023376520601437634,
      0.023818783064735716,
      0.00396028056122435,
      0.04698961749939053,
      0.009347587843348075,
      0.6764854890457475,
      0.01924807078075901,
      0.03060693633629582,
      0.018350778255228333,
      0.001550030464244563,
      0.0010019033153177302
    ],
    [
      0.016215000995086024,
      0.0008187172384430515,
      0.006760374823443896,
      0.026538127780297086,
      0.013495153469999313,
      0.02140723691442067,
      0.1310179547237676,
      0.07020078693175279,
      0.05607780369311729,
      0.10101293043719897,
      0.010050737693646918,
      0.119012817067242,
      0.03955110525498756,
      0.02428518296405968,
      0.285363636660606,
      0.04961860826274602,
      0.012902495658853833,
      0.009750688385585531,
      0.005920641044745966
    ],
    [
      0.007918565329041673,
      0.021748779608378118,
      0.011824762886734388,
      0.010563119676175521,
      0.02604942543043061,
      0.003931099443514516,
      0.05090900056090935,
      0.03666974519324063,
      0.07809912428649488,
      0.06104862448891579,
      0.00574568284344543,
      0.08243882727976386,
      0.10071726225069252,
      0.0031909705813657997,
      0.005302054573019447,
      0.4150284534450198,
      0.017997608551761305,
      0.029722253346325493,
      0.03109464022477083
    ],
    [
      0.0049176782356089846,
      0.05285546628497949,
      0.005870773448463967,
      0.006040237262808879,
      0.003087245770214481,
      0.005740371206650598,
      0.057769243760358205,
      0.06398375361149024,
      0.0306687373122614,
      0.01120111673367963,
      0.008484956012213466,
      0.03944537008905797,
      0.025819841899742152,
      0.01483196336475848,
      0.008230830555411133,
      0.07171484788470298,
      0.4986029408058803,
      0.0028250178088787894,
      0.08790960795283895
    ],
    [
      0.00513933443902445,
      0.0050177953336227885,
      0.0033212746485866704,
      0.006683452386625367,
      0.049531306528767284,
      0.013857655873745336,
      0.08448450606903966,
      0.010238187832924973,
      0.09030397059994637,
      0.05537971770438887,
      0.0049357996069016915,
      0.04909346585214409,
      0.011003872102052082,
      0.002753975262426694,
      0.00861332461814132,
      0.04280372195636859,
      0.059860596951019196,
      0.42645909461,
      0.07051894762427455
    ],
    [
      0.0017781739748089045,
      0.053632245190635024,
      0.002393116210104732,
      0.0019807012717579712,
      0.029792299177890273,
      0.006141700358736374,
      0.06833089404432342,
      0.01482186744143295,
      0.0366531876813786,
      0.026481888324095752,
      0.00266492530580761,
      0.04314986955015,
      0.0003191615907978144,
      0.0002482191229236298,
      0.021895990963938367,
      0.035306222252424635,
      0.08799608378523849,
      0.03957592619850439,
      0.526837527555051
    ]
  ]
}