{
  "poids_LS": 0.855,
  "poids_EM": 0.14500000000000002,
  "mae_validation": 6.17466646122117,
  "matrice_de_transition": [
    [
      0.3165011675818704,
      0.0008510533646400411,
      0.0030842716252651886,
      0.031139640596251163,
      0.0019899818764059223,
      0.012114914124875455,
      0.13585211556378654,
      0.077583019158221,
      0.08156185295176635,
      0.06446498931672158,
      0.00488199151674861,
      0.13725884781517245,
      0.007191903767959131,
      0.011691126474174267,
      0.0021897764215340794,
      0.039471496483169125,
      0.06732230149281417,
      0.0018415795083945494,
      0.003007970360229951
    ],
    [
      0.0020771461530194723,
      0.6409630603638917,
      0.0007126715979401168,
      0.003777042005092291,
      0.012454647044996643,
      0.0024756062891795184,
      0.05539092815781867,
      0.008001846571291058,
      0.056182111506998866,
      0.01501970940914737,
      0.0008262238394540633,
      0.03884616280019934,
      0.006741395299254497,
      5.244392361487711e-05,
      0.029694065879357183,
      0.045408729496400915,
      0.05211438702230453,
      0.007828937082037513,
      0.021432885558001484
    ],
    [
      0.006707362218552582,
      0.005722516263704595,
      0.4655159378083697,
      0.013636997636383383,
      0.03253348405341933,
      0.008748961969054527,
      0.07618946095279125,
      0.1752708239825924,
      0.02038466667906069,
      0.012965988415261708,
      0.0019977470017975263,
      0.07594278833400427,
      0.006486994724674196,
      0.009721079998865893,
      0.005937329780152254,
      0.02213100942800626,
      0.058395162261204836,
      0.0002520813684425897,
      0.0014596071236619805
    ],
    [
      0.0065565527857506505,
      0.005018215033635165,
      0.007407561910085083,
      0.2628850714270664,
      0.00359401056711127,
      0.009230517664850791,
      0.12272306712880629,
      0.08408342790875573,
      0.10353669208363908,
      0.09382774991745266,
      0.009492571083800303,
      0.11890179910082778,
      0.042182055507700385,
      0.011023611005799613,
      0.02849683646689371,
      0.06002323689123231,
      0.02049416326022467,
      0.0063534290670093415,
      0.004169431189358843
    ],
    [
      0.002070791994029346,
      0.016125059441334043,
      0.0030358450200357666,
      0.007936064146671385,
      0.5039871665954776,
      0.0048381603379365834,
      0.09680899264836211,
      0.04076443034248893,
      0.08620730027008582,
      0.04389746311209155,
      0.0007543696036817869,
      0.04174275554780284,
      0.004488775443790796,
      0.0009570207923412571,
      0.00013173355184612956,
      0.003156899641380161,
      0.029049129026828723,
      0.053144511683458184,
      0.06090353080035718
    ],
    [
      0.005414773345282364,
      0.002224328259193453,
      0.00985724718129893,
      0.0042077931950358196,
      0.0038182240837780794,
      0.512201013340978,
      0.06564466536740662,
      0.006987384781691499,
      0.03890871977348838,
      0.06656972650001033,
      0.004695900126465758,
      0.08784463135772935,
      0.00997727057649161,
      0.013110590972284031,
      0.03174157450131465,
      0.04073163484999198,
      0.05638344659268597,
      0.023526504895409833,
      0.01615457029946332
    ],
    [
      0.004909453540188992,
      0.002321135732067717,
      0.012399074418007935,
      0.0021810273363186508,
      0.015891472891925752,
      0.01047314827217091,
      0.484066868478917,
      0.0321061650223577,
      0.0389334027725949,
      0.07216080626920578,
      0.019217418914832137,
      0.08775790436426746,
      0.07099617397080737,
      0.003274622229020502,
      0.02780299692269899,
      0.0754605691951368,
      0.027928505245895213,
      0.0077237249543685585,
      0.004395529469217712
    ],
    [
      0.003340143051647801,
      0.006695303232802908,
      0.012448121257818854,
      0.008000382154820398,
      0.006657088646716084,
      0.006029850225820725,
      0.011113359816454258,
      0.6920703330396636,
      0.002460120649952385,
      0.030207180401778708,
      0.017931363035755512,
      0.044996326419315606,
      0.016065994267432458,
      0.014150609283822196,
      0.018195783119225057,
      0.031234006711860142,
      0.04588215528269548,
      0.008675108487713622,
      0.023846770914703986
    ],
    [
      0.001487493305765705,
      0.0030937397472968376,
      0.004973294967107368,
      0.006519001849060623,
      0.011372347965291867,
      0.002048246627808154,
      0.11103666314563007,
      0.040803332667755716,
      0.49914378617042054,
      0.08044553894366517,
      0.0004513426900626979,
      0.06911473387388185,
      0.05255221963192912,
      0.004317212632362455,
      0.006308257579105747,
      0.04284598728918827,
      0.03316148700773932,
      0.008932454061951237,
      0.02139285984397727
    ],
    [
      0.008817522762510391,
      0.002085623869099347,
      0.0024595427635573305,
      0.01613430632625803,
      0.002927661173091991,
      0.0133169733525342,
      0.08278612086490036,
      0.04768794867800989,
      0.016650029499403023,
      0.5559203247908938,
      0.010069616643667584,
      0.06274084283507803,
      0.01600183785831574,
      0.00641373018746286,
      0.016694876769156403,
      0.03711495386241444,
      0.09700339662987995,
      0.004273581953890301,
      0.000901109179876191
    ],
    [
      0.022221501350308096,
      0.0018370362539728582,
      0.0031910472459017246,
      0.022587347444459515,
      0.030747282105049848,
      0.003372818343216777,
      0.038935319769204765,
      0.12564673881194469,
      0.002600143371670067,
      0.003510476457327085,
      0.5604089612976313,
      0.09283671379136131,
      0.0016802072193974815,
      0.009033045190557148,
      0.002802158929456997,
      0.05525496013063306,
      0.02167196733397464,
      0.0003615292415508767,
      0.0013007457123819643
    ],
    [
      0.012680236311389387,
      4.1144829337923976e-05,
      0.008447232420501395,
      0.006224075062682434,
      0.0013868158257826974,
      0.001193130169438193,
      0.06690919175267211,
      0.08107548435788922,
      0.06468294070728788,
      0.07500042305104629,
      0.013042485412188463,
      0.5298943005784487,
      0.043863868251590235,
      0.008898499357925029,
      0.005678650549284296,
      0.02685444722930584,
      0.04731889673175601,
      0.006021573521222269,
      0.0007866038802518269
    ],
    [
      0.01166111221476196,
      0.00582039885395145,
      0.010493497986111693,
      9.56276522960687e-05,
      0.0085323699777617,
      0.004568188017075554,
      0.08667570978467967,
      0.06057528843922796,
      0.08622939876829994,
      0.05911161574090205,
      0.01156617318763975,
      0.06452547543330357,
      0.5371229174797818,
      0.014882943907139751,
      0.007826964804012397,
      0.01919754049252593,
      0.004383989345750343,
      0.0060066535657265965,
      0.0007241343490518886
    ],
    [
      0.005074745791534175,
      0.001084156066203031,
      0.0030849238746479776,
      0.006693628949457813,
      0.007711538092555466,
      0.013276338290342376,
      0.06429546779574384,
      0.03523572944522141,
      0.0242115775806675,
      0.0229467640166054,
      0.0021875835481048795,
      0.04765311717808644,
      0.005163429475373224,
      0.6866943819671736,
      0.019240607037015654,
      0.03334228999397969,
      0.020694081285719704,
      0.0008562073040589018,
      0.0005534323075088416
    ],
    [
      0.008956857692523712,
      0.0004522438079018762,
      0.003734302283426153,
      0.014659156297687919,
      0.007454465726285338,
      0.011824949914632373,
      0.1444298315270111,
      0.07301100948161197,
      0.06098975731612628,
      0.10489178618828313,
      0.005551836059347823,
      0.128191760874645,
      0.034382694380458656,
      0.013414672494432971,
      0.31181016828779207,
      0.054116605012229736,
      0.013471358779801887,
      0.005386094536799628,
      0.0032704493390025347
    ],
    [
      0.00437406465794683,
      0.012013611593199344,
      0.006531773785053283,
      0.005834866106839813,
      0.018553573263241387,
      0.002171464454512781,
      0.05464207257499458,
      0.04050901531432258,
      0.07462714459038197,
      0.06329306319435857,
      0.0031738057611412863,
      0.09127158172965046,
      0.1034185846745559,
      0.0017626313687544423,
      0.0034486972014020844,
      0.46208836949075816,
      0.013806597869552382,
      0.01641800661035123,
      0.02206107575898294
    ],
    [
      0.0027164317872887733,
      0.04543736118929116,
      0.003242903428675335,
      0.0051663914523927875,
      0.0017053357587851425,
      0.0031708717141498547,
      0.06077204223010466,
      0.06994088298940346,
      0.024745978570877507,
      0.006187283529080179,
      0.004686928082936964,
      0.044438550120374946,
      0.027903200517008682,
      0.013161164603029067,
      0.004546554021084247,
      0.06494310470318744,
      0.5347735073614228,
      0.0015604860277616175,
      0.08090102191314545
    ],
    [
      0.002838870452032554,
      0.0027717345652392557,
      0.0018346088535050186,
      0.0036918117945168704,
      0.027360150273033366,
      0.00765470514930695,
      0.094650795896843,
      0.008766275918571147,
      0.07903310095266566,
      0.05972100670714679,
      0.0027264416876218874,
      0.054733092272967694,
      0.006078329351609723,
      0.0015212434782928411,
      0.005286873569264511,
      0.04048725245034549,
      0.04786657772560805,
      0.48423954193920704,
      0.06873758696222204
    ],
    [
      0.0009822294337039664,
      0.03272171317852034,
      0.0013219118112959476,
      0.001094101654875832,
      0.0164566985935013,
      0.003392558293397236,
      0.0763711723851615,
      0.016736624746622804,
      0.03922081191039412,
      0.028612598120041532,
      0.001472053978446109,
      0.04845436544499468,
      0.0001762987834883166,
      0.00013711151551971937,
      0.022295832617599935,
      0.027689142126835743,
      0.0822020140569476,
      0.026942411089069286,
      0.573720350259584
    ]
  ]
}