{
  "poids_LS": 0.4125,
  "poids_EM": 0.5875,
  "mae_validation": 7.354565380561011,
  "matrice_de_transition": [
    [
      0.2231489935748052,
      0.0034482334601794763,
      0.012496617792022746,
      0.07018755168414638,
      0.008062857602679167,
      0.049086289988719514,
      0.0865027719681966,
      0.052652267680268636,
      0.06005052445271698,
      0.05201693893327522,
      0.019780482869584882,
      0.16944510694025386,
      0.029139610094317165,
      0.04736921933501642,
      0.008872369983801871,
      0.04419300658935142,
      0.04389811878985839,
      0.007461572146081364,
      0.0121874661147248
    ],
    [
      0.008416023206199585,
      0.5080693079466956,
      0.002887548715791852,
      0.015303532262011869,
      0.05046279406162432,
      0.01003047375788253,
      0.03765066810538702,
      0.021844489427413013,
      0.058674134073189235,
      0.013270024150735096,
      0.003347631073650084,
      0.02028184784194737,
      0.013016271339159594,
      0.00021248831119820896,
      0.02890218161884181,
      0.06401240032157131,
      0.07998131231983088,
      0.012947515873101917,
      0.05068935559376871
    ],
    [
      0.02717638140275615,
      0.023186057275354825,
      0.3157519061921188,
      0.020551545432923438,
      0.02342749882401106,
      0.017922125754308477,
      0.05764841703937703,
      0.16999643180433274,
      0.011043565408104679,
      0.03360238944005589,
      0.00809431974866239,
      0.10481253306420382,
      0.026283513108593722,
      0.03938713447816353,
      0.024056422385099648,
      0.02696446559729529,
      0.06316000346455954,
      0.0010213641652415274,
      0.005913925414837334
    ],
    [
      0.026565343183644875,
      0.020332422981107996,
      0.03001339739431025,
      0.17267964913216177,
      0.014561939366743938,
      0.03739951122827475,
      0.07451022668274211,
      0.04245656156082295,
      0.0707641182260192,
      0.07593462508998242,
      0.03846127939125985,
      0.08722615875978887,
      0.06108118283186735,
      0.0446646307993605,
      0.0740103308723551,
      0.05833147923107074,
      0.028371416367685302,
      0.0257423419094344,
      0.016893384991367725
    ],
    [
      0.008390277906843038,
      0.06533429256402586,
      0.01230040654669664,
      0.0321547426632375,
      0.3630670910605692,
      0.019602891024398227,
      0.06353065022287813,
      0.031690222279826756,
      0.10343980280909543,
      0.024557766349180193,
      0.003056497532158964,
      0.022713282195261347,
      0.01818727981535926,
      0.0038775842448309553,
      0.0005337480117903525,
      0.012790886478005825,
      0.03844555627484793,
      0.07753338170085722,
      0.09879364032013724
    ],
    [
      0.021939167864506125,
      0.009012364498456231,
      0.03993884633802153,
      0.01704881725574858,
      0.015470390684273251,
      0.31134906886264785,
      0.03305938626429872,
      0.016070134416129207,
      0.0400111903902247,
      0.05730062059159381,
      0.01902649189171471,
      0.08622283384733043,
      0.04042514802544014,
      0.053120497904943914,
      0.05326985246651339,
      0.057969292550201376,
      0.05775133738020268,
      0.05564204448790564,
      0.015372514279847684
    ],
    [
      0.019891751412834707,
      0.00940460167303299,
      0.05023762910744594,
      0.008836921104049706,
      0.024243060365110487,
      0.04243430765448558,
      0.23688697741593673,
      0.04561247632984954,
      0.05854108851701309,
      0.0364439628161688,
      0.05881859290114385,
      0.061354302217428075,
      0.08305777268449971,
      0.013267865927927894,
      0.06753129121157118,
      0.09240706240756542,
      0.04192646057216433,
      0.031294402832355364,
      0.017809472849416592
    ],
    [
      0.01353333822650402,
      0.027127521719115227,
      0.050436353372197075,
      0.027209853741594882,
      0.026972686758246198,
      0.024431289708066725,
      0.021663589209831493,
      0.3997170308948037,
      0.006819241624179352,
      0.04399235354530176,
      0.07265293643797492,
      0.06844590048454229,
      0.011592474136515993,
      0.04114783998635174,
      0.009816053297985168,
      0.046715540350648,
      0.033873593773839014,
      0.035149146458839674,
      0.038703256273462744
    ],
    [
      0.006026912531981734,
      0.012534980010599255,
      0.020150419263279852,
      0.02641319714705597,
      0.046077616755923936,
      0.00829893030232614,
      0.06836780425300616,
      0.03700774654761031,
      0.3629629204017004,
      0.05546274334583974,
      0.0018287160718057586,
      0.03582625492316939,
      0.07552906861035763,
      0.01749215463112374,
      0.025559319501549146,
      0.05146815287266936,
      0.056113830089816144,
      0.03619183973376794,
      0.05668739300641735
    ],
    [
      0.013842538422183834,
      0.008450372573074941,
      0.00996538878337884,
      0.014317906668291048,
      0.011862075442700308,
      0.05395670237664719,
      0.0643235529348512,
      0.0691950784370225,
      0.031710182340759605,
      0.3692702733983099,
      0.04079930881486004,
      0.0600228503626699,
      0.04952778464385698,
      0.005745556690128436,
      0.06764303518537507,
      0.04816700661866055,
      0.060233965334210174,
      0.017315375158003805,
      0.003651045815015601
    ],
    [
      0.02070981894782351,
      0.007443164132476235,
      0.012929243151498366,
      0.04004339369608465,
      0.016599409773078895,
      0.013665729494067975,
      0.03857390076709795,
      0.10784027001938801,
      0.010535063661076996,
      0.014223482197790774,
      0.49748953715232036,
      0.11260458423780023,
      0.006807736147558761,
      0.03659940723760224,
      0.0113535749727999,
      0.03205131116360097,
      0.013795293693206407,
      0.0014648167545595865,
      0.0052702628001683035
    ],
    [
      0.051376819537525965,
      0.00016670749817951954,
      0.034225855496859095,
      0.025218235167765033,
      0.005618995156188515,
      0.004834234307206472,
      0.05792958178483029,
      0.050813661688828685,
      0.032096958985409006,
      0.06850448207500986,
      0.052844552963177395,
      0.4377709900216637,
      0.06104859074324103,
      0.03605426463986865,
      0.023008325501410506,
      0.023302727009562145,
      0.026157970267834715,
      0.005839945226832976,
      0.00318710192860654
    ],
    [
      0.04724760983567345,
      0.02358265052894122,
      0.042516759081659444,
      0.00038745686706165766,
      0.03457080939265516,
      0.018509037655392326,
      0.0795904647720188,
      0.04380509624081831,
      0.10433538964010919,
      0.03946639517551109,
      0.0468629430878507,
      0.04518585104355216,
      0.32080199150697963,
      0.06030158307203174,
      0.03171270222315367,
      0.03151756882030316,
      0.008432792414586263,
      0.018238906020543642,
      0.002933992621158514
    ],
    [
      0.02056147001742295,
      0.004392701302719177,
      0.012499260526590943,
      0.02659502686512348,
      0.008269829006019276,
      0.02186981535769887,
      0.04028256152516013,
      0.03515443572628933,
      0.02106678853122735,
      0.02623075064467064,
      0.008863485065597356,
      0.04515440562214653,
      0.02092079183987427,
      0.6482481256460578,
      0.01926871517834701,
      0.023041064517170223,
      0.011869301787911766,
      0.0034691158009283085,
      0.002242355039044444
    ],
    [
      0.036290716512811586,
      0.0018323671527058776,
      0.015130362700088721,
      0.05939485741304587,
      0.0302034387185699,
      0.04791143499894151,
      0.09392127420415784,
      0.062427830942780545,
      0.042491548991177505,
      0.0902841804873917,
      0.022494508171495488,
      0.09362424908931878,
      0.053846709801556855,
      0.05435255234813358,
      0.21221365556413377,
      0.03717734065779105,
      0.01132904447325283,
      0.021822969243929527,
      0.013250958528717166
    ],
    [
      0.017722503355474224,
      0.04867584007589389,
      0.02646494550840554,
      0.02364126784667855,
      0.046782633552443366,
      0.008798174945008681,
      0.040583482224077864,
      0.02605048741152459,
      0.08770247238212629,
      0.054840602537691116,
      0.012859385411520728,
      0.058007804333269006,
      0.0932455193761768,
      0.007141696063056792,
      0.010428362196641937,
      0.28486272821212655,
      0.029589765757871096,
      0.06652123367987135,
      0.0560810951301416
    ],
    [
      0.011006232241601063,
      0.07337362931560683,
      0.013139350098943167,
      0.008457257589491687,
      0.0069095500571466975,
      0.01284749746250372,
      0.049463630971697786,
      0.04750658724704939,
      0.047050835958642394,
      0.025069166022997275,
      0.018990139646382524,
      0.025634446598181242,
      0.020057360617941115,
      0.019453321641882394,
      0.018421382671634446,
      0.09044520136549063,
      0.3985566928862945,
      0.006322658905585864,
      0.10729505870092737
    ],
    [
      0.011502319934959485,
      0.011230303841917673,
      0.007433328975408264,
      0.014958202960542491,
      0.11085578127866966,
      0.03101475362219195,
      0.05636498101341339,
      0.014309433553478114,
      0.12147871643285048,
      0.04337189705846269,
      0.011046789596399025,
      0.03349449915624896,
      0.024627713752211806,
      0.00616365892066927,
      0.01781414666822612,
      0.04921097803685802,
      0.0930355437447096,
      0.2666408360398525,
      0.07544611541293038
    ],
    [
      0.003979722705524691,
      0.11146988692627144,
      0.005356021994043925,
      0.004432998084410698,
      0.06667800292194491,
      0.013745710326695696,
      0.04609182629306912,
      0.009525730214312076,
      0.02955124832452717,
      0.02058843569701168,
      0.005964356636807509,
      0.028477859628239205,
      0.0007143140365474896,
      0.0005555380370195526,
      0.020790045964448924,
      0.05637474174873434,
      0.10402223409753245,
      0.07451969139481426,
      0.3971616349680448
    ]
  ]
}