{
  "poids_LS": 0.0375,
  "poids_EM": 0.9625,
  "mae_validation": 8.388343915382851,
  "matrice_de_transition": [
    [
      0.1440369817044109,
      0.005649233541145099,
      0.02047318234012237,
      0.10327900175863385,
      0.013209362455453103,
      0.0804179644496043,
      0.044681294344815284,
      0.0315245121904785,
      0.04182058504674295,
      0.041467743693066446,
      0.032406322999107146,
      0.19672159772422115,
      0.047739361218349395,
      0.07760489125098435,
      0.014535584867079662,
      0.04819428634035337,
      0.0240471164992179,
      0.01222427777123968,
      0.01996669980497467
    ],
    [
      0.013787952912284428,
      0.39544748386432604,
      0.004730664917361119,
      0.025071744344147103,
      0.08267308814351218,
      0.01643290381610542,
      0.022616549416885623,
      0.033575542695312974,
      0.06078601760385904,
      0.011787240033436562,
      0.005484416865341627,
      0.004549377538344009,
      0.0183339628984012,
      0.00034811914813323596,
      0.02823109326247285,
      0.07977822305476656,
      0.1035973507075651,
      0.017285294509597173,
      0.07548297426814772
    ],
    [
      0.044523007830047305,
      0.037985668302177054,
      0.18883323533088925,
      0.026411331701177723,
      0.015710562188919298,
      0.025695993368930473,
      0.04193566796021244,
      0.1655266079244517,
      0.0031273778903453497,
      0.05109086488479673,
      0.01326090682227668,
      0.1292784184287797,
      0.04306022360344078,
      0.06452785861316153,
      0.03941158560963134,
      0.031060614893302942,
      0.06719800448435165,
      0.001673298738799949,
      0.009688771424307973
    ],
    [
      0.043521945215758626,
      0.0333105653094748,
      0.04917088509280615,
      0.09623437600088668,
      0.023856794281686876,
      0.06127153967185438,
      0.033651887321670765,
      0.0071795561812188925,
      0.04299075055007017,
      0.06077095998195681,
      0.06301103219419167,
      0.060382395758908435,
      0.07709739242861902,
      0.07317396960746295,
      0.11258108884308513,
      0.05689778629873041,
      0.03504705459434686,
      0.042173623979286146,
      0.027676396687985425
    ],
    [
      0.01374577444312583,
      0.10703703249851046,
      0.020151729874375347,
      0.05267904649083591,
      0.24364329823437575,
      0.03211537465699284,
      0.03532866511653576,
      0.024000215447062198,
      0.11804361852012052,
      0.008168192821289215,
      0.005007453403749792,
      0.006586609862599068,
      0.029796181825163044,
      0.006352638018127309,
      0.0008744382320820668,
      0.020955282102264862,
      0.04640863021384726,
      0.09820191561390726,
      0.1309039026250356
    ],
    [
      0.03594289203333982,
      0.01476493758257723,
      0.06543172697931186,
      0.027931041036013626,
      0.025345108142320008,
      0.1411355565928766,
      0.005444742956580151,
      0.02376737986904252,
      0.04094548752305209,
      0.049445446092935746,
      0.031171061184298566,
      0.08484842917750082,
      0.06622843399912533,
      0.08702719869533365,
      0.0715141558268513,
      0.07257747704190426,
      0.058910566861149045,
      0.082858603464597,
      0.014709754941190365
    ],
    [
      0.03258861401677175,
      0.015407538911139154,
      0.08230420087815611,
      0.014477509042804836,
      0.03132067686780941,
      0.06952003594458277,
      0.027412493464258565,
      0.0570585028616223,
      0.0751577713512658,
      0.0061754514152900005,
      0.09237890983869615,
      0.038978368194682825,
      0.09327946650966269,
      0.021736716520222295,
      0.10119933721909,
      0.10676849733335238,
      0.05378913457747714,
      0.051269553576411976,
      0.029177221476703777
    ],
    [
      0.022171639222144882,
      0.04444296111429516,
      0.08262977041828032,
      0.043489066950725803,
      0.04418929532733952,
      0.040025729947258254,
      0.030604461577100332,
      0.15195999517882064,
      0.010513411941320848,
      0.05567470366693146,
      0.11902715118561848,
      0.08831842087880218,
      0.007801355381502039,
      0.06402684905629204,
      0.002714587347781872,
      0.059835484112332624,
      0.02369684673243522,
      0.05758477185809904,
      0.05129349810291931
    ],
    [
      0.009873877977927523,
      0.020536031081194523,
      0.033012389005798906,
      0.04327268468773,
      0.07548886149374773,
      0.0135961198570024,
      0.03220775434400286,
      0.03379114814070744,
      0.24755540703837836,
      0.034290882669716506,
      0.002995981649554115,
      0.007615679541209661,
      0.09500097452428012,
      0.028657359714819742,
      0.04187377875785711,
      0.05877507285867027,
      0.07556496829496599,
      0.05929301403191768,
      0.08659801433051911
    ],
    [
      0.018101026269364717,
      0.013844227406952563,
      0.016326275240854695,
      0.012778584924251234,
      0.019433612959317524,
      0.08839715070216667,
      0.048677308926334976,
      0.08742145958872809,
      0.04447302373173976,
      0.21109226374357778,
      0.06684142082434516,
      0.05771946691147658,
      0.07793960395363769,
      0.00517930796357384,
      0.11081944062284853,
      0.05753315302225895,
      0.02907343033787987,
      0.028367742280133893,
      0.005981500590557473
    ],
    [
      0.01942873216605691,
      0.012194119961716385,
      0.02118195154607179,
      0.05483665323136019,
      0.004609687457849273,
      0.022388535554111362,
      0.03826761347717691,
      0.09275004222908574,
      0.017259572380913378,
      0.023302300621912544,
      0.44416799126646367,
      0.12935701681952813,
      0.011153099646000524,
      0.05996073100628451,
      0.018600537721395582,
      0.012387201869505982,
      0.007120146540012994,
      0.0023998061723635783,
      0.008634260332190623
    ],
    [
      0.08417053413594679,
      0.00027311653957070225,
      0.05607214623953512,
      0.04131498101952995,
      0.009205587809074801,
      0.007919915779891453,
      0.05031974282903215,
      0.02516804925742145,
      0.0044817202380540225,
      0.06299944734955526,
      0.08657511868435445,
      0.3597003878548968,
      0.07561191488870782,
      0.05906762504829544,
      0.03769449071507679,
      0.020292794619948838,
      0.008224981739087856,
      0.005686022943452219,
      0.005221422308568161
    ],
    [
      0.07740565866695437,
      0.038635406185712214,
      0.06965511594229312,
      0.0006347697609308008,
      0.05663728347307335,
      0.030323317009898067,
      0.073586019846035,
      0.02959306895403048,
      0.11967944970096449,
      0.022817903170942476,
      0.07677545995243626,
      0.02879633884884757,
      0.13747917288596084,
      0.09879195524566903,
      0.05195485257835815,
      0.04195827079299573,
      0.011863981455972636,
      0.02860522166021911,
      0.004806753868706501
    ],
    [
      0.03368581258173547,
      0.007196553198071843,
      0.020477511926542607,
      0.04346061831907744,
      0.00874295689878522,
      0.029152423041899297,
      0.019932640956868853,
      0.035085542744143494,
      0.018401713065600105,
      0.029013790159980173,
      0.014521028724489286,
      0.04303685345609576,
      0.03427448875894295,
      0.61566655249257,
      0.01929253563710239,
      0.014311212418179158,
      0.004390675094854189,
      0.005683445035563399,
      0.0036736454894983448
    ],
    [
      0.05945500364864877,
      0.003001963207624523,
      0.02478804101929429,
      0.097306468527756,
      0.049482229389997495,
      0.07849320201954246,
      0.05111741206614658,
      0.053459035570889504,
      0.026815101258170077,
      0.07790485362222946,
      0.03685270487670537,
      0.06432974757633046,
      0.07034163812452142,
      0.08904567086821885,
      0.1278098312220505,
      0.022822031882842996,
      0.00951352387448244,
      0.03575252408048029,
      0.021709017164068548
    ],
    [
      0.029034739539819474,
      0.07974552523071977,
      0.0433574639180261,
      0.038731438812643584,
      0.07070556600091961,
      0.014414031292886561,
      0.028669422604656918,
      0.013797497663390704,
      0.09878325864631639,
      0.04767750028627802,
      0.021067503759299916,
      0.029818162471928783,
      0.08462427759788943,
      0.011700225465007935,
      0.016343332531590968,
      0.13467150678955742,
      0.04296533176492085,
      0.1089815956031935,
      0.08491162002095404
    ],
    [
      0.018031486863899614,
      0.0970484328124845,
      0.02152616931103455,
      0.011246127197202622,
      0.0113199011574531,
      0.02104802775771886,
      0.03988023160016654,
      0.028494472211156113,
      0.06595325747369739,
      0.04107076135682532,
      0.03111150537811605,
      0.009698765647169632,
      0.013408343754324535,
      0.02478565811548691,
      0.030179712036507496,
      0.11205714768947639,
      0.28311871451754167,
      0.010358398632555565,
      0.12966288648718324
    ],
    [
      0.018844226276422987,
      0.018398582889950228,
      0.012178007044817795,
      0.024505992084293018,
      0.18161479060548008,
      0.050811404870399576,
      0.023919375179998453,
      0.019007024769500967,
      0.15744957700927828,
      0.029516719390086335,
      0.01809793189197287,
      0.015495691430216136,
      0.04034753104085764,
      0.010097909295564547,
      0.028430479802939345,
      0.05660396582203813,
      0.13131432850666006,
      0.08223515307429784,
      0.08113130901522558
    ],
    [
      0.006519971240965984,
      0.1782056273904673,
      0.008774759437050686,
      0.007262571329779229,
      0.10923843031893102,
      0.022519567982033376,
      0.020431363503160323,
      0.0034148026445572255,
      0.021356702912775517,
      0.013788298050376211,
      0.009771392787961238,
      0.011548617410649827,
      0.0011702591662586532,
      0.0009101367840533096,
      0.01951395558042264,
      0.08068457193678401,
      0.12251394599633318,
      0.1148394204674795,
      0.24753560505996075
    ]
  ]
}