{
  "poids_LS": 0.5675,
  "poids_EM": 0.4325,
  "mae_validation": 6.9347294628461915,
  "matrice_de_transition": [
    [
      0.2558486251479015,
      0.0025384867600470188,
      0.009199637778808233,
      0.05650975232002489,
      0.005935635596865939,
      0.03613586454488713,
      0.1037889827191942,
      0.061385073282715225,
      0.06758556607385292,
      0.05637727296589485,
      0.014561802282715678,
      0.1581708240828807,
      0.02145171296305051,
      0.034871808276416345,
      0.006531574498713718,
      0.042539144292270625,
      0.052103199736656454,
      0.005492987154349259,
      0.008972049522754853
    ],
    [
      0.0061956255943511835,
      0.5546196619007417,
      0.002125727352476555,
      0.01126600460139597,
      0.03714920584111067,
      0.007384136000483735,
      0.043864770496634266,
      0.01699565407668103,
      0.05780122221384571,
      0.013882908252551826,
      0.0024644262797509126,
      0.02678460223410343,
      0.010818292161339728,
      0.00015642756526506446,
      0.029179564806140985,
      0.05749586025851727,
      0.07022001645290074,
      0.01115456737001721,
      0.04044132654169205
    ],
    [
      0.020006442479475802,
      0.017068884717601634,
      0.368211623481427,
      0.018129500442045,
      0.02661716596651565,
      0.01470892714026472,
      0.0641430199920984,
      0.1718439590080169,
      0.01431558958211187,
      0.026373819589563013,
      0.005958797091568482,
      0.09469996711351245,
      0.01934913943739027,
      0.028995635169031024,
      0.01770962158562655,
      0.02527139055494546,
      0.06149096304304546,
      0.0007518978748373797,
      0.004353655730922804
    ],
    [
      0.019556614343704523,
      0.014968124152049716,
      0.022094969145598605,
      0.20427702869308884,
      0.010720066001900857,
      0.02753240613826184,
      0.09139834028531828,
      0.05703772378439262,
      0.08224377686541148,
      0.08220227333463301,
      0.028314048232714696,
      0.09832158080015278,
      0.05446114953187666,
      0.03288077075867815,
      0.05806775091112005,
      0.0589240723097714,
      0.02561215256733186,
      0.018950745320562346,
      0.01243640682343241
    ],
    [
      0.006176672671846152,
      0.04809716005777223,
      0.009055192904589442,
      0.02367136374783016,
      0.4124289254287292,
      0.01443106445625912,
      0.07518747073349963,
      0.03486875843736944,
      0.09740355898187172,
      0.03133212340737514,
      0.002250102438568088,
      0.02937897342609509,
      0.01338893365130703,
      0.002854562018535129,
      0.00039292938740311055,
      0.009416269619978756,
      0.035154152380061546,
      0.0689903876834632,
      0.08552139856744592
    ],
    [
      0.01615096187472153,
      0.0066346342903528845,
      0.029401789006288186,
      0.012550831426572357,
      0.011388840801613925,
      0.3817039872674867,
      0.04447343883148906,
      0.012888606295591704,
      0.03962501424198938,
      0.06054742605103915,
      0.014006736584113381,
      0.08679092111086,
      0.02975978982298359,
      0.039105728244916156,
      0.04572887374424039,
      0.051931242960297525,
      0.057272189194744846,
      0.044392533444206544,
      0.015646454806492707
    ],
    [
      0.01464371486987406,
      0.006923387614615775,
      0.03698344610888573,
      0.006505478089364251,
      0.021317645543994932,
      0.031238873294578747,
      0.32346976411596373,
      0.04088145203005014,
      0.05167285961218864,
      0.04895494752853204,
      0.04494699523362223,
      0.0706030216134961,
      0.07883280590343233,
      0.009767407683112876,
      0.05361516552846341,
      0.08647100263824015,
      0.0370232219833017,
      0.023038007191478627,
      0.013110803416804553
    ],
    [
      0.009962840481639128,
      0.01997047343577419,
      0.037129740993149335,
      0.02048111228182077,
      0.019856488549687627,
      0.01798558774253423,
      0.01796802863136037,
      0.5021232723240767,
      0.005292317893094199,
      0.03916364882836148,
      0.05348492767561557,
      0.06023192538824819,
      0.013159469888588429,
      0.03169118290410976,
      0.012751325890735864,
      0.04129263026248502,
      0.038079982550952574,
      0.0258757546271458,
      0.03349928965062069
    ],
    [
      0.004436833480990809,
      0.009227878901419876,
      0.014834138436371975,
      0.019444608963577373,
      0.03392096893095677,
      0.006109425286393286,
      0.08331395821539421,
      0.03833727388913018,
      0.4106646925918736,
      0.06421377909197068,
      0.0013462462996697711,
      0.04748662608104608,
      0.06748068083260302,
      0.01287720319652939,
      0.01881600967560852,
      0.048447959278455646,
      0.04807402629835421,
      0.026643354357199375,
      0.04432433619245529
    ],
    [
      0.012082363445349069,
      0.006220912575072191,
      0.007336222380955486,
      0.014954159655827505,
      0.008732506602498524,
      0.039721317068765805,
      0.07079066712503793,
      0.06166150756098418,
      0.02643487456582114,
      0.43465051738893257,
      0.030035235850939514,
      0.06097491552249647,
      0.03778423266248095,
      0.005979606163771002,
      0.04979678760455271,
      0.044295666105173215,
      0.07311365313269338,
      0.012747063414190036,
      0.0026877911744582934
    ],
    [
      0.02123933481762037,
      0.005479435723056973,
      0.009518123681741349,
      0.033928846421504094,
      0.021555161663373804,
      0.010060302989250041,
      0.038700499513598635,
      0.11407756417271295,
      0.007755600056877959,
      0.010470903915820442,
      0.5195291094518077,
      0.10568024543735269,
      0.005011652568202832,
      0.02694339341321356,
      0.008358163703380352,
      0.040179143005160234,
      0.016554354516526353,
      0.00107835446186727,
      0.0038798104869324102
    ],
    [
      0.03782208417017869,
      0.00012272509440449736,
      0.025196055323219675,
      0.018564913549035535,
      0.004136536859662183,
      0.0035588192984966787,
      0.06107498188656019,
      0.06141384816047702,
      0.043511257667649066,
      0.07077989642819776,
      0.038902585798424205,
      0.470040172250594,
      0.055029083429781425,
      0.026542075671052236,
      0.016938043879761777,
      0.024546832397268976,
      0.03357027219305008,
      0.005903566437297022,
      0.0023462495048890697
    ],
    [
      0.03478228298541067,
      0.017360844857475875,
      0.031299571579264183,
      0.00028523420426241177,
      0.025450000106082307,
      0.013625802188863287,
      0.0820723020080921,
      0.04967940085269062,
      0.097993178148289,
      0.04634777187073278,
      0.03449910278382201,
      0.05196018275069672,
      0.39657542320366745,
      0.04439222924026166,
      0.023345946743002492,
      0.027202078671590232,
      0.007014567610813228,
      0.01395416222281112,
      0.002159917972172012
    ],
    [
      0.015136741757507106,
      0.003233775852640075,
      0.009201583281277587,
      0.019623915730822512,
      0.008074269477009354,
      0.018859670848229364,
      0.04869386202672053,
      0.03518291149224294,
      0.022168353057019946,
      0.025080427645009368,
      0.006525033686588692,
      0.046029660517447515,
      0.015401263779992546,
      0.6617151758828328,
      0.019258869388728117,
      0.0266494033847532,
      0.014960467487708897,
      0.0025538597172791375,
      0.0016507549861901653
    ],
    [
      0.02671614449666555,
      0.0013489341166728374,
      0.01113852232815042,
      0.04372472481896568,
      0.022234871907713158,
      0.035270971297093105,
      0.11161353722120249,
      0.06613493302982884,
      0.04897114738748725,
      0.09540096892499209,
      0.0165597868666754,
      0.10573264304802063,
      0.04702880609473149,
      0.04001273002649834,
      0.24710056962552818,
      0.04311086828476957,
      0.012079459654077923,
      0.016065419911488545,
      0.009754960959438593
    ],
    [
      0.013046779065944853,
      0.03583370354523252,
      0.019482704565762374,
      0.01740399718074634,
      0.03689448814040651,
      0.006476954321219156,
      0.04550796020010519,
      0.03111505650741993,
      0.08312241405959439,
      0.0578013514682752,
      0.009466696494438664,
      0.06965952296928962,
      0.09680896597786892,
      0.005257503910250319,
      0.007983507791529672,
      0.3469417664001218,
      0.024061198474957194,
      0.04897095075156487,
      0.04416447817527246
    ],
    [
      0.008102460331050994,
      0.06358804387023072,
      0.009672798157945394,
      0.007304524818304502,
      0.005086604935686717,
      0.009457944940481463,
      0.05342476937859737,
      0.05536492812855195,
      0.039237835065753,
      0.018455173285015013,
      0.013979975143932667,
      0.032221194724599375,
      0.0228056209215693,
      0.01724928923279253,
      0.013561273200820251,
      0.08151226355157652,
      0.44627105727871236,
      0.004654553151771721,
      0.09804968988260827
    ],
    [
      0.008467665313821237,
      0.008267415168730882,
      0.005472195373385658,
      0.01101178345605894,
      0.08160872409025469,
      0.022832137772932797,
      0.06977583142455823,
      0.012367762517522002,
      0.10661076072792698,
      0.049098703828058254,
      0.008132317447561835,
      0.04093400634967587,
      0.01813018927290486,
      0.0045375020990458875,
      0.013426062305877983,
      0.046155209752316906,
      0.0772136460431034,
      0.3428618516656151,
      0.07309623539064837
    ],
    [
      0.002929753310875624,
      0.08388578086773715,
      0.0039429438509344635,
      0.003263441142991705,
      0.049086359597857315,
      0.010119182495822788,
      0.05669815091289809,
      0.012051580276477417,
      0.032938327094717855,
      0.023399159257621007,
      0.0043907816943306345,
      0.03547527974484282,
      0.0005258567162668752,
      0.00040897055491226635,
      0.02131749665651312,
      0.04632667860434048,
      0.0963789931793615,
      0.05785420337811263,
      0.45900706066338626
    ]
  ]
}