{
  "poids_LS": 0.28,
  "poids_EM": 0.72,
  "mae_validation": 7.71718928480346,
  "matrice_de_transition": [
    [
      0.19519608271393254,
      0.004225920155453996,
      0.015315003932351278,
      0.08187986404379861,
      0.009881289317325957,
      0.0601568149648988,
      0.07172584987460187,
      0.045187127407209454,
      0.05360927919593949,
      0.04828955661506812,
      0.024241613048682747,
      0.179082800350589,
      0.035711522158141884,
      0.05805249007865842,
      0.010873372575893357,
      0.04560679210137211,
      0.03688409798049875,
      0.009144394800303967,
      0.014936128685279753
    ],
    [
      0.010314105035682895,
      0.46827626343759177,
      0.0035387831070129933,
      0.01875496719769965,
      0.06184376463722469,
      0.012292665711787951,
      0.032338612835449865,
      0.025989461582071,
      0.05942033292069256,
      0.01274610709595628,
      0.004102628720047762,
      0.01472304166800752,
      0.01489518902342496,
      0.0002604112069152518,
      0.02866506373292478,
      0.06958299102063363,
      0.08832564588349696,
      0.014480197657996905,
      0.05944976752538263
    ],
    [
      0.033305522740399024,
      0.028415253171498674,
      0.27090730915448435,
      0.022622003247706617,
      0.020700847879611968,
      0.020668892311474913,
      0.05209657903140555,
      0.16841709403344143,
      0.00824651248516305,
      0.03978165076386432,
      0.009919847181339439,
      0.11345714589302064,
      0.03221128415010635,
      0.048270190339196155,
      0.029481913391100845,
      0.02841177168188466,
      0.06458676382488608,
      0.0012517143812321697,
      0.007247704338183626
    ],
    [
      0.0325566759016584,
      0.024918033270464265,
      0.03678237638111213,
      0.14566898595911124,
      0.01784612143669044,
      0.045834294611672884,
      0.06007361344183024,
      0.029992019660029515,
      0.060950861647183885,
      0.07057679675181337,
      0.04713552538162909,
      0.07774136249947779,
      0.06674024355605293,
      0.0547379305115567,
      0.08763866535534638,
      0.05782490772831048,
      0.030730141874439048,
      0.03154806157411535,
      0.020703382457505977
    ],
    [
      0.010282553349662958,
      0.08006926067421041,
      0.015074540789143115,
      0.039406663348988936,
      0.32087068426198084,
      0.024023968574581653,
      0.05356594881863716,
      0.028973086532249948,
      0.10859981769365762,
      0.018766783702658718,
      0.0037458352734543897,
      0.01701519130438734,
      0.02228909185882326,
      0.004752103244729001,
      0.0006541252229600916,
      0.01567563959857735,
      0.04125917573329436,
      0.08483626368346822,
      0.11013926633453465
    ],
    [
      0.026887150404160697,
      0.011044940321512316,
      0.048946330831277446,
      0.020893869658108893,
      0.01895945751944977,
      0.2512069611939954,
      0.023302212295571494,
      0.01878982780949191,
      0.04034130871049038,
      0.054525125602067966,
      0.023317573041761002,
      0.08573721086399064,
      0.04954230906947557,
      0.06510086551754829,
      0.05971617298716612,
      0.06313085107060307,
      0.05816093179680373,
      0.06525856199300326,
      0.015138339313522098
    ],
    [
      0.02437797619955913,
      0.011525639497163833,
      0.06156781779976353,
      0.010829928842409851,
      0.02674381819606411,
      0.05200459831698658,
      0.16287265975301046,
      0.04965673903774258,
      0.06441231645178239,
      0.025749088787858292,
      0.07067657155241232,
      0.05344813886272476,
      0.0866694378360573,
      0.01626019313720525,
      0.07942733413422784,
      0.09748143608134348,
      0.046117938720708185,
      0.0383522894285887,
      0.021826077364391395
    ],
    [
      0.016585537911630456,
      0.03324564363874547,
      0.061811360728479814,
      0.032961842408821135,
      0.03305588845265917,
      0.029941325259247732,
      0.02482269744626648,
      0.31217621160848974,
      0.008124515136236014,
      0.04812011725494425,
      0.08903849231547564,
      0.07546752435718077,
      0.010252945509744395,
      0.04923175652439731,
      0.00730686866224667,
      0.051351253813109905,
      0.03027780981920967,
      0.04307640076657798,
      0.04315180838653739
    ],
    [
      0.0073861736562159126,
      0.015362018055542916,
      0.024694981905636584,
      0.03237021607809412,
      0.05646958989662167,
      0.010170603944978417,
      0.055591253285158335,
      0.03587121511050463,
      0.32218559901332666,
      0.0479820192402762,
      0.0022411499092768444,
      0.025858518288210286,
      0.08240914203327691,
      0.021437193760696326,
      0.03132376177211129,
      0.054049931267723006,
      0.06298656558896909,
      0.04435425465244751,
      0.0672558125409333
    ],
    [
      0.015347204128187747,
      0.010356201281045033,
      0.012212901998353641,
      0.01377401298539698,
      0.014537352031905057,
      0.0661256607849974,
      0.058795213385175474,
      0.07563506644395845,
      0.03621971963223926,
      0.3133807099869713,
      0.050000855058211446,
      0.05920898820991493,
      0.05956662746664616,
      0.005545482140079145,
      0.08289869843994901,
      0.05147637834793198,
      0.0492239096355068,
      0.02122054487448977,
      0.004474473169040396
    ],
    [
      0.020257168284932642,
      0.009121835192141088,
      0.015845200117580976,
      0.04527034539854867,
      0.012363041221697763,
      0.016747787635283305,
      0.03846567925799251,
      0.10250838953348121,
      0.01291105674208585,
      0.0174313313743138,
      0.4786492576059843,
      0.11852377708334408,
      0.008343097917008184,
      0.04485374163586997,
      0.013914168477303706,
      0.02510332587968741,
      0.01143674169907807,
      0.0017951796821836636,
      0.006458875261482856
    ],
    [
      0.06296393202896798,
      0.00020430535947107075,
      0.041944878225937954,
      0.030905752035388635,
      0.006886257893541669,
      0.005924508427555165,
      0.05524077202044828,
      0.0417522119630648,
      0.022339574628010245,
      0.06655936980534924,
      0.06476268618465995,
      0.41018604392273944,
      0.06619429860797263,
      0.044185651984179446,
      0.02819743721023926,
      0.02223921756523211,
      0.01982164765434416,
      0.005785559353371775,
      0.0039058951295263124
    ],
    [
      0.057903453756059375,
      0.028901290861000302,
      0.05210564517241667,
      0.0004748407562287549,
      0.04236763023440292,
      0.02268341636065102,
      0.07746889423150452,
      0.03878351326615328,
      0.10975695752827806,
      0.033583928000563514,
      0.057432032380004265,
      0.03939489006808987,
      0.256027928927553,
      0.07390151457338358,
      0.03886492868199259,
      0.035206616850654536,
      0.009645145875876114,
      0.02190167087989564,
      0.0035957015952921357
    ],
    [
      0.02519873772348004,
      0.0053833956390771185,
      0.015318242687907196,
      0.032554202512187214,
      0.008437000861463243,
      0.024443003406116354,
      0.03309225625769721,
      0.03513009353926447,
      0.020125128533372394,
      0.027214091273413343,
      0.010862483825072504,
      0.04440620385680859,
      0.02563909808461187,
      0.6367359697984921,
      0.019277131740440576,
      0.019956516775526713,
      0.009226853689698089,
      0.004251512130499373,
      0.002748077664871489
    ],
    [
      0.04447543130080739,
      0.0022456244254437986,
      0.018542742372874687,
      0.07279029334024345,
      0.03701527808914098,
      0.058716992679553846,
      0.07879724291539386,
      0.05925885657804571,
      0.03695253745884822,
      0.08591015166170105,
      0.027567737674002977,
      0.08327352522139625,
      0.05967491780900433,
      0.0666107875585637,
      0.18239097096326434,
      0.0321051315573094,
      0.010687560528353957,
      0.02674474528617746,
      0.016239472579874653
    ],
    [
      0.021719493473942877,
      0.059653795497265696,
      0.032433635346471465,
      0.028973128254652862,
      0.05523540301757164,
      0.010782444187925531,
      0.0363738478252158,
      0.021721097700517285,
      0.0916176835288068,
      0.05230963974219181,
      0.01575958722773604,
      0.048047464208928796,
      0.09019934728118192,
      0.008752376451746195,
      0.01251831838165726,
      0.23179516330948546,
      0.034315799080362,
      0.0815238948927785,
      0.066267880591562
    ],
    [
      0.013488488874813217,
      0.08173872655117026,
      0.016102692887215456,
      0.009442658184216217,
      0.008467874112588291,
      0.01574501816681307,
      0.046077496527090075,
      0.04078897326770044,
      0.053729691560628484,
      0.03072306304094985,
      0.023273022204928367,
      0.02000383932882381,
      0.017708041326129922,
      0.02133741386255599,
      0.022575992380556256,
      0.09808142239996559,
      0.3577686071960018,
      0.007748620275781824,
      0.1151983578520711
    ],
    [
      0.014096460175609922,
      0.013763095772222508,
      0.009109781893266297,
      0.018331755117601007,
      0.135857297907476,
      0.038009570396558646,
      0.04490086695227345,
      0.015969249116472857,
      0.1341884205031883,
      0.038476400948969716,
      0.013538193207501784,
      0.027134920426384032,
      0.0301820491942,
      0.007553760719798934,
      0.021565251042491455,
      0.05182316705428833,
      0.10656071436059877,
      0.20148416139202321,
      0.07745488381907469
    ],
    [
      0.004877277188047281,
      0.13504984855695396,
      0.0065639758905729805,
      0.005432780631107578,
      0.08171602060221334,
      0.016845806698248342,
      0.03702512944063468,
      0.00736653580633203,
      0.026655842279041587,
      0.018185720395200482,
      0.00730950941021516,
      0.02249619404469096,
      0.000875414649045434,
      0.0006808295943048134,
      0.020339160695426302,
      0.06496421508184522,
      0.11055597230177537,
      0.08876599566715597,
      0.3442937710671884
    ]
  ]
}